0.000000000000   895.636066340380
0.000000060000   873.182137174328
0.000000120000   851.755714819288
0.000000180000   831.309784832212
0.000000240000   811.799484264447
0.000000300000   793.182003218964
0.000000360000   775.416490912610
0.000000420000   758.463966037230
0.000000480000   742.287231222989
0.000000540000   726.850791416180
0.000000600000   712.120775992433
0.000000660000   698.064864434403
0.000000720000   684.652215410857
0.000000780000   671.853399101549
0.000000840000   659.640332619357
0.000000900000   647.986218388010
0.000000960000   636.865485340164
0.000001020000   626.253732806812
0.000001080000   616.127676974894
0.000001140000   606.465099795627
0.000001200000   597.244800231439
0.000001260000   588.446547734534
0.000001320000   580.051037855002
0.000001380000   572.039849881061
0.000001440000   564.395406418494
0.000001500000   557.100934820567
0.000001560000   550.140430383815
0.000001620000   543.498621228919
0.000001680000   537.160934789621
0.000001740000   531.113465836141
0.000001800000   525.342945962934
0.000001860000   519.836714473825
0.000001920000   514.582690600643
0.000001980000   509.569346994392
0.000002040000   504.785684430791
0.000002100000   500.221207674672
0.000002160000   495.865902450287
0.000002220000   491.710213466986
0.000002280000   487.745023452034
0.000002340000   483.961633144589
0.000002400000   480.351742206908
0.000002460000   476.907431010917
0.000002520000   473.621143260171
0.000002580000   470.485669409072
0.000002640000   467.494130842964
0.000002700000   464.639964784389
0.000002760000   461.916909892381
0.000002820000   459.318992523212
0.000002880000   456.840513622416
0.000002940000   454.476036219364
0.000003000000   452.220373496910


0.000003000000   440.229512739468
0.000003170000   439.059823575161
0.000003340000   437.920029070987
0.000003510000   436.809368039059
0.000003680000   435.727098781106
0.000003850000   434.672498592290
0.000004020000   433.644863277738
0.000004190000   432.643506681444
0.000004360000   431.667760227256
0.000004530000   430.716972471607
0.000004700000   429.790508667716
0.000004870000   428.887750340960
0.000005040000   428.008094875126
0.000005210000   427.150955109273
0.000005380000   426.315758944941
0.000005550000   425.501948963422
0.000005720000   424.708982052869
0.000005890000   423.936329044958
0.000006060000   423.183474360893
0.000006230000   422.449915666493
0.000006400000   421.735163536142
0.000006570000   421.038741125374
0.000006740000   420.360183851879
0.000006910000   419.699039084702
0.000007080000   419.054865841449
0.000007250000   418.427234493276
0.000007420000   417.815726477480
0.000007590000   417.219934017487
0.000007760000   416.639459850064
0.000007930000   416.073916959553
0.000008100000   415.522928318972
0.000008270000   414.986126637789
0.000008440000   414.463154116214
0.000008610000   413.953662205839
0.000008780000   413.457311376471
0.000008950000   412.973770888986
0.000009120000   412.502718574080
0.000009290000   412.043840616743
0.000009460000   411.596831346320
0.000009630000   411.161393032030
0.000009800000   410.737235683789
0.000009970000   410.324076858211
0.000010140000   409.921641469664
0.000010310000   409.529661606240
0.000010480000   409.147876350530
0.000010650000   408.776031605079
0.000010820000   408.413879922395
0.000010990000   408.061180339418
0.000011160000   407.717698216316
0.000011330000   407.383205079521
0.000011500000   407.057478468883
0.000011670000   406.740301788849
0.000011840000   406.431464163568
0.000012010000   406.130760295818
0.000012180000   405.837990329666
0.000012350000   405.552959716770
0.000012520000   405.275479086234
0.000012690000   405.005364117917
0.000012860000   404.742435419132
0.000013030000   404.486518404633
0.000013200000   404.237443179826
0.000013370000   403.995044427108
0.000013540000   403.759161295277
0.000013710000   403.529637291925
0.000013880000   403.306320178750
0.000014050000   403.089061869708
0.000014220000   402.877718331953
0.000014390000   402.672149489474
0.000014560000   402.472219129397
0.000014730000   402.277794810853
0.000014900000   402.088747776385
0.000015070000   401.904952865809
0.000015240000   401.726288432482
0.000015410000   401.552636261929
0.000015580000   401.383881492759
0.000015750000   401.219912539819
0.000015920000   401.060621019556
0.000016090000   400.905901677503
0.000016260000   400.755652317870
0.000016430000   400.609773735176
0.000016600000   400.468169647884
0.000016770000   400.330746633991
0.000016940000   400.197414068527
0.000017110000   400.068084062935
0.000017280000   399.942671406271
0.000017450000   399.821093508204
0.000017620000   399.703270343758
0.000017790000   399.589124399786
0.000017960000   399.478580623109
0.000018130000   399.371566370309
0.000018300000   399.268011359134
0.000018470000   399.167847621477
0.000018640000   399.071009457912
0.000018810000   398.977433393737
0.000018980000   398.887058136516
0.000019150000   398.799824535072
0.000019320000   398.715675539919
0.000019490000   398.634556165095
0.000019660000   398.556413451378
0.000019830000   398.481196430859
0.000020000000   398.408856092845


0.000020000000   333.384337034104
0.000020666667   333.177045354331
0.000021333333   332.982177533777
0.000022000000   332.798976427341
0.000022666667   332.626731032013
0.000023333333   332.464773674839
0.000024000000   332.312477372252
0.000024666667   332.169253350336
0.000025333333   332.034548716204
0.000026000000   331.907844271297
0.000026666667   331.788652457928
0.000027333333   331.676515430988
0.000028000000   331.571003247148
0.000028666667   331.471712164421
0.000029333333   331.378263045354
0.000030000000   331.290299857526
0.000030666667   331.207488265428
0.000031333333   331.129514308159
0.000032000000   331.056083157698
0.000032666667   330.986917952854
0.000033333333   330.921758704270
0.000034000000   330.860361266157
0.000034666667   330.802496370693
0.000035333333   330.747948721256
0.000036000000   330.696516140928
0.000036666667   330.648008772871
0.000037333333   330.602248329442
0.000038000000   330.559067387063
0.000038666667   330.518308724047
0.000039333333   330.479824698792
0.000040000000   330.443476665845
0.000040666667   330.409134427561
0.000041333333   330.376675719167
0.000042000000   330.345985725198
0.000042666667   330.316956625402
0.000043333333   330.289487168304
0.000044000000   330.263482270757
0.000044666667   330.238852641886
0.000045333333   330.215514429934
0.000046000000   330.193388890632
0.000046666667   330.172402075762
0.000047333333   330.152484540687
0.000048000000   330.133571069697
0.000048666667   330.115600418080
0.000049333333   330.098515069895
0.000050000000   330.082261010498
0.000050666667   330.066787512908
0.000051333333   330.052046937185
0.000052000000   330.037994542011
0.000052666667   330.024588307734
0.000053333333   330.011788770184
0.000054000000   329.999558864587
0.000054666667   329.987863778975
0.000055333333   329.976670816501
0.000056000000   329.965949266127
0.000056666667   329.955670281156
0.000057333333   329.945806765144
0.000058000000   329.936333264734
0.000058666667   329.927225868986
0.000059333333   329.918462114809
0.000060000000   329.910020898118
0.000060666667   329.901882390369
0.000061333333   329.894027960133
0.000062000000   329.886440099412
0.000062666667   329.879102354391
0.000063333333   329.871999260365
0.000064000000   329.865116280574
0.000064666667   329.858439748712
0.000065333333   329.851956814874
0.000066000000   329.845655394735
0.000066666667   329.839524121757
0.000067333333   329.833552302231
0.000068000000   329.827729872988
0.000068666667   329.822047361596
0.000069333333   329.816495848895
0.000070000000   329.811066933723
0.000070666667   329.805752699692
0.000071333333   329.800545683872
0.000072000000   329.795438847280
0.000072666667   329.790425547040
0.000073333333   329.785499510107
0.000074000000   329.780654808462
0.000074666667   329.775885835662
0.000075333333   329.771187284668
0.000076000000   329.766554126858
0.000076666667   329.761981592132
0.000077333333   329.757465150055
0.000078000000   329.753000491931
0.000078666667   329.748583513768
0.000079333333   329.744210300043
0.000080000000   329.739877108215
0.000080666667   329.735580353929
0.000081333333   329.731316596832
0.000082000000   329.727082526974
0.000082666667   329.722874951710
0.000083333333   329.718690783078
0.000084000000   329.714527025584
0.000084666667   329.710380764355
0.000085333333   329.706249153610
0.000086000000   329.702129405407
0.000086666667   329.698018778613
0.000087333333   329.693914568068
0.000088000000   329.689814093879
0.000088666667   329.685714690828
0.000089333333   329.681613697825
0.000090000000   329.677508447389
0.000090666667   329.673396255092
0.000091333333   329.669274408949
0.000092000000   329.665140158685
0.000092666667   329.660990704862
0.000093333333   329.656823187806
0.000094000000   329.652634676296
0.000094666667   329.648422155973
0.000095333333   329.644182517415
0.000096000000   329.639912543844
0.000096666667   329.635608898398
0.000097333333   329.631268110938
0.000098000000   329.626886564319
0.000098666667   329.622460480091
0.000099333333   329.617985903546
0.000100000000   329.613458688087
0.000100666667   329.608874478820
0.000101333333   329.604228695333
0.000102000000   329.599516513582
0.000102666667   329.594732846811
0.000103333333   329.589872325431
0.000104000000   329.584929275788
0.000104666667   329.579897697719
0.000105333333   329.574771240823
0.000106000000   329.569543179346
0.000106666667   329.564206385580
0.000107333333   329.558753301670
0.000108000000   329.553175909727
0.000108666667   329.547465700114
0.000109333333   329.541613637790
0.000110000000   329.535610126579
0.000110666667   329.529444971213
0.000111333333   329.523107337012
0.000112000000   329.516585707032
0.000112666667   329.509867836516
0.000113333333   329.502940704463
0.000114000000   329.495790462133
0.000114666667   329.488402378272
0.000115333333   329.480760780852
0.000116000000   329.472848995085
0.000116666667   329.464649277475
0.000117333333   329.456142745644
0.000118000000   329.447309303648
0.000118666667   329.438127562499
0.000119333333   329.428574755573
0.000120000000   329.418626648563


0.000120000000   329.418626648563
0.000122500000   329.409012760248
0.000125000000   329.399356933046
0.000127500000   329.389660440802
0.000130000000   329.379924529504
0.000132500000   329.370150417861
0.000135000000   329.360339297865
0.000137500000   329.350492335338
0.000140000000   329.340610670474
0.000142500000   329.330695418368
0.000145000000   329.320747669536
0.000147500000   329.310768490423
0.000150000000   329.300758923900
0.000152500000   329.290719989755
0.000155000000   329.280652685175
0.000157500000   329.270557985212
0.000160000000   329.260436843244
0.000162500000   329.250290191432
0.000165000000   329.240118941160
0.000167500000   329.229923983469
0.000170000000   329.219706189485
0.000172500000   329.209466410838
0.000175000000   329.199205480071
0.000177500000   329.188924211041
0.000180000000   329.178623399315
0.000182500000   329.168303822558
0.000185000000   329.157966240910
0.000187500000   329.147611397360
0.000190000000   329.137240018112
0.000192500000   329.126852812939
0.000195000000   329.116450475541
0.000197500000   329.106033683882
0.000200000000   329.095603100535
0.000202500000   329.085159373010
0.000205000000   329.074703134082
0.000207500000   329.064235002107
0.000210000000   329.053755581339
0.000212500000   329.043265462236
0.000215000000   329.032765221762
0.000217500000   329.022255423683
0.000220000000   329.011736618859
0.000222500000   329.001209345529
0.000225000000   328.990674129588
0.000227500000   328.980131484868
0.000230000000   328.969581913403
0.000232500000   328.959025905697
0.000235000000   328.948463940983
0.000237500000   328.937896487477
0.000240000000   328.927324002632
0.000242500000   328.916746933386
0.000245000000   328.906165716397
0.000247500000   328.895580778288
0.000250000000   328.884992535877
0.000252500000   328.874401396409
0.000255000000   328.863807757778
0.000257500000   328.853212008751
0.000260000000   328.842614529187
0.000262500000   328.832015690249
0.000265000000   328.821415854613
0.000267500000   328.810815376680
0.000270000000   328.800214602775
0.000272500000   328.789613871347
0.000275000000   328.779013513170
0.000277500000   328.768413851532
0.000280000000   328.757815202426
0.000282500000   328.747217874740
0.000285000000   328.736622170439
0.000287500000   328.726028384747
0.000290000000   328.715436806325
0.000292500000   328.704847717447
0.000295000000   328.694261394175
0.000297500000   328.683678106527
0.000300000000   328.673098118645
0.000302500000   328.662521688963
0.000305000000   328.651949070366
0.000307500000   328.641380510355
0.000310000000   328.630816251202
0.000312500000   328.620256530107
0.000315000000   328.609701579354
0.000317500000   328.599151626462
0.000320000000   328.588606894330
0.000322500000   328.578067601395
0.000325000000   328.567533961767
0.000327500000   328.557006185382
0.000330000000   328.546484478140
0.000332500000   328.535969042046
0.000335000000   328.525460075349
0.000337500000   328.514957772681
0.000340000000   328.504462325192
0.000342500000   328.493973920683
0.000345000000   328.483492743739
0.000347500000   328.473018975865
0.000350000000   328.462552795610
0.000352500000   328.452094378698
0.000355000000   328.441643898159
0.000357500000   328.431201524449
0.000360000000   328.420767425583
0.000362500000   328.410341767253
0.000365000000   328.399924712953
0.000367500000   328.389516424105
0.000370000000   328.379117060174
0.000372500000   328.368726778793
0.000375000000   328.358345735884
0.000377500000   328.347974085770
0.000380000000   328.337611981302
0.000382500000   328.327259573969
0.000385000000   328.316917014021
0.000387500000   328.306584450580
0.000390000000   328.296262031760
0.000392500000   328.285949904781
0.000395000000   328.275648216081
0.000397500000   328.265357111435
0.000400000000   328.255076736069
0.000402500000   328.244807234769
0.000405000000   328.234548751999
0.000407500000   328.224301432013
0.000410000000   328.214065418972
0.000412500000   328.203840857048
0.000415000000   328.193627890547
0.000417500000   328.183426664017
0.000420000000   328.173237322363
0.000422500000   328.163060010958
0.000425000000   328.152894875761
0.000427500000   328.142742063423
0.000430000000   328.132601721410
0.000432500000   328.122473998109
0.000435000000   328.112359042948
0.000437500000   328.102257006508
0.000440000000   328.092168040638
0.000442500000   328.082092298573
0.000445000000   328.072029935047
0.000447500000   328.061981106412
0.000450000000   328.051945970756
0.000452500000   328.041924688015
0.000455000000   328.031917420103
0.000457500000   328.021924331018
0.000460000000   328.011945586974
0.000462500000   328.001981356513
0.000465000000   327.992031810634
0.000467500000   327.982097122911
0.000470000000   327.972177469620
0.000472500000   327.962273029861
0.000475000000   327.952383985687
0.000477500000   327.942510522230
0.000480000000   327.932652827829
0.000482500000   327.922811094161
0.000485000000   327.912985516370
0.000487500000   327.903176293202
0.000490000000   327.893383627135
0.000492500000   327.883607724520
0.000495000000   327.873848795712
0.000497500000   327.864107055211
0.000500000000   327.854382721803
0.000502500000   327.844676018700
0.000505000000   327.834987173685
0.000507500000   327.825316419254
0.000510000000   327.815663992770
0.000512500000   327.806030136604
0.000515000000   327.796415098293
0.000517500000   327.786819130687
0.000520000000   327.777242492112
0.000522500000   327.767685446520
0.000525000000   327.758148263652
0.000527500000   327.748631219203
0.000530000000   327.739134594982
0.000532500000   327.729658679079
0.000535000000   327.720203766039
0.000537500000   327.710770157030
0.000540000000   327.701358160019
0.000542500000   327.691968089950
0.000545000000   327.682600268923
0.000547500000   327.673255026379
0.000550000000   327.663932699286
0.000552500000   327.654633632325
0.000555000000   327.645358178087
0.000557500000   327.636106697265
0.000560000000   327.626879558854
0.000562500000   327.617677140354
0.000565000000   327.608499827973
0.000567500000   327.599348016840
0.000570000000   327.590222111214
0.000572500000   327.581122524701
0.000575000000   327.572049680478
0.000577500000   327.563004011510
0.000580000000   327.553985960785
0.000582500000   327.544995981542
0.000585000000   327.536034537508
0.000587500000   327.527102103140
0.000590000000   327.518199163866
0.000592500000   327.509326216339
0.000595000000   327.500483768688
0.000597500000   327.491672340777
0.000600000000   327.482892464467
0.000602500000   327.474144683888
0.000605000000   327.465429555706
0.000607500000   327.456747649408
0.000610000000   327.448099547578
0.000612500000   327.439485846194
0.000615000000   327.430907154913
0.000617500000   327.422364097378
0.000620000000   327.413857311521


