0.000000000000   1850176086.956734657288
0.000000060000   1765519184.915220499039
0.000000120000   1684736361.600083827972
0.000000180000   1607650355.266646385193
0.000000240000   1534092016.095170736313
0.000000300000   1463899935.025470972061
0.000000360000   1396920089.577055454254
0.000000420000   1333005505.877651691437
0.000000480000   1272015936.158483982086
0.000000540000   1213817551.008630752563
0.000000600000   1158282645.713180065155
0.000000660000   1105289360.030814170837
0.000000720000   1054721410.795903682709
0.000000780000   1006467836.758386373520
0.000000840000   960422755.101517438889
0.000000900000   916485129.103225588799
0.000000960000   874558546.431258201599
0.000001020000   834551007.585606694221
0.000001080000   796374724.024026393890
0.000001140000   759945925.527650952339
0.000001200000   725184676.384011268616
0.000001260000   692014699.984114408493
0.000001320000   660363211.448689341545
0.000001380000   630160757.916334748268
0.000001440000   601341066.143110036850
0.000001500000   573840897.079168677330
0.000001560000   547599907.103314280510
0.000001620000   522560515.610995113850
0.000001680000   498667778.665194690228
0.000001740000   475869268.432949244976
0.000001800000   454114958.142963290215
0.000001860000   433357112.311859071255
0.000001920000   413550181.998221158981
0.000001980000   394650704.854540765285
0.000002040000   376617209.757803440094
0.000002100000   359410125.809400856495
0.000002160000   342991695.504710078239
0.000002220000   327325891.881797969341
0.000002280000   312378339.467465341091
0.000002340000   298116238.847139656544
0.000002400000   284508294.693131208420
0.000002460000   271524647.093290865421
0.000002520000   259136806.029403656721
0.000002580000   247317588.861544340849
0.000002640000   236041060.681206911802
0.000002700000   225282477.402345985174
0.000002760000   215018231.465415418148
0.000002820000   205225800.035309284925
0.000002880000   195883695.579502791166
0.000002940000   186971418.717958807945
0.000003000000   178469413.241338580847


0.000003000000   34595260.927666224539
0.000003170000   33714262.974296838045
0.000003340000   32855819.077059049159
0.000003510000   32019354.956840284169
0.000003680000   31204311.038488507271
0.000003850000   30410142.076472353190
0.000004020000   29636316.790122125298
0.000004190000   28882317.508216369897
0.000004360000   28147639.822672046721
0.000004530000   27431792.251106493175
0.000004700000   26734295.908047925681
0.000004870000   26054684.184571962804
0.000005040000   25392502.436150532216
0.000005210000   24747307.678505573422
0.000005380000   24118668.291263867170
0.000005550000   23506163.729210387915
0.000005720000   22909384.240956999362
0.000005890000   22327930.594825450331
0.000006060000   21761413.811770290136
0.000006230000   21209454.905163913965
0.000006400000   20671684.627260509878
0.000006570000   20147743.222179159522
0.000006740000   19637280.185235127807
0.000006910000   19139954.028459686786
0.000007080000   18655432.052154500037
0.000007250000   18183390.122320916504
0.000007420000   17723512.453823845834
0.000007590000   17275491.399136353284
0.000007760000   16839027.242533348501
0.000007930000   16413827.999587500468
0.000008100000   15999609.221837224439
0.000008270000   15596093.806499095634
0.000008440000   15203011.811091938987
0.000008610000   14820100.272851919755
0.000008780000   14447103.032814666629
0.000008950000   14083770.564453374594
0.000009120000   13729859.806749068201
0.000009290000   13385134.001590507105
0.000009460000   13049362.535386607051
0.000009630000   12722320.784792281687
0.000009800000   12403789.966441169381
0.000009970000   12093556.990583080798
0.000010140000   11791414.318533137441
0.000010310000   11497159.823831962422
0.000010480000   11210596.657029526308
0.000010650000   10931533.113995900378
0.000010820000   10659782.507675854489
0.000010990000   10395163.043200738728
0.000011160000   10137497.696269903332
0.000011330000   9886614.094727523625
0.000011500000   9642344.403248135000
0.000011670000   9404525.211059926078
0.000011840000   9172997.422624828294
0.000012010000   8947606.151209926233
0.000012180000   8728200.615268597379
0.000012350000   8514634.037574296817
0.000012520000   8306763.547028465196
0.000012690000   8104450.083082315512
0.000012860000   7907558.302710121498
0.000013030000   7715956.489866070449
0.000013200000   7529516.467372362502
0.000013370000   7348113.511168093421
0.000013540000   7171626.266873450018
0.000013710000   6999936.668606419116
0.000013880000   6832929.859998518601
0.000014050000   6670494.117360539734
0.000014220000   6512520.774939830415
0.000014390000   6358904.152226367965
0.000014560000   6209541.483254432678
0.000014730000   6064332.847855435684
0.000014900000   5923181.104813806713
0.000015070000   5785991.826880227774
0.000015240000   5652673.237602565438
0.000015410000   5523136.149931021966
0.000015580000   5397293.906551679596
0.000015750000   5275062.321916788816
0.000015920000   5156359.625925015658
0.000016090000   5041106.409219929948
0.000016260000   4929225.570067307912
0.000016430000   4820642.262775453739
0.000016600000   4715283.847624763846
0.000016770000   4613079.842274213210
0.000016940000   4513961.874609332532
0.000017110000   4417863.637003858574
0.000017280000   4324720.841960296035
0.000017450000   4234471.179104789160
0.000017620000   4147054.273501606192
0.000017790000   4062411.645263421815
0.000017960000   3980486.670430420432
0.000018130000   3901224.543090148363
0.000018300000   3824572.238712598104
0.000018470000   3750478.478679864667
0.000018640000   3678893.695979694836
0.000018810000   3609770.002049253322
0.000018980000   3543061.154735692777
0.000019150000   3478722.527362408116
0.000019320000   3416711.078875515610
0.000019490000   3356985.325049353763
0.000019660000   3299505.310734598897
0.000019830000   3244232.583130409010
0.000020000000   3191130.166059321258


0.000020000000   1261545.333792298334
0.000020666667   1184663.239137232304
0.000021333333   1112466.512440884952
0.000022000000   1044669.613508835435
0.000022666667   981004.403596588061
0.000023333333   921219.084913477534
0.000024000000   865077.204753693193
0.000024666667   812356.720319100074
0.000025333333   762849.120533947716
0.000026000000   716358.601376414183
0.000026666667   672701.291468898766
0.000027333333   631704.524859930621
0.000028000000   593206.158126261667
0.000028666667   557053.929090320016
0.000029333333   523104.854618877813
0.000030000000   491224.665120282676
0.000030666667   461287.273504393990
0.000031333333   433174.276504534355
0.000032000000   406774.486388606078
0.000032666667   381983.491208770021
0.000033333333   358703.241848586185
0.000034000000   336841.664236296841
0.000034666667   316312.295188726683
0.000035333333   297033.940447260742
0.000036000000   278930.353551708569
0.000036666667   261929.934283454553
0.000037333333   245965.445484559314
0.000038000000   230973.747132836463
0.000038666667   216895.546620790701
0.000039333333   203675.164252234594
0.000040000000   191260.313026843971
0.000040666667   179601.891843627585
0.000041333333   168653.791305209917
0.000042000000   158372.711352671089
0.000042666667   148717.990013697330
0.000043333333   139651.442582328396
0.000044000000   131137.210598190490
0.000044666667   123141.620024387666
0.000045333333   115633.048066467803
0.000046000000   108581.798102628949
0.000046666667   101959.982233359042
0.000047333333   95741.410983146401
0.000048000000   89901.489721058664
0.000048666667   84417.121387820211
0.000049333333   79266.615146880169
0.000050000000   74429.600595531185
0.000050666667   69886.947200373368
0.000051333333   65620.688634670238
0.000052000000   61613.951721443918
0.000052666667   57850.889699434883
0.000053333333   54316.619548942530
0.000054000000   50997.163128374428
0.000054666667   47879.391891409432
0.000055333333   44950.974961903528
0.000056000000   42200.330365822192
0.000056666667   39616.579223908942
0.000057333333   37189.502725155056
0.000058000000   34909.501711360899
0.000058666667   32767.558712744940
0.000059333333   30755.202282543381
0.000060000000   28864.473492762350
0.000060666667   27087.894455991394
0.000061333333   25418.438751108806
0.000062000000   23849.503632133590
0.000062666667   22374.883915579994
0.000063333333   20988.747437397211
0.000064000000   19685.611988000641
0.000064666667   18460.323628890153
0.000065333333   17308.036309434396
0.000066000000   16224.192699704008
0.000066666667   15204.506167216943
0.000067333333   14244.943822050689
0.000068000000   13341.710567545144
0.000068666667   12491.234090462245
0.000069333333   11690.150731616081
0.000070000000   10935.292183481353
0.000070666667   10223.672958668176
0.000071333333   9552.478582816895
0.000072000000   8919.054462795822
0.000072666667   8320.895387977964
0.000073333333   7755.635622245657
0.000074000000   7221.039546991917
0.000074666667   6714.992819609705
0.000075333333   6235.494010612226
0.000076000000   5780.646688504819
0.000076666667   5348.651918985433
0.000077333333   4937.801150748309
0.000078000000   4546.469456960611
0.000078666667   4173.109110053654
0.000079333333   3816.243458822139
0.000080000000   3474.461089898939
0.000080666667   3146.410244099575
0.000081333333   2830.793470873978
0.000082000000   2526.362497209992
0.000082666667   2231.913289774891
0.000083333333   1946.281293837762
0.000084000000   1668.336826563564
0.000084666667   1396.980610078529
0.000085333333   1131.139422711672
0.000086000000   869.761855236497
0.000086666667   611.814152094711
0.000087333333   356.276122772682
0.000088000000   102.137107331352
0.000088666667   -151.608021206949
0.000089333333   -405.962831680944
0.000090000000   -661.933304322152
0.000090666667   -920.531809723406
0.000091333333   -1182.781111946243
0.000092000000   -1449.718414284614
0.000092666667   -1722.399461089761
0.000093333333   -2001.902713588688
0.000094000000   -2289.333614678105
0.000094666667   -2585.828961694594
0.000095333333   -2892.561401506964
0.000096000000   -3210.744069576914
0.000096666667   -3541.635386926971
0.000097333333   -3886.544038086265
0.000098000000   -4246.834145962554
0.000098666667   -4623.930667753923
0.000099333333   -5019.325030468512
0.000100000000   -5434.581029758714
0.000100666667   -5871.341014173805
0.000101333333   -6331.332381538910
0.000102000000   -6816.374410378232
0.000102666667   -7328.385454743780
0.000103333333   -7869.390532413334
0.000104000000   -8441.529333140095
0.000104666667   -9047.064681394506
0.000105333333   -9688.391485952952
0.000106000000   -10368.046211969309
0.000106666667   -11088.716912030155
0.000107333333   -11853.253858646458
0.000108000000   -12664.680815903497
0.000108666667   -13526.206999386126
0.000109333333   -14441.239768841624
0.000110000000   -15413.398103333207
0.000110666667   -16446.526915555780
0.000111333333   -17544.712257966639
0.000112000000   -18712.297482922429
0.000112666667   -19953.900421836948
0.000113333333   -21274.431647789519
0.000114000000   -22679.113897612318
0.000114666667   -24173.502727501225
0.000115333333   -25763.508485682280
0.000116000000   -27455.419687980590
0.000116666667   -29255.927888853657
0.000117333333   -31172.154146555698
0.000118000000   -33211.677187916503
0.000118666667   -35382.563381550404
0.000119333333   -37693.398640520340
0.000120000000   -40153.322380848927


0.000120000000   -1164.446349044619
0.000122500000   -1129.377089214320
0.000125000000   -1095.073628990712
0.000127500000   -1061.520231798551
0.000130000000   -1028.701470078322
0.000132500000   -996.602218994852
0.000135000000   -965.207650247717
0.000137500000   -934.503226043186
0.000140000000   -904.474693131094
0.000142500000   -875.108077006191
0.000145000000   -846.389676192123
0.000147500000   -818.306056658922
0.000150000000   -790.844046317204
0.000152500000   -763.990729671712
0.000155000000   -737.733442506565
0.000157500000   -712.059766748292
0.000160000000   -686.957525368687
0.000162500000   -662.414777421924
0.000165000000   -638.419813171662
0.000167500000   -614.961149297079
0.000170000000   -592.027524202913
0.000172500000   -569.607893423186
0.000175000000   -547.691425104589
0.000177500000   -526.267495574707
0.000180000000   -505.325685004648
0.000182500000   -484.855773155778
0.000185000000   -464.847735190620
0.000187500000   -445.291737574493
0.000190000000   -426.178134065660
0.000192500000   -407.497461771133
0.000195000000   -389.240437257062
0.000197500000   -371.397952769029
0.000200000000   -353.961072510624
0.000202500000   -336.921028967752
0.000205000000   -320.269219350956
0.000207500000   -303.997202046606
0.000210000000   -288.096693175771
0.000212500000   -272.559563206210
0.000215000000   -257.377833616735
0.000217500000   -242.543673639756
0.000220000000   -228.049397054003
0.000222500000   -213.887459034763
0.000225000000   -200.050453064624
0.000227500000   -186.531107899530
0.000230000000   -173.322284592376
0.000232500000   -160.416973577093
0.000235000000   -147.808291783705
0.000237500000   -135.489479814626
0.000240000000   -123.453899202821
0.000242500000   -111.695029651530
0.000245000000   -100.206466397189
0.000247500000   -88.981917556106
0.000250000000   -78.015201567780
0.000252500000   -67.300244650759
0.000255000000   -56.831078309393
0.000257500000   -46.601836890009
0.000260000000   -36.606755170282
0.000262500000   -26.840166000978
0.000265000000   -17.296497970565
0.000267500000   -7.970273131786
0.000270000000   1.143895259231
0.000272500000   10.051304940421
0.000275000000   18.757166830165
0.000277500000   27.266607164258
0.000280000000   35.584669605573
0.000282500000   43.716317290297
0.000285000000   51.666434911045
0.000287500000   59.439830680475
0.000290000000   67.041238325146
0.000292500000   74.475319032910
0.000295000000   81.746663367837
0.000297500000   88.859793149744
0.000300000000   95.819163330766
0.000302500000   102.629163803328
0.000305000000   109.294121222134
0.000307500000   115.818300775258
0.000310000000   122.205907943427
0.000312500000   128.461090232758
0.000315000000   134.587938869131
0.000317500000   140.590490494037
0.000320000000   146.472728820599
0.000322500000   152.238586274834
0.000325000000   157.891945604459
0.000327500000   163.436641505404
0.000330000000   168.876462170873
0.000332500000   174.215150870638
0.000335000000   179.456407481666
0.000337500000   184.603890015040
0.000340000000   189.661216125187
0.000342500000   194.631964602877
0.000345000000   199.519676847561
0.000347500000   204.327858324969
0.000350000000   209.059980007724
0.000352500000   213.719479821879
0.000355000000   218.309764045483
0.000357500000   222.834208730775
0.000360000000   227.296161085051
0.000362500000   231.698940853755
0.000365000000   236.045841691029
0.000367500000   240.340132511813
0.000370000000   244.585058854285
0.000372500000   248.783844206886
0.000375000000   252.939691337556
0.000377500000   257.055783627405
0.000380000000   261.135286377079
0.000382500000   265.181348100600
0.000385000000   269.197101846485
0.000387500000   273.185666481253
0.000390000000   277.150147968509
0.000392500000   281.093640669407
0.000395000000   285.019228605509
0.000397500000   288.929986734911
0.000400000000   292.828982226895
0.000402500000   296.719275713718
0.000405000000   300.603922578542
0.000407500000   304.485974190256
0.000410000000   308.368479174440
0.000412500000   312.254484680642
0.000415000000   316.147037628266
0.000417500000   320.049185967207
0.000420000000   323.963979936279
0.000422500000   327.894473324590
0.000425000000   331.843724730704
0.000427500000   335.814798823281
0.000430000000   339.810767602452
0.000432500000   343.834711685540
0.000435000000   347.889721547777
0.000437500000   351.978898832368
0.000440000000   356.105357597852
0.000442500000   360.272225624473
0.000445000000   364.482645691786
0.000447500000   368.739776890926
0.000450000000   373.046795909597
0.000452500000   377.406898348026
0.000455000000   381.823300049680
0.000457500000   386.299238411330
0.000460000000   390.837973716713
0.000462500000   395.442790501180
0.000465000000   400.116998871344
0.000467500000   404.863935911775
0.000470000000   409.686967009813
0.000472500000   414.589487301356
0.000475000000   419.574923020013
0.000477500000   424.646732928881
0.000480000000   429.808409747151
0.000482500000   435.063481580405
0.000485000000   440.415513378209
0.000487500000   445.868108401287
0.000490000000   451.424909702722
0.000492500000   457.089601634226
0.000495000000   462.865911350205
0.000497500000   468.757610354602
0.000500000000   474.768516044055
0.000502500000   480.902493280561
0.000505000000   487.163455984790
0.000507500000   493.555368735307
0.000510000000   500.082248405409
0.000512500000   506.748165815451
0.000515000000   513.557247408046
0.000517500000   520.513676923997
0.000520000000   527.621697160844
0.000522500000   534.885611680522
0.000525000000   542.309786585610
0.000527500000   549.898652324354
0.000530000000   557.656705497165
0.000532500000   565.588510697782
0.000535000000   573.698702413457
0.000537500000   581.991986901519
0.000540000000   590.473144131606
0.000542500000   599.147029738951
0.000545000000   608.018577027092
0.000547500000   617.092798986812
0.000550000000   626.374790351222
0.000552500000   635.869729689205
0.000555000000   645.582881524673
0.000557500000   655.519598486810
0.000560000000   665.685323519319
0.000562500000   676.085592104433
0.000565000000   686.726034530438
0.000567500000   697.612378207885
0.000570000000   708.750449992437
0.000572500000   720.146178600668
0.000575000000   731.805597019212
0.000577500000   743.734844978094
0.000580000000   755.940171475696
0.000582500000   768.427937325852
0.000585000000   781.204617752888
0.000587500000   794.276805075919
0.000590000000   807.651211365851
0.000592500000   821.334671214511
0.000595000000   835.334144534752
0.000597500000   849.656719393752
0.000600000000   864.309614925987
0.000602500000   879.300184271271
0.000605000000   894.635917600590
0.000607500000   910.324445158152
0.000610000000   926.373540389751
0.000612500000   942.791123134560
0.000615000000   959.585262842014
0.000617500000   976.764181877941
0.000620000000   994.336258892653


