0.000000000000   364134249.704405009747
0.000000133333   356829430.928631782532
0.000000266667   349671454.459518790245
0.000000400000   342657374.651077389717
0.000000533333   335784305.073507428169
0.000000666667   329049417.325381517410
0.000000800000   322449939.869706869125
0.000000933333   315983156.893387258053
0.000001066667   309646407.189618885517
0.000001200000   303437083.062754333019
0.000001333333   297352629.255190730095
0.000001466667   291390541.895833492279
0.000001600000   285548367.469708561897
0.000001733333   279823701.808296978474
0.000001866667   274214189.100176036358
0.000002000000   268717520.921558201313
0.000002133333   263331435.286334902048
0.000002266667   258053715.715226918459
0.000002400000   252882190.323663055897
0.000002533333   247814730.928008854389
0.000002666667   242849252.169781118631
0.000002800000   237983710.657484054565
0.000002933333   233216104.125715583563
0.000003066667   228544470.611198097467
0.000003200000   223966887.645395606756
0.000003333333   219481471.463380694389
0.000003466667   215086376.228631168604
0.000003600000   210779793.273434221745
0.000003733333   206559950.354585945606
0.000003866667   202425110.924079686403
0.000004000000   198373573.414484500885
0.000004133333   194403670.538718432188
0.000004266667   190513768.603928178549
0.000004400000   186702266.839195042849
0.000004533333   182967596.736786663532
0.000004666667   179308221.406686514616
0.000004800000   175722634.944135069847
0.000004933333   172209361.809922903776
0.000005066667   168766956.223175644875
0.000005200000   165394001.566390722990
0.000005333333   162089109.802470177412
0.000005466667   158850920.903518944979
0.000005600000   155678102.291167110205
0.000005733333   152569348.288187652826
0.000005866667   149523379.581187009811
0.000006000000   146538942.694141954184
0.000006133333   143614809.472571372986
0.000006266667   140749776.578127145767
0.000006400000   137942664.993397593498
0.000006533333   135192319.536718100309
0.000006666667   132497608.386793687940
0.000006800000   129857422.616930663586
0.000006933333   127270675.738694980741
0.000007066667   124736303.254798874259
0.000007200000   122253262.221041560173
0.000007333333   119820530.817116379738
0.000007466667   117437107.926112711430
0.000007600000   115102012.722537219524
0.000007733333   112814284.268685817719
0.000007866667   110572981.119198128581
0.000008000000   108377180.933635532856
0.000008133333   106225980.096919953823
0.000008266667   104118493.347479730844
0.000008400000   102053853.412945017219
0.000008533333   100031210.653251931071
0.000008666667   98049732.710995450616
0.000008800000   96108604.168901458383
0.000008933333   94207026.214265286922
0.000009066667   92344216.310224428773
0.000009200000   90519407.873731210828
0.000009333333   88731849.960086986423
0.000009466667   86980806.953914701939
0.000009600000   85265558.266439557076
0.000009733333   83585398.038951694965
0.000009866667   81939634.852332323790
0.000010000000   80327591.442521393299
0.000010133333   78748604.421809017658
0.000010266667   77202024.005839943886
0.000010400000   75687213.746215015650
0.000010533333   74203550.268578559160
0.000010666667   72750423.016088634729
0.000010800000   71327233.998161330819
0.000010933333   69933397.544385299087
0.000011066667   68568340.063507616520
0.000011200000   67231499.807388767600
0.000011333333   65922326.639833234251
0.000011466667   64640281.810198031366
0.000011600000   63384837.731684878469
0.000011733333   62155477.764229722321
0.000011866667   60951696.001893594861
0.000012000000   59772997.064673431218
0.000012133333   58618895.894643388689
0.000012266667   57488917.556343615055
0.000012400000   56382597.041335240006
0.000012533333   55299479.076839797199
0.000012666667   54239117.938387654722
0.000012800000   53201077.266390740871
0.000012933333   52184929.886573560536
0.000013066667   51190257.634182184935
0.000013200000   50216651.181902118027
0.000013333333   49263709.871410943568
0.000013466667   48331041.548500500619
0.000013600000   47418262.401697345078
0.000013733333   46524996.804316028953
0.000013866667   45650877.159882336855
0.000014000000   44795543.750859931111
0.000014133333   43958644.590619757771
0.000014266667   43139835.278589300811
0.000014400000   42338778.858526781201
0.000014533333   41555145.679855942726
0.000014666667   40788613.262008406222
0.000014800000   40038866.161717079580
0.000014933333   39305595.843203999102
0.000015066667   38588500.551213331521
0.000015200000   37887285.186831355095
0.000015333333   37201661.186049774289
0.000015466667   36531346.401013411582
0.000015600000   35876064.983912795782
0.000015733333   35235547.273466654122
0.000015866667   34609529.683950483799
0.000016000000   33997754.596726104617
0.000016133333   33399970.254226140678
0.000016266667   32815930.656352035701
0.000016400000   32245395.459239248186
0.000016533333   31688129.876350849867
0.000016666667   31143904.581858433783
0.000016800000   30612495.616270657629
0.000016933333   30093684.294268898666
0.000017066667   29587257.114713117480
0.000017200000   29093005.672783982009
0.000017333333   28610726.574217714369
0.000017466667   28140221.351607821882
0.000017600000   27681296.382729955018
0.000017733333   27233762.810863655061
0.000017866667   26797436.467072844505
0.000018000000   26372137.794417347759
0.000018133333   25957691.774062480778
0.000018266667   25553927.853254213929
0.000018400000   25160679.875132843852
0.000018533333   24777786.010358341038
0.000018666667   24405088.690511878580
0.000018800000   24042434.543255135417
0.000018933333   23689674.329214259982
0.000019066667   23346662.880564011633
0.000019200000   23013259.041288696229
0.000019333333   22689325.609094019979
0.000019466667   22374729.278945613652
0.000019600000   22069340.588210556656
0.000019733333   21773033.863381344825
0.000019866667   21485687.168360460550
0.000020000000   21207182.254278339446


0.000020000000   8390130.746968626976
0.000020666667   7878814.152073612437
0.000021333333   7398658.490952951834
0.000022000000   6947764.733603413217
0.000022666667   6524349.581728745252
0.000023333333   6126738.415742469020
0.000024000000   5753358.671596198343
0.000024666667   5402733.621241527610
0.000025333333   5073476.532127156854
0.000026000000   4764285.182628920302
0.000026666667   4473936.711724911816
0.000027333333   4201282.782543088309
0.000028000000   3945245.040654576384
0.000028666667   3704810.849149240181
0.000029333333   3479029.283626596909
0.000030000000   3267007.371260647662
0.000030666667   3067906.559066215996
0.000031333333   2880939.397396302782
0.000032000000   2705366.425554961897
0.000032666667   2540493.247208554763
0.000033333333   2385667.784026407637
0.000034000000   2240277.696692634374
0.000034666667   2103747.963084674906
0.000035333333   1975538.604044421110
0.000036000000   1855142.547743818257
0.000036666667   1742083.624200610910
0.000037333333   1635914.682011882775
0.000038000000   1536215.819857352413
0.000038666667   1442592.725775939645
0.000039333333   1354675.117650779663
0.000040000000   1272115.278732546605
0.000040666667   1194586.682408832479
0.000041333333   1121782.700781722320
0.000042000000   1053415.391945567681
0.000042666667   989214.361167683848
0.000043333333   928925.691469298443
0.000044000000   872310.939376323135
0.000044666667   819146.191868023830
0.000045333333   769221.180794887827
0.000046000000   722338.451261076378
0.000046666667   678312.580684967339
0.000047333333   636969.445446893922
0.000048000000   598145.532225180301
0.000048666667   561687.291296265903
0.000049333333   527450.529240990989
0.000050000000   495299.838654855732
0.000050666667   465108.062608057284
0.000051333333   436755.791735943058
0.000052000000   410130.891971184115
0.000052666667   385128.061050710385
0.000053333333   361648.412041554519
0.000054000000   339599.082240625634
0.000054666667   318892.865899431810
0.000055333333   299447.869323231804
0.000056000000   281187.186978291429
0.000056666667   264038.597329283657
0.000057333333   247934.277200017095
0.000058000000   232810.533531309455
0.000058666667   218607.551472904859
0.000059333333   205269.157813763886
0.000060000000   192742.598815695907
0.000060666667   180978.331570295122
0.000061333333   169929.828055789170
0.000062000000   159553.391116879444
0.000062666667   149807.981641449325
0.000063333333   140655.056249833113
0.000064000000   132058.414854027418
0.000064666667   123984.057485918369
0.000065333333   116400.049825899638
0.000066000000   109276.396901920831
0.000066666667   102584.924458536334
0.000067333333   96299.167526633159
0.000068000000   90394.265754098626
0.000068666667   84846.865082183518
0.000069333333   79635.025379304279
0.000070000000   74738.133667428716
0.000070666667   70136.822597047649
0.000071333333   65812.893848889362
0.000072000000   61749.246158898924
0.000072666667   57929.807682056002
0.000073333333   54339.472428104586
0.000074000000   50964.040516639805
0.000074666667   47790.162016369592
0.000075333333   44805.284145705635
0.000076000000   41997.601625980315
0.000076666667   39356.009991381005
0.000077333333   36870.061670477618
0.000078000000   34529.924665411541
0.000078666667   32326.343666438166
0.000079333333   30250.603446891695
0.000080000000   28294.494394019013
0.000080666667   26450.280040133552
0.000081333333   24710.666464034457
0.000082000000   23068.773443879025
0.000082666667   21518.107245214585
0.000083333333   20052.534938508277
0.000084000000   18666.260142980489
0.000084666667   17353.800101890756
0.000085333333   16109.963998011395
0.000086000000   14929.832423798161
0.000086666667   13808.737925040472
0.000087333333   12742.246540894399
0.000088000000   11726.140267144197
0.000088666667   10756.400374498215
0.000089333333   9829.191513699563
0.000090000000   8940.846547269741
0.000090666667   8087.852045287003
0.000091333333   7266.834390511831
0.000092000000   6474.546434712614
0.000092666667   5707.854656184177
0.000093333333   4963.726767281709
0.000094000000   4239.219721148799
0.000094666667   3531.468071676530
0.000095333333   2837.672641468262
0.000096000000   2155.089449761325
0.000096666667   1481.018860828789
0.000097333333   812.794906542184
0.000098000000   147.774742295672
0.000098666667   -516.671805270904
0.000099333333   -1183.172640999464
0.000100000000   -1854.363794173665
0.000100666667   -2532.899844647556
0.000101333333   -3221.464421492531
0.000102000000   -3922.780816768062
0.000102666667   -4639.622756233141
0.000103333333   -5374.825369680208
0.000104000000   -6131.296403929434
0.000104666667   -6912.027722818476
0.000105333333   -7720.107140074429
0.000106000000   -8558.730632353669
0.000106666667   -9431.214978768712
0.000107333333   -10341.010878690011
0.000108000000   -11291.716599941199
0.000108666667   -12287.092209913384
0.000109333333   -13331.074446422672
0.000110000000   -14427.792287856861
0.000110666667   -15581.583283454422
0.000111333333   -16797.010708094556
0.000112000000   -18078.881610708162
0.000112666667   -19432.265825928345
0.000113333333   -20862.516025212433
0.000114000000   -22375.288887253948
0.000114666667   -23976.567469970363
0.000115333333   -25672.684873627062
0.000116000000   -27470.349289185695
0.000116666667   -29376.670528406859
0.000117333333   -31399.188143912295
0.000118000000   -33545.901247589762
0.000118666667   -35825.300148416492
0.000119333333   -38246.399930904110
0.000120000000   -40818.776110884108


0.000120000000   -1183.744507215639
0.000122500000   -1147.837936571540
0.000125000000   -1112.716403045953
0.000127500000   -1078.363768879675
0.000130000000   -1044.764213144599
0.000132500000   -1011.902225303324
0.000135000000   -979.762598855800
0.000137500000   -948.330425142361
0.000140000000   -917.591087273627
0.000142500000   -887.530254130483
0.000145000000   -858.133874532248
0.000147500000   -829.388171500732
0.000150000000   -801.279636622400
0.000152500000   -773.795024538889
0.000155000000   -746.921347540796
0.000157500000   -720.645870258095
0.000160000000   -694.956104470790
0.000162500000   -669.839803977850
0.000165000000   -645.284959619562
0.000167500000   -621.279794358166
0.000170000000   -597.812758484630
0.000172500000   -574.872524867462
0.000175000000   -552.447984357913
0.000177500000   -530.528241223200
0.000180000000   -509.102608706616
0.000182500000   -488.160604651804
0.000185000000   -467.691947217033
0.000187500000   -447.686550677987
0.000190000000   -428.134521301365
0.000192500000   -409.026153297420
0.000195000000   -390.351924846987
0.000197500000   -372.102494214088
0.000200000000   -354.268695921970
0.000202500000   -336.841536994795
0.000205000000   -319.812193288583
0.000207500000   -303.172005879698
0.000210000000   -286.912477521186
0.000212500000   -271.025269161089
0.000215000000   -255.502196535249
0.000217500000   -240.335226800691
0.000220000000   -225.516475273749
0.000222500000   -211.038202168928
0.000225000000   -196.892809461695
0.000227500000   -183.072837748311
0.000230000000   -169.570963219272
0.000232500000   -156.379994634219
0.000235000000   -143.492870383147
0.000237500000   -130.902655605167
0.000240000000   -118.602539330114
0.000242500000   -106.585831693200
0.000245000000   -94.845961185801
0.000247500000   -83.376471971163
0.000250000000   -72.171021250262
0.000252500000   -61.223376623244
0.000255000000   -50.527413570359
0.000257500000   -40.077112913721
0.000260000000   -29.866558364632
0.000262500000   -19.889934098934
0.000265000000   -10.141522350809
0.000267500000   -0.615701072960
0.000270000000   8.693058354516
0.000272500000   17.790193413787
0.000275000000   26.681052669603
0.000277500000   35.370897970431
0.000280000000   43.864906607548
0.000282500000   52.168173451270
0.000285000000   60.285713023733
0.000287500000   68.222461582752
0.000290000000   75.983279134116
0.000292500000   83.572951422499
0.000295000000   90.996191921630
0.000297500000   98.257643754391
0.000300000000   105.361881608480
0.000302500000   112.313413615941
0.000305000000   119.116683212766
0.000307500000   125.776070953510
0.000310000000   132.295896325903
0.000312500000   138.680419525621
0.000315000000   144.933843206732
0.000317500000   151.060314215157
0.000320000000   157.063925283790
0.000322500000   162.948716738667
0.000325000000   168.718678135812
0.000327500000   174.377749932000
0.000330000000   179.929825090622
0.000332500000   185.378750680156
0.000335000000   190.728329480032
0.000337500000   195.982321534114
0.000340000000   201.144445693116
0.000342500000   206.218381159976
0.000345000000   211.207769007933
0.000347500000   216.116213669833
0.000350000000   220.947284430390
0.000352500000   225.704516891155
0.000355000000   230.391414438428
0.000357500000   235.011449688312
0.000360000000   239.568065905944
0.000362500000   244.064678443908
0.000365000000   248.504676140809
0.000367500000   252.891422715430
0.000370000000   257.228258160882
0.000372500000   261.518500118842
0.000375000000   265.765445255999
0.000377500000   269.972370616162
0.000380000000   274.142534970155
0.000382500000   278.279180183413
0.000385000000   282.385532523827
0.000387500000   286.464804018283
0.000390000000   290.520193751650
0.000392500000   294.554889215944
0.000395000000   298.572067608579
0.000397500000   302.574897156448
0.000400000000   306.566538409017
0.000402500000   310.550145553547
0.000405000000   314.528867705978
0.000407500000   318.505850236479
0.000410000000   322.484236028613
0.000412500000   326.467166819638
0.000415000000   330.457784467050
0.000417500000   334.459232254953
0.000420000000   338.474656194533
0.000422500000   342.507206321573
0.000425000000   346.560037994719
0.000427500000   350.636313204060
0.000430000000   354.739201865700
0.000432500000   358.871883135507
0.000435000000   363.037546718435
0.000437500000   367.239394190388
0.000440000000   371.480640324510
0.000442500000   375.764514401243
0.000445000000   380.094261552320
0.000447500000   384.473144095172
0.000450000000   388.904442871751
0.000452500000   393.391458622031
0.000455000000   397.937513322103
0.000457500000   402.545951574631
0.000460000000   407.220141974243
0.000462500000   411.963478498733
0.000465000000   416.779381914270
0.000467500000   421.671301170300
0.000470000000   426.642714841636
0.000472500000   431.697132545482
0.000475000000   436.838096397544
0.000477500000   442.069182470365
0.000480000000   447.394002253120
0.000482500000   452.816204156418
0.000485000000   458.339475007517
0.000487500000   463.967541563229
0.000490000000   469.704172049394
0.000492500000   475.553177718055
0.000495000000   481.518414400935
0.000497500000   487.603784114560
0.000500000000   493.813236646941
0.000502500000   500.150771189242
0.000505000000   506.620437987375
0.000507500000   513.226339994328
0.000510000000   519.972634574866
0.000512500000   526.863535204335
0.000515000000   533.903313193275
0.000517500000   541.096299457038
0.000520000000   548.446886281714
0.000522500000   555.959529143166
0.000525000000   563.638748524595
0.000527500000   571.489131784260
0.000530000000   579.515335026887
0.000532500000   587.722085032615
0.000535000000   596.114181179308
0.000537500000   604.696497425343
0.000540000000   613.473984288723
0.000542500000   622.451670902891
0.000545000000   631.634667079936
0.000547500000   641.028165385588
0.000550000000   650.637443286510
0.000552500000   660.467865310128
0.000555000000   670.524885242816
0.000557500000   680.814048362018
0.000560000000   691.340993722214
0.000562500000   702.111456447528
0.000565000000   713.131270098096
0.000567500000   724.406369053404
0.000570000000   735.942790943574
0.000572500000   747.746679125640
0.000575000000   759.824285193763
0.000577500000   772.181971545505
0.000580000000   784.826213979818
0.000582500000   797.763604362165
0.000585000000   811.000853300698
0.000587500000   824.544792913915
0.000590000000   838.402379619698
0.000592500000   852.580696972302
0.000595000000   867.086958585654
0.000597500000   881.928511053691
0.000600000000   897.112836982093
0.000602500000   912.647558022221
0.000605000000   928.540438020133
0.000607500000   944.799386159695
0.000610000000   961.432460218557
0.000612500000   978.447869859531
0.000615000000   995.853979975817
0.000617500000   1013.659314111476
0.000620000000   1031.872557960086


