0.000000000000   1185.982058770404
0.000000060000   1182.955848324380
0.000000120000   1179.935292663185
0.000000180000   1176.920370033343
0.000000240000   1173.911058721944
0.000000300000   1170.907337056494
0.000000360000   1167.909183404760
0.000000420000   1164.916576174608
0.000000480000   1161.929493813856
0.000000540000   1158.947914810110
0.000000600000   1155.971817690617
0.000000660000   1153.001181022103
0.000000720000   1150.035983410624
0.000000780000   1147.076203501410
0.000000840000   1144.121819978713
0.000000900000   1141.172811565649
0.000000960000   1138.229157024048
0.000001020000   1135.290835154301
0.000001080000   1132.357824795209
0.000001140000   1129.430104823824
0.000001200000   1126.507654155306
0.000001260000   1123.590451742764
0.000001320000   1120.678476577107
0.000001380000   1117.771707686893
0.000001440000   1114.870124138178
0.000001500000   1111.973705034364
0.000001560000   1109.082429516050
0.000001620000   1106.196276760880
0.000001680000   1103.315225983394
0.000001740000   1100.439256434880
0.000001800000   1097.568347403223
0.000001860000   1094.702478212752
0.000001920000   1091.841628224099
0.000001980000   1088.985776834044
0.000002040000   1086.134903475370
0.000002100000   1083.288987616714
0.000002160000   1080.448008762416
0.000002220000   1077.611946452376
0.000002280000   1074.780780261907
0.000002340000   1071.954489801581
0.000002400000   1069.133054717090
0.000002460000   1066.316454689096
0.000002520000   1063.504669433085
0.000002580000   1060.697678699219
0.000002640000   1057.895462272193
0.000002700000   1055.097999971089
0.000002760000   1052.305271649230
0.000002820000   1049.517257194033
0.000002880000   1046.733936526869
0.000002940000   1043.955289602912
0.000003000000   1041.181296411001


0.000003000000   1023.375640665283
0.000003170000   1021.044395809494
0.000003340000   1018.723984293964
0.000003510000   1016.414366142799
0.000003680000   1014.115501566104
0.000003850000   1011.827350959300
0.000004020000   1009.549874902437
0.000004190000   1007.283034159521
0.000004360000   1005.026789677831
0.000004530000   1002.781102587251
0.000004700000   1000.545934199598
0.000004870000   998.321246007957
0.000005040000   996.106999686012
0.000005210000   993.903157087395
0.000005380000   991.709680245020
0.000005550000   989.526531370432
0.000005720000   987.353672853158
0.000005890000   985.191067260055
0.000006060000   983.038677334667
0.000006230000   980.896465996583
0.000006400000   978.764396340797
0.000006570000   976.642431637074
0.000006740000   974.530535329315
0.000006910000   972.428671034926
0.000007080000   970.336802544196
0.000007250000   968.254893819668
0.000007420000   966.182908995520
0.000007590000   964.120812376946
0.000007760000   962.068568439543
0.000007930000   960.026141828696
0.000008100000   957.993497358973
0.000008270000   955.970600013512
0.000008440000   953.957414943425
0.000008610000   951.953907467191
0.000008780000   949.960043070063
0.000008950000   947.975787403470
0.000009120000   946.001106284428
0.000009290000   944.035965694949
0.000009460000   942.080331781454
0.000009630000   940.134170854194
0.000009800000   938.197449386662
0.000009970000   936.270134015024
0.000010140000   934.352191537537
0.000010310000   932.443588913979
0.000010480000   930.544293265082
0.000010650000   928.654271871962
0.000010820000   926.773492175557
0.000010990000   924.901921776067
0.000011160000   923.039528432392
0.000011330000   921.186280061580
0.000011500000   919.342144738273
0.000011670000   917.507090694156
0.000011840000   915.681086317409
0.000012010000   913.864100152167
0.000012180000   912.056100897970
0.000012350000   910.257057409231
0.000012520000   908.466938694695
0.000012690000   906.685713916907
0.000012860000   904.913352391678
0.000013030000   903.149823587561
0.000013200000   901.395097125319
0.000013370000   899.649142777406
0.000013540000   897.911930467442
0.000013710000   896.183430269702
0.000013880000   894.463612408590
0.000014050000   892.752447258135
0.000014220000   891.049905341476
0.000014390000   889.355957330353
0.000014560000   887.670574044607
0.000014730000   885.993726451669
0.000014900000   884.325385666069
0.000015070000   882.665522948931
0.000015240000   881.014109707479
0.000015410000   879.371117494548
0.000015580000   877.736518008091
0.000015750000   876.110283090690
0.000015920000   874.492384729073
0.000016090000   872.882795053632
0.000016260000   871.281486337940
0.000016430000   869.688430998275
0.000016600000   868.103601593143
0.000016770000   866.526970822808
0.000016940000   864.958511528819
0.000017110000   863.398196693544
0.000017280000   861.845999439702
0.000017450000   860.301893029901
0.000017620000   858.765850866178
0.000017790000   857.237846489539
0.000017960000   855.717853579507
0.000018130000   854.205845953661
0.000018300000   852.701797567193
0.000018470000   851.205682512454
0.000018640000   849.717475018509
0.000018810000   848.237149450692
0.000018980000   846.764680310167
0.000019150000   845.300042233486
0.000019320000   843.843209992151
0.000019490000   842.394158492184
0.000019660000   840.952862773688
0.000019830000   839.519298010423
0.000020000000   838.093439509375


0.000020000000   686.335951482147
0.000020666667   682.063253100579
0.000021333333   677.843540223742
0.000022000000   673.676181372875
0.000022666667   669.560552906141
0.000023333333   665.496038925275
0.000024000000   661.482031183392
0.000024666667   657.517928993932
0.000025333333   653.603139140748
0.000026000000   649.737075789309
0.000026666667   645.919160398997
0.000027333333   642.148821636515
0.000028000000   638.425495290358
0.000028666667   634.748624186358
0.000029333333   631.117658104278
0.000030000000   627.532053695454
0.000030666667   623.991274401453
0.000031333333   620.494790373762
0.000032000000   617.042078394474
0.000032666667   613.632621797962
0.000033333333   610.265910393544
0.000034000000   606.941440389112
0.000034666667   603.658714315715
0.000035333333   600.417240953097
0.000036000000   597.216535256162
0.000036666667   594.056118282372
0.000037333333   590.935517120049
0.000038000000   587.854264817586
0.000038666667   584.811900313551
0.000039333333   581.807968367666
0.000040000000   578.842019492667
0.000040666667   575.913609887013
0.000041333333   573.022301368463
0.000042000000   570.167661308471
0.000042666667   567.349262567439
0.000043333333   564.566683430769
0.000044000000   561.819507545737
0.000044666667   559.107323859175
0.000045333333   556.429726555933
0.000046000000   553.786314998136
0.000046666667   551.176693665211
0.000047333333   548.600472094681
0.000048000000   546.057264823717
0.000048666667   543.546691331439
0.000049333333   541.068375981951
0.000050000000   538.621947968119
0.000050666667   536.207041256055
0.000051333333   533.823294530334
0.000052000000   531.470351139904
0.000052666667   529.147859044698
0.000053333333   526.855470762940
0.000054000000   524.592843319126
0.000054666667   522.359638192687
0.000055333333   520.155521267315
0.000056000000   517.980162780946
0.000056666667   515.833237276404
0.000057333333   513.714423552673
0.000058000000   511.623404616827
0.000058666667   509.559867636572
0.000059333333   507.523503893419
0.000060000000   505.514008736473
0.000060666667   503.531081536829
0.000061333333   501.574425642571
0.000062000000   499.643748334365
0.000062666667   497.738760781641
0.000063333333   495.859177999359
0.000064000000   494.004718805350
0.000064666667   492.175105778223
0.000065333333   490.370065215840
0.000066000000   488.589327094343
0.000066666667   486.832625027736
0.000067333333   485.099696228007
0.000068000000   483.390281465795
0.000068666667   481.704125031581
0.000069333333   480.040974697413
0.000070000000   478.400581679150
0.000070666667   476.782700599220
0.000071333333   475.187089449890
0.000072000000   473.613509557040
0.000072666667   472.061725544434
0.000073333333   470.531505298489
0.000074000000   469.022619933525
0.000074666667   467.534843757510
0.000075333333   466.067954238268
0.000076000000   464.621731970173
0.000076666667   463.195960641305
0.000077333333   461.790427001071
0.000078000000   460.404920828278
0.000078666667   459.039234899672
0.000079333333   457.693164958914
0.000080000000   456.366509686007
0.000080666667   455.059070667156
0.000081333333   453.770652365074
0.000082000000   452.501062089706
0.000082666667   451.250109969387
0.000083333333   450.017608922420
0.000084000000   448.803374629073
0.000084666667   447.607225503985
0.000085333333   446.428982668985
0.000086000000   445.268469926318
0.000086666667   444.125513732268
0.000087333333   442.999943171178
0.000088000000   441.891589929870
0.000088666667   440.800288272445
0.000089333333   439.725875015478
0.000090000000   438.668189503590
0.000090666667   437.627073585396
0.000091333333   436.602371589836
0.000092000000   435.593930302867
0.000092666667   434.601598944535
0.000093333333   433.625229146398
0.000094000000   432.664674929320
0.000094666667   431.719792681621
0.000095333333   430.790441137573
0.000096000000   429.876481356260
0.000096666667   428.977776700780
0.000097333333   428.094192817785
0.000098000000   427.225597617377
0.000098666667   426.371861253330
0.000099333333   425.532856103658
0.000100000000   424.708456751505
0.000100666667   423.898539966378
0.000101333333   423.102984685695
0.000102000000   422.321671996666
0.000102666667   421.554485118492
0.000103333333   420.801309384882
0.000104000000   420.062032226893
0.000104666667   419.336543156075
0.000105333333   418.624733747933
0.000106000000   417.926497625700
0.000106666667   417.241730444408
0.000107333333   416.570329875273
0.000108000000   415.912195590373
0.000108666667   415.267229247636
0.000109333333   414.635334476111
0.000110000000   414.016416861550
0.000110666667   413.410383932268
0.000111333333   412.817145145308
0.000112000000   412.236611872881
0.000112666667   411.668697389103
0.000113333333   411.113316857010
0.000114000000   410.570387315864
0.000114666667   410.039827668727
0.000115333333   409.521558670328
0.000116000000   409.015502915196
0.000116666667   408.521584826078
0.000117333333   408.039730642621
0.000118000000   407.569868410332
0.000118666667   407.111927969810
0.000119333333   406.665840946238
0.000120000000   406.231540739155


0.000120000000   406.231540739155
0.000122500000   405.705876972907
0.000125000000   405.182898720391
0.000127500000   404.662588025235
0.000130000000   404.144927023211
0.000132500000   403.629897941624
0.000135000000   403.117483098693
0.000137500000   402.607664902941
0.000140000000   402.100425852587
0.000142500000   401.595748534943
0.000145000000   401.093615625809
0.000147500000   400.594009888874
0.000150000000   400.096914175123
0.000152500000   399.602311422243
0.000155000000   399.110184654032
0.000157500000   398.620516979813
0.000160000000   398.133291593850
0.000162500000   397.648491774768
0.000165000000   397.166100884974
0.000167500000   396.686102370083
0.000170000000   396.208479758343
0.000172500000   395.733216660069
0.000175000000   395.260296767075
0.000177500000   394.789703852112
0.000180000000   394.321421768302
0.000182500000   393.855434448587
0.000185000000   393.391725905169
0.000187500000   392.930280228958
0.000190000000   392.471081589024
0.000192500000   392.014114232048
0.000195000000   391.559362481778
0.000197500000   391.106810738487
0.000200000000   390.656443478438
0.000202500000   390.208245253338
0.000205000000   389.762200689814
0.000207500000   389.318294488877
0.000210000000   388.876511425393
0.000212500000   388.436836347560
0.000215000000   387.999254176378
0.000217500000   387.563749905136
0.000220000000   387.130308598889
0.000222500000   386.698915393942
0.000225000000   386.269555497335
0.000227500000   385.842214186336
0.000230000000   385.416876807930
0.000232500000   384.993528778311
0.000235000000   384.572155582380
0.000237500000   384.152742773245
0.000240000000   383.735275971717
0.000242500000   383.319740865819
0.000245000000   382.906123210286
0.000247500000   382.494408826078
0.000250000000   382.084583599884
0.000252500000   381.676633483642
0.000255000000   381.270544494046
0.000257500000   380.866302712068
0.000260000000   380.463894282475
0.000262500000   380.063305413352
0.000265000000   379.664522375623
0.000267500000   379.267531502578
0.000270000000   378.872319189401
0.000272500000   378.478871892700
0.000275000000   378.087176130038
0.000277500000   377.697218479471
0.000280000000   377.308985579078
0.000282500000   376.922464126505
0.000285000000   376.537640878502
0.000287500000   376.154502650468
0.000290000000   375.773036315994
0.000292500000   375.393228806410
0.000295000000   375.015067110333
0.000297500000   374.638538273220
0.000300000000   374.263629396916
0.000302500000   373.890327639212
0.000305000000   373.518620213403
0.000307500000   373.148494387840
0.000310000000   372.779937485496
0.000312500000   372.412936883526
0.000315000000   372.047480012831
0.000317500000   371.683554357624
0.000320000000   371.321147454999
0.000322500000   370.960246894499
0.000325000000   370.600840317685
0.000327500000   370.242915417715
0.000330000000   369.886459938916
0.000332500000   369.531461676358
0.000335000000   369.177908475437
0.000337500000   368.825788231454
0.000340000000   368.475088889194
0.000342500000   368.125798442512
0.000345000000   367.777904933922
0.000347500000   367.431396454176
0.000350000000   367.086261141860
0.000352500000   366.742487182980
0.000355000000   366.400062810555
0.000357500000   366.058976304213
0.000360000000   365.719215989784
0.000362500000   365.380770238897
0.000365000000   365.043627468578
0.000367500000   364.707776140852
0.000370000000   364.373204762344
0.000372500000   364.039901883879
0.000375000000   363.707856100092
0.000377500000   363.377056049030
0.000380000000   363.047490411761
0.000382500000   362.719147911986
0.000385000000   362.392017315642
0.000387500000   362.066087430525
0.000390000000   361.741347105892
0.000392500000   361.417785232085
0.000395000000   361.095390740144
0.000397500000   360.774152601424
0.000400000000   360.454059827217
0.000402500000   360.135101468367
0.000405000000   359.817266614901
0.000407500000   359.500544395642
0.000410000000   359.184923977843
0.000412500000   358.870394566807
0.000415000000   358.556945405517
0.000417500000   358.244565774262
0.000420000000   357.933244990272
0.000422500000   357.622972407343
0.000425000000   357.313737415476
0.000427500000   357.005529440503
0.000430000000   356.698337943730
0.000432500000   356.392152421568
0.000435000000   356.086962405172
0.000437500000   355.782757460079
0.000440000000   355.479527185850
0.000442500000   355.177261215708
0.000445000000   354.875949216182
0.000447500000   354.575580886750
0.000450000000   354.276145959483
0.000452500000   353.977634198692
0.000455000000   353.680035400573
0.000457500000   353.383339392855
0.000460000000   353.087536034451
0.000462500000   352.792615215104
0.000465000000   352.498566855043
0.000467500000   352.205380904631
0.000470000000   351.913047344020
0.000472500000   351.621556182805
0.000475000000   351.330897459679
0.000477500000   351.041061242091
0.000480000000   350.752037625898
0.000482500000   350.463816735032
0.000485000000   350.176388721148
0.000487500000   349.889743763295
0.000490000000   349.603872067570
0.000492500000   349.318763866781
0.000495000000   349.034409420114
0.000497500000   348.750799012792
0.000500000000   348.467922955743
0.000502500000   348.185771585263
0.000505000000   347.904335262685
0.000507500000   347.623604374046
0.000510000000   347.343569329752
0.000512500000   347.064220564252
0.000515000000   346.785548535705
0.000517500000   346.507543725651
0.000520000000   346.230196638685
0.000522500000   345.953497802124
0.000525000000   345.677437765685
0.000527500000   345.402007101159
0.000530000000   345.127196402081
0.000532500000   344.852996283411
0.000535000000   344.579397381207
0.000537500000   344.306390352303
0.000540000000   344.033965873984
0.000542500000   343.762114643670
0.000545000000   343.490827378589
0.000547500000   343.220094815462
0.000550000000   342.949907710177
0.000552500000   342.680256837478
0.000555000000   342.411132990640
0.000557500000   342.142526981155
0.000560000000   341.874429638413
0.000562500000   341.606831809388
0.000565000000   341.339724358320
0.000567500000   341.073098166401
0.000570000000   340.806944131459
0.000572500000   340.541253167646
0.000575000000   340.276016205124
0.000577500000   340.011224189750
0.000580000000   339.746868082768
0.000582500000   339.482938860492
0.000585000000   339.219427513998
0.000587500000   338.956325048814
0.000590000000   338.693622484606
0.000592500000   338.431310854871
0.000595000000   338.169381206629
0.000597500000   337.907824600110
0.000600000000   337.646632108449
0.000602500000   337.385794817376
0.000605000000   337.125303824911
0.000607500000   336.865150241054
0.000610000000   336.605325187480
0.000612500000   336.345819797233
0.000615000000   336.086625214419
0.000617500000   335.827732593903
0.000620000000   335.569133100999


