0.000000000000   1110.009798902343
0.000000133333   1107.898060767843
0.000000266667   1105.793901199474
0.000000400000   1103.697297899636
0.000000533333   1101.608228650834
0.000000666667   1099.526671315438
0.000000800000   1097.452603835449
0.000000933333   1095.386004232268
0.000001066667   1093.326850606460
0.000001200000   1091.275121137521
0.000001333333   1089.230794083653
0.000001466667   1087.193847781524
0.000001600000   1085.164260646048
0.000001733333   1083.142011170147
0.000001866667   1081.127077924532
0.000002000000   1079.119439557468
0.000002133333   1077.119074794554
0.000002266667   1075.125962438492
0.000002400000   1073.140081368867
0.000002533333   1071.161410541919
0.000002666667   1069.189928990323
0.000002800000   1067.225615822966
0.000002933333   1065.268450224726
0.000003066667   1063.318411456247
0.000003200000   1061.375478853726
0.000003333333   1059.439631828691
0.000003466667   1057.510849867779
0.000003600000   1055.589112532526
0.000003733333   1053.674399459143
0.000003866667   1051.766690358305
0.000004000000   1049.865965014935
0.000004133333   1047.972203287987
0.000004266667   1046.085385110236
0.000004400000   1044.205490488063
0.000004533333   1042.332499501245
0.000004666667   1040.466392302742
0.000004800000   1038.607149118487
0.000004933333   1036.754750247177
0.000005066667   1034.909176060065
0.000005200000   1033.070407000748
0.000005333333   1031.238423584965
0.000005466667   1029.413206400387
0.000005600000   1027.594736106412
0.000005733333   1025.782993433960
0.000005866667   1023.977959185270
0.000006000000   1022.179614233694
0.000006133333   1020.387939523496
0.000006266667   1018.602916069649
0.000006400000   1016.824524957636
0.000006533333   1015.052747343247
0.000006666667   1013.287564452379
0.000006800000   1011.528957580839
0.000006933333   1009.776908094146
0.000007066667   1008.031397427329
0.000007200000   1006.292407084736
0.000007333333   1004.559918639836
0.000007466667   1002.833913735020
0.000007600000   1001.114374081412
0.000007733333   999.401281458672
0.000007866667   997.694617714802
0.000008000000   995.994364765958
0.000008133333   994.300504596252
0.000008266667   992.613019257566
0.000008400000   990.931890869361
0.000008533333   989.257101618484
0.000008666667   987.588633758983
0.000008800000   985.926469611919
0.000008933333   984.270591565175
0.000009066667   982.620982073271
0.000009200000   980.977623657181
0.000009333333   979.340498904144
0.000009466667   977.709590467480
0.000009600000   976.084881066406
0.000009733333   974.466353485856
0.000009866667   972.853990576294
0.000010000000   971.247775253535
0.000010133333   969.647690498564
0.000010266667   968.053719357351
0.000010400000   966.465844940680
0.000010533333   964.884050423963
0.000010666667   963.308319047061
0.000010800000   961.738634114113
0.000010933333   960.174978993351
0.000011066667   958.617337116932
0.000011200000   957.065691980755
0.000011333333   955.520027144289
0.000011466667   953.980326230401
0.000011600000   952.446572925177
0.000011733333   950.918750977755
0.000011866667   949.396844200149
0.000012000000   947.880836467077
0.000012133333   946.370711715794
0.000012266667   944.866453945918
0.000012400000   943.368047219260
0.000012533333   941.875475659658
0.000012666667   940.388723452808
0.000012800000   938.907774846095
0.000012933333   937.432614148425
0.000013066667   935.963225730063
0.000013200000   934.499594022462
0.000013333333   933.041703518103
0.000013466667   931.589538770328
0.000013600000   930.143084393173
0.000013733333   928.702325061214
0.000013866667   927.267245509394
0.000014000000   925.837830532868
0.000014133333   924.414064986840
0.000014266667   922.995933786402
0.000014400000   921.583421906374
0.000014533333   920.176514381147
0.000014666667   918.775196304521
0.000014800000   917.379452829548
0.000014933333   915.989269168376
0.000015066667   914.604630592091
0.000015200000   913.225522430562
0.000015333333   911.851930072284
0.000015466667   910.483838964223
0.000015600000   909.121234611664
0.000015733333   907.764102578056
0.000015866667   906.412428484857
0.000016000000   905.066198011385
0.000016133333   903.725396894664
0.000016266667   902.390010929273
0.000016400000   901.060025967198
0.000016533333   899.735427917678
0.000016666667   898.416202747057
0.000016800000   897.102336478636
0.000016933333   895.793815192526
0.000017066667   894.490625025499
0.000017200000   893.192752170837
0.000017333333   891.900182878196
0.000017466667   890.612903453448
0.000017600000   889.330900258545
0.000017733333   888.054159711372
0.000017866667   886.782668285599
0.000018000000   885.516412510544
0.000018133333   884.255378971025
0.000018266667   882.999554307220
0.000018400000   881.748925214525
0.000018533333   880.503478443415
0.000018666667   879.263200799299
0.000018800000   878.028079142385
0.000018933333   876.798100387537
0.000019066667   875.573251504139
0.000019200000   874.353519515954
0.000019333333   873.138891500991
0.000019466667   871.929354591362
0.000019600000   870.724895973151
0.000019733333   869.525502886273
0.000019866667   868.331162624346
0.000020000000   867.141862534548


0.000020000000   709.671629096101
0.000020666667   705.125096291701
0.000021333333   700.634937086202
0.000022000000   696.200479599383
0.000022666667   691.821060289077
0.000023333333   687.496023851848
0.000024000000   683.224723124895
0.000024666667   679.006518989183
0.000025333333   674.840780273766
0.000026000000   670.726883661311
0.000026666667   666.664213594794
0.000027333333   662.652162185352
0.000028000000   658.690129121292
0.000028666667   654.777521578228
0.000029333333   650.913754130340
0.000030000000   647.098248662743
0.000030666667   643.330434284947
0.000031333333   639.609747245400
0.000032000000   635.935630847100
0.000032666667   632.307535364263
0.000033333333   628.724917960032
0.000034000000   625.187242605222
0.000034666667   621.693979998078
0.000035333333   618.244607485049
0.000036000000   614.838608982542
0.000036666667   611.475474899681
0.000037333333   608.154702062014
0.000038000000   604.875793636201
0.000038666667   601.638259055638
0.000039333333   598.441613947026
0.000040000000   595.285380057862
0.000040666667   592.169085184853
0.000041333333   589.092263103226
0.000042000000   586.054453496944
0.000042666667   583.055201889796
0.000043333333   580.094059577368
0.000044000000   577.170583559878
0.000044666667   574.284336475858
0.000045333333   571.434886536692
0.000046000000   568.621807461972
0.000046666667   565.844678415695
0.000047333333   563.103083943266
0.000048000000   560.396613909306
0.000048666667   557.724863436258
0.000049333333   555.087432843786
0.000050000000   552.483927588939
0.000050666667   549.913958207097
0.000051333333   547.377140253668
0.000052000000   544.873094246543
0.000052666667   542.401445609288
0.000053333333   539.961824615075
0.000054000000   537.553866331338
0.000054666667   535.177210565143
0.000055333333   532.831501809273
0.000056000000   530.516389189010
0.000056666667   528.231526409614
0.000057333333   525.976571704482
0.000058000000   523.751187783994
0.000058666667   521.555041785020
0.000059333333   519.387805221092
0.000060000000   517.249153933237
0.000060666667   515.138768041450
0.000061333333   513.056331896811
0.000062000000   511.001534034237
0.000062666667   508.974067125856
0.000063333333   506.973627935005
0.000064000000   504.999917270835
0.000064666667   503.052639943528
0.000065333333   501.131504720109
0.000066000000   499.236224280850
0.000066666667   497.366515176260
0.000067333333   495.522097784657
0.000068000000   493.702696270310
0.000068666667   491.908038542151
0.000069333333   490.137856213039
0.000070000000   488.391884559594
0.000070666667   486.669862482562
0.000071333333   484.971532467736
0.000072000000   483.296640547406
0.000072666667   481.644936262342
0.000073333333   480.016172624304
0.000074000000   478.410106079069
0.000074666667   476.826496469974
0.000075333333   475.265107001963
0.000076000000   473.725704206147
0.000076666667   472.208057904851
0.000077333333   470.711941177160
0.000078000000   469.237130324950
0.000078666667   467.783404839405
0.000079333333   466.350547368003
0.000080000000   464.938343681989
0.000080666667   463.546582644297
0.000081333333   462.175056177953
0.000082000000   460.823559234923
0.000082666667   459.491889765419
0.000083333333   458.179848687657
0.000084000000   456.887239858052
0.000084666667   455.613870041861
0.000085333333   454.359548884255
0.000086000000   453.124088881825
0.000086666667   451.907305354515
0.000087333333   450.709016417976
0.000088000000   449.529042956340
0.000088666667   448.367208595410
0.000089333333   447.223339676252
0.000090000000   446.097265229208
0.000090666667   444.988816948296
0.000091333333   443.897829166023
0.000092000000   442.824138828578
0.000092666667   441.767585471431
0.000093333333   440.728011195311
0.000094000000   439.705260642568
0.000094666667   438.699180973918
0.000095333333   437.709621845566
0.000096000000   436.736435386699
0.000096666667   435.779476177351
0.000097333333   434.838601226637
0.000098000000   433.913669951346
0.000098666667   433.004544154897
0.000099333333   432.111088006655
0.000100000000   431.233168021594
0.000100666667   430.370653040321
0.000101333333   429.523414209434
0.000102000000   428.691324962245
0.000102666667   427.874260999824
0.000103333333   427.072100272399
0.000104000000   426.284722961082
0.000104666667   425.512011459935
0.000105333333   424.753850358367
0.000106000000   424.010126423855
0.000106666667   423.280728584995
0.000107333333   422.565547914878
0.000108000000   421.864477614779
0.000108666667   421.177412998177
0.000109333333   420.504251475079
0.000110000000   419.844892536667
0.000110666667   419.199237740248
0.000111333333   418.567190694523
0.000112000000   417.948657045154
0.000112666667   417.343544460644
0.000113333333   416.751762618512
0.000114000000   416.173223191773
0.000114666667   415.607839835719
0.000115333333   415.055528174992
0.000116000000   414.516205790952
0.000116666667   413.989792209344
0.000117333333   413.476208888247
0.000118000000   412.975379206319
0.000118666667   412.487228451329
0.000119333333   412.011683808971
0.000120000000   411.548674351964


0.000120000000   411.548674351964
0.000122500000   410.988239343599
0.000125000000   410.430660348582
0.000127500000   409.875918283878
0.000130000000   409.323994164317
0.000132500000   408.774869101940
0.000135000000   408.228524305343
0.000137500000   407.684941079033
0.000140000000   407.144100822779
0.000142500000   406.605985030972
0.000145000000   406.070575291984
0.000147500000   405.537853287532
0.000150000000   405.007800792050
0.000152500000   404.480399672054
0.000155000000   403.955631885520
0.000157500000   403.433479481258
0.000160000000   402.913924598295
0.000162500000   402.396949465257
0.000165000000   401.882536399755
0.000167500000   401.370667807776
0.000170000000   400.861326183074
0.000172500000   400.354494106568
0.000175000000   399.850154245737
0.000177500000   399.348289354026
0.000180000000   398.848882270246
0.000182500000   398.351915917987
0.000185000000   397.857373305022
0.000187500000   397.365237522729
0.000190000000   396.875491745497
0.000192500000   396.388119230155
0.000195000000   395.903103315386
0.000197500000   395.420427421159
0.000200000000   394.940075048151
0.000202500000   394.462029777182
0.000205000000   393.986275268643
0.000207500000   393.512795261939
0.000210000000   393.041573574920
0.000212500000   392.572594103330
0.000215000000   392.105840820247
0.000217500000   391.641297775529
0.000220000000   391.178949095267
0.000222500000   390.718778981233
0.000225000000   390.260771710340
0.000227500000   389.804911634094
0.000230000000   389.351183178059
0.000232500000   388.899570841315
0.000235000000   388.450059195926
0.000237500000   388.002632886406
0.000240000000   387.557276629191
0.000242500000   387.113975212111
0.000245000000   386.672713493863
0.000247500000   386.233476403491
0.000250000000   385.796248939865
0.000252500000   385.361016171165
0.000255000000   384.927763234361
0.000257500000   384.496475334707
0.000260000000   384.067137745226
0.000262500000   383.639735806203
0.000265000000   383.214254924678
0.000267500000   382.790680573946
0.000270000000   382.368998293051
0.000272500000   381.949193686293
0.000275000000   381.531252422725
0.000277500000   381.115160235664
0.000280000000   380.700902922194
0.000282500000   380.288466342681
0.000285000000   379.877836420283
0.000287500000   379.468999140461
0.000290000000   379.061940550502
0.000292500000   378.656646759034
0.000295000000   378.253103935546
0.000297500000   377.851298309913
0.000300000000   377.451216171920
0.000302500000   377.052843870791
0.000305000000   376.656167814714
0.000307500000   376.261174470376
0.000310000000   375.867850362497
0.000312500000   375.476182073359
0.000315000000   375.086156242351
0.000317500000   374.697759565503
0.000320000000   374.310978795030
0.000322500000   373.925800738872
0.000325000000   373.542212260244
0.000327500000   373.160200277177
0.000330000000   372.779751762072
0.000332500000   372.400853741247
0.000335000000   372.023493294493
0.000337500000   371.647657554625
0.000340000000   371.273333707040
0.000342500000   370.900508989276
0.000345000000   370.529170690571
0.000347500000   370.159306151424
0.000350000000   369.790902763160
0.000352500000   369.423947967494
0.000355000000   369.058429256097
0.000357500000   368.694334170170
0.000360000000   368.331650300006
0.000362500000   367.970365284570
0.000365000000   367.610466811068
0.000367500000   367.251942614524
0.000370000000   366.894780477360
0.000372500000   366.538968228967
0.000375000000   366.184493745295
0.000377500000   365.831344948428
0.000380000000   365.479509806170
0.000382500000   365.128976331632
0.000385000000   364.779732582815
0.000387500000   364.431766662202
0.000390000000   364.085066716346
0.000392500000   363.739620935460
0.000395000000   363.395417553014
0.000397500000   363.052444845326
0.000400000000   362.710691131158
0.000402500000   362.370144771316
0.000405000000   362.030794168245
0.000407500000   361.692627765633
0.000410000000   361.355634048011
0.000412500000   361.019801540354
0.000415000000   360.685118807691
0.000417500000   360.351574454704
0.000420000000   360.019157125342
0.000422500000   359.687855502424
0.000425000000   359.357658307252
0.000427500000   359.028554299222
0.000430000000   358.700532275437
0.000432500000   358.373581070319
0.000435000000   358.047689555225
0.000437500000   357.722846638067
0.000440000000   357.399041262922
0.000442500000   357.076262409661
0.000445000000   356.754499093559
0.000447500000   356.433740364924
0.000450000000   356.113975308718
0.000452500000   355.795193044179
0.000455000000   355.477382724445
0.000457500000   355.160533536187
0.000460000000   354.844634699228
0.000462500000   354.529675466177
0.000465000000   354.215645122056
0.000467500000   353.902532983935
0.000470000000   353.590328400556
0.000472500000   353.279020751974
0.000475000000   352.968599449189
0.000477500000   352.659053933777
0.000480000000   352.350373677531
0.000482500000   352.042548182098
0.000485000000   351.735566978613
0.000487500000   351.429419627345
0.000490000000   351.124095717331
0.000492500000   350.819584866021
0.000495000000   350.515876718920
0.000497500000   350.212960949229
0.000500000000   349.910827257494
0.000502500000   349.609465371245
0.000505000000   349.308865044647
0.000507500000   349.009016058147
0.000510000000   348.709908218116
0.000512500000   348.411531356507
0.000515000000   348.113875330498
0.000517500000   347.816930022145
0.000520000000   347.520685338031
0.000522500000   347.225131208926
0.000525000000   346.930257589429
0.000527500000   346.636054457630
0.000530000000   346.342511814765
0.000532500000   346.049619684865
0.000535000000   345.757368114420
0.000537500000   345.465747172031
0.000540000000   345.174746948070
0.000542500000   344.884357554340
0.000545000000   344.594569123731
0.000547500000   344.305371809884
0.000550000000   344.016755786848
0.000552500000   343.728711248746
0.000555000000   343.441228409433
0.000557500000   343.154297502162
0.000560000000   342.867908779248
0.000562500000   342.582052511728
0.000565000000   342.296718989032
0.000567500000   342.011898518644
0.000570000000   341.727581425769
0.000572500000   341.443758053003
0.000575000000   341.160418759996
0.000577500000   340.877553923124
0.000580000000   340.595153935154
0.000582500000   340.313209204917
0.000585000000   340.031710156975
0.000587500000   339.750647231290
0.000590000000   339.470010882901
0.000592500000   339.189791581587
0.000595000000   338.909979811546
0.000597500000   338.630566071064
0.000600000000   338.351540872187
0.000602500000   338.072894740396
0.000605000000   337.794618214283
0.000607500000   337.516701845218
0.000610000000   337.239136197034
0.000612500000   336.961911845690
0.000615000000   336.685019378960
0.000617500000   336.408449396096
0.000620000000   336.132192507514


