0.000000000000   36.728975543512
0.000000060000   36.729352869674
0.000000120000   36.729730157561
0.000000180000   36.730107407201
0.000000240000   36.730484618621
0.000000300000   36.730861791847
0.000000360000   36.731238926908
0.000000420000   36.731616023831
0.000000480000   36.731993082643
0.000000540000   36.732370103372
0.000000600000   36.732747086044
0.000000660000   36.733124030687
0.000000720000   36.733500937328
0.000000780000   36.733877805995
0.000000840000   36.734254636715
0.000000900000   36.734631429516
0.000000960000   36.735008184423
0.000001020000   36.735384901466
0.000001080000   36.735761580670
0.000001140000   36.736138222064
0.000001200000   36.736514825675
0.000001260000   36.736891391530
0.000001320000   36.737267919655
0.000001380000   36.737644410080
0.000001440000   36.738020862830
0.000001500000   36.738397277933
0.000001560000   36.738773655417
0.000001620000   36.739149995308
0.000001680000   36.739526297634
0.000001740000   36.739902562423
0.000001800000   36.740278789700
0.000001860000   36.740654979495
0.000001920000   36.741031131833
0.000001980000   36.741407246743
0.000002040000   36.741783324250
0.000002100000   36.742159364384
0.000002160000   36.742535367171
0.000002220000   36.742911332637
0.000002280000   36.743287260811
0.000002340000   36.743663151720
0.000002400000   36.744039005391
0.000002460000   36.744414821850
0.000002520000   36.744790601126
0.000002580000   36.745166343245
0.000002640000   36.745542048235
0.000002700000   36.745917716124
0.000002760000   36.746293346937
0.000002820000   36.746668940703
0.000002880000   36.747044497449
0.000002940000   36.747420017201
0.000003000000   36.747795499988


0.000003000000   36.747795499988
0.000003170000   36.748859169516
0.000003340000   36.749922547196
0.000003510000   36.750985633254
0.000003680000   36.752048427915
0.000003850000   36.753110931406
0.000004020000   36.754173143953
0.000004190000   36.755235065782
0.000004360000   36.756296697118
0.000004530000   36.757358038188
0.000004700000   36.758419089217
0.000004870000   36.759479850432
0.000005040000   36.760540322057
0.000005210000   36.761600504318
0.000005380000   36.762660397442
0.000005550000   36.763720001652
0.000005720000   36.764779317176
0.000005890000   36.765838344238
0.000006060000   36.766897083064
0.000006230000   36.767955533879
0.000006400000   36.769013696908
0.000006570000   36.770071572377
0.000006740000   36.771129160510
0.000006910000   36.772186461533
0.000007080000   36.773243475671
0.000007250000   36.774300203148
0.000007420000   36.775356644191
0.000007590000   36.776412799023
0.000007760000   36.777468667869
0.000007930000   36.778524250955
0.000008100000   36.779579548504
0.000008270000   36.780634560743
0.000008440000   36.781689287895
0.000008610000   36.782743730185
0.000008780000   36.783797887837
0.000008950000   36.784851761077
0.000009120000   36.785905350127
0.000009290000   36.786958655214
0.000009460000   36.788011676561
0.000009630000   36.789064414391
0.000009800000   36.790116868931
0.000009970000   36.791169040403
0.000010140000   36.792220929033
0.000010310000   36.793272535043
0.000010480000   36.794323858658
0.000010650000   36.795374900102
0.000010820000   36.796425659599
0.000010990000   36.797476137373
0.000011160000   36.798526333647
0.000011330000   36.799576248646
0.000011500000   36.800625882593
0.000011670000   36.801675235711
0.000011840000   36.802724308225
0.000012010000   36.803773100358
0.000012180000   36.804821612333
0.000012350000   36.805869844374
0.000012520000   36.806917796704
0.000012690000   36.807965469547
0.000012860000   36.809012863126
0.000013030000   36.810059977664
0.000013200000   36.811106813385
0.000013370000   36.812153370511
0.000013540000   36.813199649265
0.000013710000   36.814245649872
0.000013880000   36.815291372553
0.000014050000   36.816336817532
0.000014220000   36.817381985032
0.000014390000   36.818426875275
0.000014560000   36.819471488484
0.000014730000   36.820515824883
0.000014900000   36.821559884693
0.000015070000   36.822603668137
0.000015240000   36.823647175439
0.000015410000   36.824690406820
0.000015580000   36.825733362503
0.000015750000   36.826776042711
0.000015920000   36.827818447666
0.000016090000   36.828860577590
0.000016260000   36.829902432706
0.000016430000   36.830944013235
0.000016600000   36.831985319401
0.000016770000   36.833026351425
0.000016940000   36.834067109530
0.000017110000   36.835107593936
0.000017280000   36.836147804867
0.000017450000   36.837187742545
0.000017620000   36.838227407191
0.000017790000   36.839266799026
0.000017960000   36.840305918274
0.000018130000   36.841344765155
0.000018300000   36.842383339892
0.000018470000   36.843421642706
0.000018640000   36.844459673819
0.000018810000   36.845497433451
0.000018980000   36.846534921826
0.000019150000   36.847572139163
0.000019320000   36.848609085685
0.000019490000   36.849645761614
0.000019660000   36.850682167169
0.000019830000   36.851718302573
0.000020000000   36.852754168046


0.000020000000   36.852754168046
0.000020666667   36.854911920773
0.000021333333   36.857046382724
0.000022000000   36.859157748621
0.000022666667   36.861246211409
0.000023333333   36.863311962264
0.000024000000   36.865355190613
0.000024666667   36.867376084147
0.000025333333   36.869374828834
0.000026000000   36.871351608934
0.000026666667   36.873306607014
0.000027333333   36.875240003963
0.000028000000   36.877151979003
0.000028666667   36.879042709704
0.000029333333   36.880912372002
0.000030000000   36.882761140203
0.000030666667   36.884589187007
0.000031333333   36.886396683514
0.000032000000   36.888183799240
0.000032666667   36.889950702131
0.000033333333   36.891697558573
0.000034000000   36.893424533407
0.000034666667   36.895131789941
0.000035333333   36.896819489964
0.000036000000   36.898487793757
0.000036666667   36.900136860103
0.000037333333   36.901766846307
0.000038000000   36.903377908197
0.000038666667   36.904970200147
0.000039333333   36.906543875081
0.000040000000   36.908099084489
0.000040666667   36.909635978437
0.000041333333   36.911154705579
0.000042000000   36.912655413168
0.000042666667   36.914138247069
0.000043333333   36.915603351768
0.000044000000   36.917050870384
0.000044666667   36.918480944680
0.000045333333   36.919893715076
0.000046000000   36.921289320655
0.000046666667   36.922667899180
0.000047333333   36.924029587099
0.000048000000   36.925374519558
0.000048666667   36.926702830411
0.000049333333   36.928014652232
0.000050000000   36.929310116324
0.000050666667   36.930589352725
0.000051333333   36.931852490227
0.000052000000   36.933099656378
0.000052666667   36.934330977495
0.000053333333   36.935546578674
0.000054000000   36.936746583798
0.000054666667   36.937931115549
0.000055333333   36.939100295415
0.000056000000   36.940254243701
0.000056666667   36.941393079537
0.000057333333   36.942516920889
0.000058000000   36.943625884567
0.000058666667   36.944720086232
0.000059333333   36.945799640410
0.000060000000   36.946864660494
0.000060666667   36.947915258761
0.000061333333   36.948951546371
0.000062000000   36.949973633385
0.000062666667   36.950981628768
0.000063333333   36.951975640397
0.000064000000   36.952955775072
0.000064666667   36.953922138524
0.000065333333   36.954874835422
0.000066000000   36.955813969379
0.000066666667   36.956739642966
0.000067333333   36.957651957714
0.000068000000   36.958551014125
0.000068666667   36.959436911677
0.000069333333   36.960309748837
0.000070000000   36.961169623061
0.000070666667   36.962016630809
0.000071333333   36.962850867547
0.000072000000   36.963672427758
0.000072666667   36.964481404945
0.000073333333   36.965277891645
0.000074000000   36.966061979428
0.000074666667   36.966833758911
0.000075333333   36.967593319760
0.000076000000   36.968340750700
0.000076666667   36.969076139521
0.000077333333   36.969799573085
0.000078000000   36.970511137331
0.000078666667   36.971210917283
0.000079333333   36.971898997057
0.000080000000   36.972575459868
0.000080666667   36.973240388034
0.000081333333   36.973893862984
0.000082000000   36.974535965264
0.000082666667   36.975166774544
0.000083333333   36.975786369621
0.000084000000   36.976394828431
0.000084666667   36.976992228049
0.000085333333   36.977578644697
0.000086000000   36.978154153753
0.000086666667   36.978718829750
0.000087333333   36.979272746390
0.000088000000   36.979815976542
0.000088666667   36.980348592255
0.000089333333   36.980870664754
0.000090000000   36.981382264458
0.000090666667   36.981883460972
0.000091333333   36.982374323105
0.000092000000   36.982854918864
0.000092666667   36.983325315468
0.000093333333   36.983785579348
0.000094000000   36.984235776155
0.000094666667   36.984675970762
0.000095333333   36.985106227273
0.000096000000   36.985526609025
0.000096666667   36.985937178593
0.000097333333   36.986337997797
0.000098000000   36.986729127702
0.000098666667   36.987110628632
0.000099333333   36.987482560162
0.000100000000   36.987844981133
0.000100666667   36.988197949653
0.000101333333   36.988541523099
0.000102000000   36.988875758126
0.000102666667   36.989200710667
0.000103333333   36.989516435942
0.000104000000   36.989822988456
0.000104666667   36.990120422010
0.000105333333   36.990408789701
0.000106000000   36.990688143925
0.000106666667   36.990958536387
0.000107333333   36.991220018098
0.000108000000   36.991472639383
0.000108666667   36.991716449885
0.000109333333   36.991951498565
0.000110000000   36.992177833711
0.000110666667   36.992395502938
0.000111333333   36.992604553193
0.000112000000   36.992805030760
0.000112666667   36.992996981260
0.000113333333   36.993180449657
0.000114000000   36.993355480262
0.000114666667   36.993522116735
0.000115333333   36.993680402089
0.000116000000   36.993830378693
0.000116666667   36.993972088274
0.000117333333   36.994105571925
0.000118000000   36.994230870102
0.000118666667   36.994348022631
0.000119333333   36.994457068710
0.000120000000   36.994558046911


0.000120000000   36.994558046911
0.000122500000   36.994919225179
0.000125000000   36.995275563142
0.000127500000   36.995627088126
0.000130000000   36.995973827335
0.000132500000   36.996315807853
0.000135000000   36.996653056647
0.000137500000   36.996985600562
0.000140000000   36.997313466328
0.000142500000   36.997636680555
0.000145000000   36.997955269738
0.000147500000   36.998269260256
0.000150000000   36.998578678371
0.000152500000   36.998883550231
0.000155000000   36.999183901869
0.000157500000   36.999479759206
0.000160000000   36.999771148048
0.000162500000   37.000058094089
0.000165000000   37.000340622912
0.000167500000   37.000618759988
0.000170000000   37.000892530677
0.000172500000   37.001161960230
0.000175000000   37.001427073787
0.000177500000   37.001687896379
0.000180000000   37.001944452931
0.000182500000   37.002196768259
0.000185000000   37.002444867070
0.000187500000   37.002688773966
0.000190000000   37.002928513445
0.000192500000   37.003164109896
0.000195000000   37.003395587605
0.000197500000   37.003622970753
0.000200000000   37.003846283419
0.000202500000   37.004065549577
0.000205000000   37.004280793099
0.000207500000   37.004492037755
0.000210000000   37.004699307214
0.000212500000   37.004902625044
0.000215000000   37.005102014712
0.000217500000   37.005297499586
0.000220000000   37.005489102935
0.000222500000   37.005676847929
0.000225000000   37.005860757639
0.000227500000   37.006040855040
0.000230000000   37.006217163010
0.000232500000   37.006389704329
0.000235000000   37.006558501683
0.000237500000   37.006723577661
0.000240000000   37.006884954759
0.000242500000   37.007042655377
0.000245000000   37.007196701822
0.000247500000   37.007347116308
0.000250000000   37.007493920956
0.000252500000   37.007637137796
0.000255000000   37.007776788765
0.000257500000   37.007912895709
0.000260000000   37.008045480385
0.000262500000   37.008174564459
0.000265000000   37.008300169507
0.000267500000   37.008422317017
0.000270000000   37.008541028387
0.000272500000   37.008656324931
0.000275000000   37.008768227871
0.000277500000   37.008876758344
0.000280000000   37.008981937401
0.000282500000   37.009083786008
0.000285000000   37.009182325043
0.000287500000   37.009277575302
0.000290000000   37.009369557495
0.000292500000   37.009458292248
0.000295000000   37.009543800106
0.000297500000   37.009626101528
0.000300000000   37.009705216893
0.000302500000   37.009781166497
0.000305000000   37.009853970557
0.000307500000   37.009923649205
0.000310000000   37.009990222497
0.000312500000   37.010053710407
0.000315000000   37.010114132830
0.000317500000   37.010171509581
0.000320000000   37.010225860400
0.000322500000   37.010277204946
0.000325000000   37.010325562801
0.000327500000   37.010370953473
0.000330000000   37.010413396389
0.000332500000   37.010452910905
0.000335000000   37.010489516297
0.000337500000   37.010523231770
0.000340000000   37.010554076452
0.000342500000   37.010582069398
0.000345000000   37.010607229588
0.000347500000   37.010629575933
0.000350000000   37.010649127266
0.000352500000   37.010665902352
0.000355000000   37.010679919883
0.000357500000   37.010691198479
0.000360000000   37.010699756692
0.000362500000   37.010705613000
0.000365000000   37.010708785814
0.000367500000   37.010709293474
0.000370000000   37.010707154253
0.000372500000   37.010702386355
0.000375000000   37.010695007915
0.000377500000   37.010685037002
0.000380000000   37.010672491616
0.000382500000   37.010657389694
0.000385000000   37.010639749102
0.000387500000   37.010619587645
0.000390000000   37.010596923061
0.000392500000   37.010571773022
0.000395000000   37.010544155137
0.000397500000   37.010514086951
0.000400000000   37.010481585947
0.000402500000   37.010446669542
0.000405000000   37.010409355093
0.000407500000   37.010369659893
0.000410000000   37.010327601176
0.000412500000   37.010283196113
0.000415000000   37.010236461815
0.000417500000   37.010187415330
0.000420000000   37.010136073651
0.000422500000   37.010082453708
0.000425000000   37.010026572373
0.000427500000   37.009968446459
0.000430000000   37.009908092721
0.000432500000   37.009845527858
0.000435000000   37.009780768510
0.000437500000   37.009713831260
0.000440000000   37.009644732635
0.000442500000   37.009573489107
0.000445000000   37.009500117091
0.000447500000   37.009424632947
0.000450000000   37.009347052981
0.000452500000   37.009267393444
0.000455000000   37.009185670535
0.000457500000   37.009101900397
0.000460000000   37.009016099121
0.000462500000   37.008928282747
0.000465000000   37.008838467259
0.000467500000   37.008746668593
0.000470000000   37.008652902632
0.000472500000   37.008557185208
0.000475000000   37.008459532103
0.000477500000   37.008359959049
0.000480000000   37.008258481727
0.000482500000   37.008155115770
0.000485000000   37.008049876762
0.000487500000   37.007942780237
0.000490000000   37.007833841684
0.000492500000   37.007723076542
0.000495000000   37.007610500203
0.000497500000   37.007496128012
0.000500000000   37.007379975269
0.000502500000   37.007262057227
0.000505000000   37.007142389092
0.000507500000   37.007020986027
0.000510000000   37.006897863149
0.000512500000   37.006773035531
0.000515000000   37.006646518202
0.000517500000   37.006518326146
0.000520000000   37.006388474307
0.000522500000   37.006256977582
0.000525000000   37.006123850829
0.000527500000   37.005989108862
0.000530000000   37.005852766454
0.000532500000   37.005714838337
0.000535000000   37.005575339201
0.000537500000   37.005434283697
0.000540000000   37.005291686434
0.000542500000   37.005147561985
0.000545000000   37.005001924878
0.000547500000   37.004854789608
0.000550000000   37.004706170628
0.000552500000   37.004556082352
0.000555000000   37.004404539161
0.000557500000   37.004251555392
0.000560000000   37.004097145351
0.000562500000   37.003941323304
0.000565000000   37.003784103481
0.000567500000   37.003625500078
0.000570000000   37.003465527254
0.000572500000   37.003304199134
0.000575000000   37.003141529806
0.000577500000   37.002977533326
0.000580000000   37.002812223716
0.000582500000   37.002645614963
0.000585000000   37.002477721023
0.000587500000   37.002308555816
0.000590000000   37.002138133232
0.000592500000   37.001966467130
0.000595000000   37.001793571334
0.000597500000   37.001619459638
0.000600000000   37.001444145808
0.000602500000   37.001267643574
0.000605000000   37.001089966641
0.000607500000   37.000911128682
0.000610000000   37.000731143339
0.000612500000   37.000550024227
0.000615000000   37.000367784933
0.000617500000   37.000184439014
0.000620000000   37.000000000000


