0.000000000000   1145.795836499091
0.000000060000   1145.262186216046
0.000000120000   1144.728581996532
0.000000180000   1144.195023807664
0.000000240000   1143.661511616561
0.000000300000   1143.128045390347
0.000000360000   1142.594625096147
0.000000420000   1142.061250701086
0.000000480000   1141.527922172297
0.000000540000   1140.994639476913
0.000000600000   1140.461402582069
0.000000660000   1139.928211454905
0.000000720000   1139.395066062563
0.000000780000   1138.861966372188
0.000000840000   1138.328912350927
0.000000900000   1137.795903965930
0.000000960000   1137.262941184351
0.000001020000   1136.730023973346
0.000001080000   1136.197152300074
0.000001140000   1135.664326131696
0.000001200000   1135.131545435376
0.000001260000   1134.598810178282
0.000001320000   1134.066120327583
0.000001380000   1133.533475850453
0.000001440000   1133.000876714068
0.000001500000   1132.468322885604
0.000001560000   1131.935814332244
0.000001620000   1131.403351021172
0.000001680000   1130.870932919575
0.000001740000   1130.338559994642
0.000001800000   1129.806232213564
0.000001860000   1129.273949543539
0.000001920000   1128.741711951764
0.000001980000   1128.209519405438
0.000002040000   1127.677371871766
0.000002100000   1127.145269317954
0.000002160000   1126.613211711211
0.000002220000   1126.081199018749
0.000002280000   1125.549231207782
0.000002340000   1125.017308245527
0.000002400000   1124.485430099206
0.000002460000   1123.953596736040
0.000002520000   1123.421808123255
0.000002580000   1122.890064228080
0.000002640000   1122.358365017745
0.000002700000   1121.826710459485
0.000002760000   1121.295100520536
0.000002820000   1120.763535168138
0.000002880000   1120.232014369532
0.000002940000   1119.700538091964
0.000003000000   1119.169106302681


0.000003000000   1102.757286782905
0.000003170000   1102.210360365916
0.000003340000   1101.663561549999
0.000003510000   1101.116890236275
0.000003680000   1100.570346325889
0.000003850000   1100.023929720011
0.000004020000   1099.477640319830
0.000004190000   1098.931478026562
0.000004360000   1098.385442741445
0.000004530000   1097.839534365737
0.000004700000   1097.293752800723
0.000004870000   1096.748097947709
0.000005040000   1096.202569708024
0.000005210000   1095.657167983021
0.000005380000   1095.111892674074
0.000005550000   1094.566743682581
0.000005720000   1094.021720909964
0.000005890000   1093.476824257666
0.000006060000   1092.932053627153
0.000006230000   1092.387408919914
0.000006400000   1091.842890037462
0.000006570000   1091.298496881332
0.000006740000   1090.754229353081
0.000006910000   1090.210087354291
0.000007080000   1089.666070786563
0.000007250000   1089.122179551524
0.000007420000   1088.578413550822
0.000007590000   1088.034772686129
0.000007760000   1087.491256859139
0.000007930000   1086.947865971568
0.000008100000   1086.404599925155
0.000008270000   1085.861458621662
0.000008440000   1085.318441962874
0.000008610000   1084.775549850596
0.000008780000   1084.232782186659
0.000008950000   1083.690138872915
0.000009120000   1083.147619811238
0.000009290000   1082.605224903525
0.000009460000   1082.062954051696
0.000009630000   1081.520807157693
0.000009800000   1080.978784123480
0.000009970000   1080.436884851043
0.000010140000   1079.895109242393
0.000010310000   1079.353457199561
0.000010480000   1078.811928624600
0.000010650000   1078.270523419587
0.000010820000   1077.729241486621
0.000010990000   1077.188082727823
0.000011160000   1076.647047045335
0.000011330000   1076.106134341324
0.000011500000   1075.565344517977
0.000011670000   1075.024677477506
0.000011840000   1074.484133122141
0.000012010000   1073.943711354137
0.000012180000   1073.403412075771
0.000012350000   1072.863235189343
0.000012520000   1072.323180597173
0.000012690000   1071.783248201605
0.000012860000   1071.243437905003
0.000013030000   1070.703749609755
0.000013200000   1070.164183218272
0.000013370000   1069.624738632983
0.000013540000   1069.085415756344
0.000013710000   1068.546214490829
0.000013880000   1068.007134738937
0.000014050000   1067.468176403188
0.000014220000   1066.929339386122
0.000014390000   1066.390623590304
0.000014560000   1065.852028918320
0.000014730000   1065.313555272776
0.000014900000   1064.775202556303
0.000015070000   1064.236970671552
0.000015240000   1063.698859521195
0.000015410000   1063.160869007929
0.000015580000   1062.622999034470
0.000015750000   1062.085249503556
0.000015920000   1061.547620317949
0.000016090000   1061.010111380431
0.000016260000   1060.472722593805
0.000016430000   1059.935453860899
0.000016600000   1059.398305084560
0.000016770000   1058.861276167655
0.000016940000   1058.324367013078
0.000017110000   1057.787577523741
0.000017280000   1057.250907602578
0.000017450000   1056.714357152545
0.000017620000   1056.177926076620
0.000017790000   1055.641614277801
0.000017960000   1055.105421659111
0.000018130000   1054.569348123591
0.000018300000   1054.033393574306
0.000018470000   1053.497557914341
0.000018640000   1052.961841046803
0.000018810000   1052.426242874821
0.000018980000   1051.890763301545
0.000019150000   1051.355402230146
0.000019320000   1050.820159563818
0.000019490000   1050.285035205776
0.000019660000   1049.750029059255
0.000019830000   1049.215141027511
0.000020000000   1048.680371013825


0.000020000000   850.272087866277
0.000020666667   845.900443720021
0.000021333333   841.568728714753
0.000022000000   837.276609020704
0.000022666667   833.023753860718
0.000023333333   828.809835484759
0.000024000000   824.634529144637
0.000024666667   820.497513068975
0.000025333333   816.398468438401
0.000026000000   812.337079360971
0.000026666667   808.313032847810
0.000027333333   804.326018788990
0.000028000000   800.375729929617
0.000028666667   796.461861846142
0.000029333333   792.584112922898
0.000030000000   788.742184328840
0.000030666667   784.935779994512
0.000031333333   781.164606589218
0.000032000000   777.428373498411
0.000032666667   773.726792801285
0.000033333333   770.059579248580
0.000034000000   766.426450240590
0.000034666667   762.827125805378
0.000035333333   759.261328577187
0.000036000000   755.728783775061
0.000036666667   752.229219181659
0.000037333333   748.762365122270
0.000038000000   745.327954444019
0.000038666667   741.925722495276
0.000039333333   738.555407105246
0.000040000000   735.216748563765
0.000040666667   731.909489601271
0.000041333333   728.633375368974
0.000042000000   725.388153419206
0.000042666667   722.173573685960
0.000043333333   718.989388465610
0.000044000000   715.835352397816
0.000044666667   712.711222446607
0.000045333333   709.616757881643
0.000046000000   706.551720259657
0.000046666667   703.515873406075
0.000047333333   700.508983396802
0.000048000000   697.530818540193
0.000048666667   694.581149359189
0.000049333333   691.659748573625
0.000050000000   688.766391082707
0.000050666667   685.900853947660
0.000051333333   683.062916374539
0.000052000000   680.252359697209
0.000052666667   677.468967360483
0.000053333333   674.712524903431
0.000054000000   671.982819942842
0.000054666667   669.279642156855
0.000055333333   666.602783268739
0.000056000000   663.952037030841
0.000056666667   661.327199208679
0.000057333333   658.728067565206
0.000058000000   656.154441845207
0.000058666667   653.606123759871
0.000059333333   651.082916971496
0.000060000000   648.584627078356
0.000060666667   646.111061599713
0.000061333333   643.662029960979
0.000062000000   641.237343479019
0.000062666667   638.836815347611
0.000063333333   636.460260623039
0.000064000000   634.107496209837
0.000064666667   631.778340846671
0.000065333333   629.472615092369
0.000066000000   627.190141312083
0.000066666667   624.930743663596
0.000067333333   622.694248083762
0.000068000000   620.480482275093
0.000068666667   618.289275692471
0.000069333333   616.120459530000
0.000070000000   613.973866707993
0.000070666667   611.849331860091
0.000071333333   609.746691320512
0.000072000000   607.665783111438
0.000072666667   605.606446930522
0.000073333333   603.568524138530
0.000074000000   601.551857747115
0.000074666667   599.556292406710
0.000075333333   597.581674394551
0.000076000000   595.627851602828
0.000076666667   593.694673526959
0.000077333333   591.781991253981
0.000078000000   589.889657451076
0.000078666667   588.017526354210
0.000079333333   586.165453756895
0.000080000000   584.333296999069
0.000080666667   582.520914956102
0.000081333333   580.728168027915
0.000082000000   578.954918128213
0.000082666667   577.201028673844
0.000083333333   575.466364574270
0.000084000000   573.750792221145
0.000084666667   572.054179478023
0.000085333333   570.376395670164
0.000086000000   568.717311574465
0.000086666667   567.076799409494
0.000087333333   565.454732825638
0.000088000000   563.850986895365
0.000088666667   562.265438103593
0.000089333333   560.697964338162
0.000090000000   559.148444880426
0.000090666667   557.616760395944
0.000091333333   556.102792925278
0.000092000000   554.606425874899
0.000092666667   553.127544008204
0.000093333333   551.666033436622
0.000094000000   550.221781610842
0.000094666667   548.794677312132
0.000095333333   547.384610643765
0.000096000000   545.991473022548
0.000096666667   544.615157170449
0.000097333333   543.255557106325
0.000098000000   541.912568137755
0.000098666667   540.586086852967
0.000099333333   539.276011112864
0.000100000000   537.982240043152
0.000100666667   536.704674026561
0.000101333333   535.443214695165
0.000102000000   534.197764922801
0.000102666667   532.968228817576
0.000103333333   531.754511714480
0.000104000000   530.556520168084
0.000104666667   529.374161945335
0.000105333333   528.207346018448
0.000106000000   527.055982557887
0.000106666667   525.919982925440
0.000107333333   524.799259667383
0.000108000000   523.693726507742
0.000108666667   522.603298341636
0.000109333333   521.527891228722
0.000110000000   520.467422386718
0.000110666667   519.421810185024
0.000111333333   518.390974138428
0.000112000000   517.374834900901
0.000112666667   516.373314259478
0.000113333333   515.386335128230
0.000114000000   514.413821542323
0.000114666667   513.455698652155
0.000115333333   512.511892717593
0.000116000000   511.582331102283
0.000116666667   510.666942268050
0.000117333333   509.765655769387
0.000118000000   508.878402248017
0.000118666667   508.005113427555
0.000119333333   507.145722108234
0.000120000000   506.300162161733


0.000120000000   506.300162161733
0.000122500000   505.447843408828
0.000125000000   504.597746620102
0.000127500000   503.749861173804
0.000130000000   502.904176476015
0.000132500000   502.060681960517
0.000135000000   501.219367088662
0.000137500000   500.380221349236
0.000140000000   499.543234258326
0.000142500000   498.708395359192
0.000145000000   497.875694222131
0.000147500000   497.045120444348
0.000150000000   496.216663649823
0.000152500000   495.390313489183
0.000155000000   494.566059639566
0.000157500000   493.743891804499
0.000160000000   492.923799713761
0.000162500000   492.105773123257
0.000165000000   491.289801814889
0.000167500000   490.475875596425
0.000170000000   489.663984301373
0.000172500000   488.854117788852
0.000175000000   488.046265943464
0.000177500000   487.240418675165
0.000180000000   486.436565919141
0.000182500000   485.634697635679
0.000185000000   484.834803810041
0.000187500000   484.036874452338
0.000190000000   483.240899597403
0.000192500000   482.446869304668
0.000195000000   481.654773658035
0.000197500000   480.864602765756
0.000200000000   480.076346760301
0.000202500000   479.289995798242
0.000205000000   478.505540060124
0.000207500000   477.722969750341
0.000210000000   476.942275097015
0.000212500000   476.163446351873
0.000215000000   475.386473790120
0.000217500000   474.611347710323
0.000220000000   473.838058434281
0.000222500000   473.066596306910
0.000225000000   472.296951696119
0.000227500000   471.529114992687
0.000230000000   470.763076610143
0.000232500000   469.998826984646
0.000235000000   469.236356574864
0.000237500000   468.475655861854
0.000240000000   467.716715348941
0.000242500000   466.959525561599
0.000245000000   466.204077047334
0.000247500000   465.450360375559
0.000250000000   464.698366137483
0.000252500000   463.948084945986
0.000255000000   463.199507435503
0.000257500000   462.452624261908
0.000260000000   461.707426102393
0.000262500000   460.963903655353
0.000265000000   460.222047640268
0.000267500000   459.481848797585
0.000270000000   458.743297888603
0.000272500000   458.006385695357
0.000275000000   457.271103020500
0.000277500000   456.537440687189
0.000280000000   455.805389538967
0.000282500000   455.074940439650
0.000285000000   454.346084273213
0.000287500000   453.618811943671
0.000290000000   452.893114374968
0.000292500000   452.168982510862
0.000295000000   451.446407314809
0.000297500000   450.725379769852
0.000300000000   450.005890878506
0.000302500000   449.287931662645
0.000305000000   448.571493163389
0.000307500000   447.856566440990
0.000310000000   447.143142574721
0.000312500000   446.431212662765
0.000315000000   445.720767822098
0.000317500000   445.011799188382
0.000320000000   444.304297915853
0.000322500000   443.598255177205
0.000325000000   442.893662163484
0.000327500000   442.190510083975
0.000330000000   441.488790166092
0.000332500000   440.788493655267
0.000335000000   440.089611814840
0.000337500000   439.392135925948
0.000340000000   438.696057287416
0.000342500000   438.001367215650
0.000345000000   437.308057044523
0.000347500000   436.616118125269
0.000350000000   435.925541826373
0.000352500000   435.236319533464
0.000355000000   434.548442649204
0.000357500000   433.861902593180
0.000360000000   433.176690801801
0.000362500000   432.492798728182
0.000365000000   431.810217842044
0.000367500000   431.128939629600
0.000370000000   430.448955593454
0.000372500000   429.770257252490
0.000375000000   429.092836141768
0.000377500000   428.416683812413
0.000380000000   427.741791831514
0.000382500000   427.068151782015
0.000385000000   426.395755262610
0.000387500000   425.724593887635
0.000390000000   425.054659286966
0.000392500000   424.385943105912
0.000395000000   423.718437005109
0.000397500000   423.052132660417
0.000400000000   422.387021762812
0.000402500000   421.723096018287
0.000405000000   421.060347147740
0.000407500000   420.398766886879
0.000410000000   419.738346986108
0.000412500000   419.079079210433
0.000415000000   418.420955339349
0.000417500000   417.763967166745
0.000420000000   417.108106500796
0.000422500000   416.453365163859
0.000425000000   415.799734992375
0.000427500000   415.147207836760
0.000430000000   414.495775561309
0.000432500000   413.845430044088
0.000435000000   413.196163176836
0.000437500000   412.547966864860
0.000440000000   411.900833026934
0.000442500000   411.254753595199
0.000445000000   410.609720515061
0.000447500000   409.965725745086
0.000450000000   409.322761256903
0.000452500000   408.680819035103
0.000455000000   408.039891077136
0.000457500000   407.399969393211
0.000460000000   406.761046006196
0.000462500000   406.123112951518
0.000465000000   405.486162277060
0.000467500000   404.850186043066
0.000470000000   404.215176322036
0.000472500000   403.581125198632
0.000475000000   402.948024769570
0.000477500000   402.315867143530
0.000480000000   401.684644441050
0.000482500000   401.054348794431
0.000485000000   400.424972347634
0.000487500000   399.796507256185
0.000490000000   399.168945687076
0.000492500000   398.542279818663
0.000495000000   397.916501840571
0.000497500000   397.291603953596
0.000500000000   396.667578369602
0.000502500000   396.044417311432
0.000505000000   395.422113012800
0.000507500000   394.800657718201
0.000510000000   394.180043682810
0.000512500000   393.560263172385
0.000515000000   392.941308463171
0.000517500000   392.323171841801
0.000520000000   391.705845605201
0.000522500000   391.089322060490
0.000525000000   390.473593524887
0.000527500000   389.858652325613
0.000530000000   389.244490799793
0.000532500000   388.631101294362
0.000535000000   388.018476165967
0.000537500000   387.406607780871
0.000540000000   386.795488514859
0.000542500000   386.185110753139
0.000545000000   385.575466890251
0.000547500000   384.966549329964
0.000550000000   384.358350485188
0.000552500000   383.750862777875
0.000555000000   383.144078638923
0.000557500000   382.537990508082
0.000560000000   381.932590833862
0.000562500000   381.327872073430
0.000565000000   380.723826692523
0.000567500000   380.120447165352
0.000570000000   379.517725974502
0.000572500000   378.915655610844
0.000575000000   378.314228573437
0.000577500000   377.713437369436
0.000580000000   377.113274513994
0.000582500000   376.513732530171
0.000585000000   375.914803948842
0.000587500000   375.316481308597
0.000590000000   374.718757155651
0.000592500000   374.121624043753
0.000595000000   373.525074534087
0.000597500000   372.929101195179
0.000600000000   372.333696602809
0.000602500000   371.738853339913
0.000605000000   371.144563996490
0.000607500000   370.550821169509
0.000610000000   369.957617462819
0.000612500000   369.364945487052
0.000615000000   368.772797859533
0.000617500000   368.181167204184
0.000620000000   367.590046151434


