0.000000000000   590.163001769223
0.000000060000   563.159951658204
0.000000120000   537.392493724073
0.000000180000   512.804093283659
0.000000240000   489.340802546219
0.000000300000   466.951142250146
0.000000360000   445.585988715703
0.000000420000   425.198466065997
0.000000480000   405.743843379701
0.000000540000   387.179436549885
0.000000600000   369.464514633626
0.000000660000   352.560210486928
0.000000720000   336.429435488879
0.000000780000   321.036798167951
0.000000840000   306.348526551904
0.000000900000   292.332394070917
0.000000960000   278.957648851403
0.000001020000   266.194946245340
0.000001080000   254.016284447114
0.000001140000   242.394943056600
0.000001200000   231.305424453690
0.000001260000   220.723397855645
0.000001320000   210.625645934526
0.000001380000   200.990013877581
0.000001440000   191.795360778832
0.000001500000   183.021513255202
0.000001560000   174.649221185426
0.000001620000   166.660115474625
0.000001680000   159.036667751884
0.000001740000   151.762151912411
0.000001800000   144.820607419885
0.000001860000   138.196804288500
0.000001920000   131.876209667854
0.000001980000   125.844955957377
0.000002040000   120.089810380342
0.000002100000   114.598145950702
0.000002160000   109.357913769051
0.000002220000   104.357616586925
0.000002280000   99.586283581448
0.000002340000   95.033446284973
0.000002400000   90.689115616902
0.000002460000   86.543759967306
0.000002520000   82.588284284243
0.000002580000   78.814010118908
0.000002640000   75.212656584818
0.000002700000   71.776322189260
0.000002760000   68.497467497155
0.000002820000   65.368898589269
0.000002880000   62.383751278517
0.000002940000   59.535476049698
0.000003000000   56.817823689635


0.000003000000   55.339593204089
0.000003170000   53.930226838628
0.000003340000   52.556916121709
0.000003510000   51.218742911292
0.000003680000   49.914812556904
0.000003850000   48.644253301509
0.000004020000   47.406215698692
0.000004190000   46.199872044745
0.000004360000   45.024415825300
0.000004530000   43.879061176125
0.000004700000   42.763042357724
0.000004870000   41.675613243395
0.000005040000   40.616046820399
0.000005210000   39.583634703905
0.000005380000   38.577686663396
0.000005550000   37.597530161204
0.000005720000   36.642509902878
0.000005890000   35.711987399080
0.000006060000   34.805340538719
0.000006230000   33.921963173026
0.000006400000   33.061264710310
0.000006570000   32.222669721113
0.000006740000   31.405617553496
0.000006910000   30.609561958213
0.000007080000   29.833970723506
0.000007250000   29.078325319294
0.000007420000   28.342120550498
0.000007590000   27.624864219294
0.000007760000   26.926076796042
0.000007930000   26.245291098696
0.000008100000   25.582051980461
0.000008270000   24.935916025505
0.000008440000   24.306451252499
0.000008610000   23.693236825822
0.000008780000   23.095862774198
0.000008950000   22.513929716610
0.000009120000   21.947048595287
0.000009290000   21.394840415599
0.000009460000   20.856935992669
0.000009630000   20.332975704558
0.000009800000   19.822609251830
0.000009970000   19.325495423359
0.000010140000   18.841301868207
0.000010310000   18.369704873427
0.000010480000   17.910389147641
0.000010650000   17.463047610251
0.000010820000   17.027381186133
0.000010990000   16.603098605689
0.000011160000   16.189916210116
0.000011330000   15.787557761762
0.000011500000   15.395754259444
0.000011670000   15.014243758606
0.000011840000   14.642771196189
0.000012010000   14.281088220112
0.000012180000   13.928953023228
0.000012350000   13.586130181663
0.000012520000   13.252390497422
0.000012690000   12.927510845155
0.000012860000   12.611274022982
0.000013030000   12.303468607286
0.000013200000   12.003888811358
0.000013370000   11.712334347818
0.000013540000   11.428610294710
0.000013710000   11.152526965186
0.000013880000   10.883899780689
0.000014050000   10.622549147548
0.000014220000   10.368300336913
0.000014390000   10.120983367935
0.000014560000   9.880432894122
0.000014730000   9.646488092801
0.000014900000   9.418992557592
0.000015070000   9.197794193842
0.000015240000   8.982745116945
0.000015410000   8.773701553465
0.000015580000   8.570523745020
0.000015750000   8.373075854844
0.000015920000   8.181225876969
0.000016090000   7.994845547975
0.000016260000   7.813810261235
0.000016430000   7.637998983610
0.000016600000   7.467294174528
0.000016770000   7.301581707406
0.000016940000   7.140750793344
0.000017110000   6.984693907059
0.000017280000   6.833306714996
0.000017450000   6.686488005578
0.000017620000   6.544139621534
0.000017790000   6.406166394282
0.000017960000   6.272476080296
0.000018130000   6.142979299442
0.000018300000   6.017589475217
0.000018470000   5.896222776871
0.000018640000   5.778798063356
0.000018810000   5.665236829084
0.000018980000   5.555463151438
0.000019150000   5.449403640015
0.000019320000   5.346987387556
0.000019490000   5.248145922546
0.000019660000   5.152813163433
0.000019830000   5.060925374446
0.000020000000   4.972421122992


0.000020000000   4.163332650290
0.000020666667   3.909652777267
0.000021333333   3.671430107465
0.000022000000   3.447722803736
0.000022666667   3.237646416883
0.000023333333   3.040370388904
0.000024000000   2.855114769295
0.000024666667   2.681147131437
0.000025333333   2.517779676879
0.000026000000   2.364366516051
0.000026666667   2.220301114680
0.000027333333   2.085013895797
0.000028000000   1.957969987852
0.000028666667   1.838667110052
0.000029333333   1.726633586537
0.000030000000   1.621426481570
0.000030666667   1.522629848341
0.000031333333   1.429853084480
0.000032000000   1.342729387774
0.000032666667   1.260914305976
0.000033333333   1.184084374977
0.000034000000   1.111935839964
0.000034666667   1.044183454487
0.000035333333   0.980559352716
0.000036000000   0.920811990402
0.000036666667   0.864705150373
0.000037333333   0.812017008627
0.000038000000   0.762539257326
0.000038666667   0.716076281232
0.000039333333   0.672444384324
0.000040000000   0.631471063535
0.000040666667   0.592994326741
0.000041333333   0.556862052319
0.000042000000   0.522931387706
0.000042666667   0.491068184627
0.000043333333   0.461146468723
0.000044000000   0.433047941499
0.000044666667   0.406661512615
0.000045333333   0.381882860688
0.000046000000   0.358614020839
0.000046666667   0.336762997382
0.000047333333   0.316243400112
0.000048000000   0.296974102749
0.000048666667   0.278878922199
0.000049333333   0.261886317355
0.000050000000   0.245929106255
0.000050666667   0.230944200470
0.000051333333   0.216872355676
0.000052000000   0.203657937428
0.000052666667   0.191248701200
0.000053333333   0.179595585838
0.000054000000   0.168652519584
0.000054666667   0.158376237932
0.000055333333   0.148726112573
0.000056000000   0.139663990774
0.000056666667   0.131154044528
0.000057333333   0.123162628913
0.000058000000   0.115658149067
0.000058666667   0.108610935280
0.000059333333   0.101993125686
0.000060000000   0.095778556114
0.000060666667   0.089942656642
0.000061333333   0.084462354456
0.000062000000   0.079315982636
0.000062666667   0.074483194484
0.000063333333   0.069944883090
0.000064000000   0.065683105786
0.000064666667   0.061681013209
0.000065333333   0.057922782685
0.000066000000   0.054393555676
0.000066666667   0.051079379028
0.000067333333   0.047967149813
0.000068000000   0.045044563521
0.000068666667   0.042300065416
0.000069333333   0.039722804849
0.000070000000   0.037302592364
0.000070666667   0.035029859408
0.000071333333   0.032895620504
0.000072000000   0.030891437725
0.000072666667   0.029009387334
0.000073333333   0.027242028457
0.000074000000   0.025582373664
0.000074666667   0.024023861344
0.000075333333   0.022560329761
0.000076000000   0.021185992698
0.000076666667   0.019895416576
0.000077333333   0.018683498973
0.000078000000   0.017545448452
0.000078666667   0.016476765616
0.000079333333   0.015473225320
0.000080000000   0.014530859967
0.000080666667   0.013645943823
0.000081333333   0.012814978282
0.000082000000   0.012034678040
0.000082666667   0.011301958100
0.000083333333   0.010613921582
0.000084000000   0.009967848264
0.000084666667   0.009361183832
0.000085333333   0.008791529775
0.000086000000   0.008256633911
0.000086666667   0.007754381475
0.000087333333   0.007282786761
0.000088000000   0.006839985273
0.000088666667   0.006424226350
0.000089333333   0.006033866249
0.000090000000   0.005667361642
0.000090666667   0.005323263516
0.000091333333   0.005000211444
0.000092000000   0.004696928208
0.000092666667   0.004412214748
0.000093333333   0.004144945419
0.000094000000   0.003894063547
0.000094666667   0.003658577245
0.000095333333   0.003437555494
0.000096000000   0.003230124462
0.000096666667   0.003035464050
0.000097333333   0.002852804649
0.000098000000   0.002681424096
0.000098666667   0.002520644821
0.000099333333   0.002369831168
0.000100000000   0.002228386880
0.000100666667   0.002095752741
0.000101333333   0.001971404371
0.000102000000   0.001854850145
0.000102666667   0.001745629255
0.000103333333   0.001643309885
0.000104000000   0.001547487504
0.000104666667   0.001457783270
0.000105333333   0.001373842528
0.000106000000   0.001295333410
0.000106666667   0.001221945522
0.000107333333   0.001153388718
0.000108000000   0.001089391951
0.000108666667   0.001029702204
0.000109333333   0.000974083489
0.000110000000   0.000922315909
0.000110666667   0.000874194798
0.000111333333   0.000829529903
0.000112000000   0.000788144638
0.000112666667   0.000749875381
0.000113333333   0.000714570832
0.000114000000   0.000682091410
0.000114666667   0.000652308704
0.000115333333   0.000625104966
0.000116000000   0.000600372644
0.000116666667   0.000578013954
0.000117333333   0.000557940501
0.000118000000   0.000540072921
0.000118666667   0.000524340573
0.000119333333   0.000510681258
0.000120000000   0.000499040973


0.000120000000   0.000499040973
0.000122500000   0.000489082486
0.000125000000   0.000479322558
0.000127500000   0.000469757226
0.000130000000   0.000460382608
0.000132500000   0.000451194897
0.000135000000   0.000442190363
0.000137500000   0.000433365350
0.000140000000   0.000424716276
0.000142500000   0.000416239629
0.000145000000   0.000407931968
0.000147500000   0.000399789920
0.000150000000   0.000391810180
0.000152500000   0.000383989508
0.000155000000   0.000376324729
0.000157500000   0.000368812731
0.000160000000   0.000361450464
0.000162500000   0.000354234940
0.000165000000   0.000347163229
0.000167500000   0.000340232460
0.000170000000   0.000333439819
0.000172500000   0.000326782549
0.000175000000   0.000320257947
0.000177500000   0.000313863364
0.000180000000   0.000307596204
0.000182500000   0.000301453922
0.000185000000   0.000295434025
0.000187500000   0.000289534070
0.000190000000   0.000283751660
0.000192500000   0.000278084448
0.000195000000   0.000272530133
0.000197500000   0.000267086461
0.000200000000   0.000261751222
0.000202500000   0.000256522248
0.000205000000   0.000251397418
0.000207500000   0.000246374651
0.000210000000   0.000241451908
0.000212500000   0.000236627190
0.000215000000   0.000231898538
0.000217500000   0.000227264033
0.000220000000   0.000222721794
0.000222500000   0.000218269975
0.000225000000   0.000213906770
0.000227500000   0.000209630407
0.000230000000   0.000205439151
0.000232500000   0.000201331299
0.000235000000   0.000197305184
0.000237500000   0.000193359172
0.000240000000   0.000189491660
0.000242500000   0.000185701078
0.000245000000   0.000181985887
0.000247500000   0.000178344580
0.000250000000   0.000174775677
0.000252500000   0.000171277730
0.000255000000   0.000167849319
0.000257500000   0.000164489052
0.000260000000   0.000161195564
0.000262500000   0.000157967519
0.000265000000   0.000154803606
0.000267500000   0.000151702540
0.000270000000   0.000148663063
0.000272500000   0.000145683941
0.000275000000   0.000142763963
0.000277500000   0.000139901945
0.000280000000   0.000137096725
0.000282500000   0.000134347164
0.000285000000   0.000131652145
0.000287500000   0.000129010575
0.000290000000   0.000126421381
0.000292500000   0.000123883511
0.000295000000   0.000121395936
0.000297500000   0.000118957646
0.000300000000   0.000116567650
0.000302500000   0.000114224979
0.000305000000   0.000111928681
0.000307500000   0.000109677824
0.000310000000   0.000107471495
0.000312500000   0.000105308797
0.000315000000   0.000103188852
0.000317500000   0.000101110800
0.000320000000   0.000099073798
0.000322500000   0.000097077017
0.000325000000   0.000095119649
0.000327500000   0.000093200897
0.000330000000   0.000091319983
0.000332500000   0.000089476143
0.000335000000   0.000087668629
0.000337500000   0.000085896707
0.000340000000   0.000084159657
0.000342500000   0.000082456775
0.000345000000   0.000080787369
0.000347500000   0.000079150761
0.000350000000   0.000077546286
0.000352500000   0.000075973295
0.000355000000   0.000074431146
0.000357500000   0.000072919216
0.000360000000   0.000071436890
0.000362500000   0.000069983566
0.000365000000   0.000068558653
0.000367500000   0.000067161575
0.000370000000   0.000065791763
0.000372500000   0.000064448661
0.000375000000   0.000063131724
0.000377500000   0.000061840417
0.000380000000   0.000060574217
0.000382500000   0.000059332609
0.000385000000   0.000058115088
0.000387500000   0.000056921162
0.000390000000   0.000055750344
0.000392500000   0.000054602160
0.000395000000   0.000053476143
0.000397500000   0.000052371837
0.000400000000   0.000051288793
0.000402500000   0.000050226571
0.000405000000   0.000049184740
0.000407500000   0.000048162878
0.000410000000   0.000047160569
0.000412500000   0.000046177406
0.000415000000   0.000045212990
0.000417500000   0.000044266930
0.000420000000   0.000043338841
0.000422500000   0.000042428348
0.000425000000   0.000041535079
0.000427500000   0.000040658673
0.000430000000   0.000039798774
0.000432500000   0.000038955032
0.000435000000   0.000038127105
0.000437500000   0.000037314658
0.000440000000   0.000036517359
0.000442500000   0.000035734886
0.000445000000   0.000034966920
0.000447500000   0.000034213151
0.000450000000   0.000033473271
0.000452500000   0.000032746981
0.000455000000   0.000032033985
0.000457500000   0.000031333995
0.000460000000   0.000030646726
0.000462500000   0.000029971899
0.000465000000   0.000029309240
0.000467500000   0.000028658480
0.000470000000   0.000028019355
0.000472500000   0.000027391605
0.000475000000   0.000026774976
0.000477500000   0.000026169216
0.000480000000   0.000025574082
0.000482500000   0.000024989329
0.000485000000   0.000024414722
0.000487500000   0.000023850027
0.000490000000   0.000023295015
0.000492500000   0.000022749460
0.000495000000   0.000022213140
0.000497500000   0.000021685839
0.000500000000   0.000021167342
0.000502500000   0.000020657439
0.000505000000   0.000020155922
0.000507500000   0.000019662588
0.000510000000   0.000019177237
0.000512500000   0.000018699671
0.000515000000   0.000018229697
0.000517500000   0.000017767124
0.000520000000   0.000017311764
0.000522500000   0.000016863433
0.000525000000   0.000016421947
0.000527500000   0.000015987129
0.000530000000   0.000015558801
0.000532500000   0.000015136790
0.000535000000   0.000014720924
0.000537500000   0.000014311035
0.000540000000   0.000013906955
0.000542500000   0.000013508522
0.000545000000   0.000013115572
0.000547500000   0.000012727948
0.000550000000   0.000012345491
0.000552500000   0.000011968045
0.000555000000   0.000011595459
0.000557500000   0.000011227580
0.000560000000   0.000010864259
0.000562500000   0.000010505349
0.000565000000   0.000010150704
0.000567500000   0.000009800180
0.000570000000   0.000009453635
0.000572500000   0.000009110928
0.000575000000   0.000008771919
0.000577500000   0.000008436472
0.000580000000   0.000008104450
0.000582500000   0.000007775718
0.000585000000   0.000007450143
0.000587500000   0.000007127593
0.000590000000   0.000006807936
0.000592500000   0.000006491043
0.000595000000   0.000006176786
0.000597500000   0.000005865036
0.000600000000   0.000005555667
0.000602500000   0.000005248554
0.000605000000   0.000004943571
0.000607500000   0.000004640596
0.000610000000   0.000004339504
0.000612500000   0.000004040174
0.000615000000   0.000003742485
0.000617500000   0.000003446315
0.000620000000   0.000003151544


