0.000000000000   2224862100.934430122375
0.000000060000   2123063000.310475587845
0.000000120000   2025921972.453415155411
0.000000180000   1933225886.628860473633
0.000000240000   1844771364.457124233246
0.000000300000   1760364333.694105863571
0.000000360000   1679819602.430156946182
0.000000420000   1602960452.772703170776
0.000000480000   1529618253.121149301529
0.000000540000   1459632088.183386325836
0.000000600000   1392848405.922141790390
0.000000660000   1329120680.656563520432
0.000000720000   1268309091.579866886139
0.000000780000   1210280215.987710475922
0.000000840000   1154906736.544221639633
0.000000900000   1102067161.943411111832
0.000000960000   1051645560.353098273277
0.000001020000   1003531305.056507825851
0.000001080000   957618831.733474493027
0.000001140000   913807406.848716259003
0.000001200000   872000906.639017343521
0.000001260000   832107606.214406490326
0.000001320000   794039978.310613512993
0.000001380000   757714501.251262307167
0.000001440000   723051475.698457717896
0.000001500000   689974849.789715051651
0.000001560000   658412052.277575254440
0.000001620000   628293833.305808782578
0.000001680000   599554112.472863793373
0.000001740000   572129833.849208474159
0.000001800000   545960827.630465745926
0.000001860000   520989678.122807025909
0.000001920000   497161597.770958483219
0.000001980000   474424306.952432036400
0.000002040000   452727919.274248003960
0.000002100000   432024832.120483279228
0.000002160000   412269622.210506558418
0.000002220000   393418945.938747465611
0.000002280000   375431444.277345955372
0.000002340000   358267652.033031165600
0.000002400000   341889911.259139001369
0.000002460000   326262288.632790923119
0.000002520000   311350496.615954875946
0.000002580000   297121818.227416098118
0.000002640000   283545035.260601818562
0.000002700000   270590359.789769530296
0.000002760000   258229368.814280331135
0.000002820000   246434941.897563755512
0.000002880000   235181201.663953721523
0.000002940000   224443457.022841960192
0.000003000000   214198148.995581358671


0.000003000000   41725070.271027222276
0.000003170000   40662433.066239371896
0.000003340000   39626981.179991222918
0.000003510000   38618022.349492833018
0.000003680000   37634882.024179153144
0.000003850000   36676902.914731837809
0.000004020000   35743444.553641177714
0.000004190000   34833882.867014490068
0.000004360000   33947609.757344603539
0.000004530000   33084032.696959603578
0.000004700000   32242574.331881873310
0.000004870000   31422672.095831733197
0.000005040000   30623777.834117557853
0.000005210000   29845357.437160890549
0.000005380000   29086890.483411587775
0.000005550000   28347869.891414240003
0.000005720000   27627801.580793276429
0.000005890000   26926204.141930073500
0.000006060000   26242608.514111254364
0.000006230000   25576557.671932939440
0.000006400000   24927606.319751400501
0.000006570000   24295320.593975696713
0.000006740000   23679277.773003432900
0.000006910000   23079065.994605541229
0.000007080000   22494283.980571229011
0.000007250000   21924540.768429014832
0.000007420000   21369455.450064472854
0.000007590000   20828656.917059857398
0.000007760000   20301783.612585511059
0.000007930000   19788483.289677049965
0.000008100000   19288412.775736756623
0.000008270000   18801237.743101757020
0.000008440000   18326632.485525567085
0.000008610000   17864279.700423598289
0.000008780000   17413870.276736993343
0.000008950000   16975103.088273022324
0.000009120000   16547684.792383857071
0.000009290000   16131329.633849075064
0.000009460000   15725759.253830883652
0.000009630000   15330702.503774221987
0.000009800000   14945895.264127410948
0.000009970000   14571080.267762109637
0.000010140000   14206006.927974548191
0.000010310000   13850431.170953001827
0.000010480000   13504115.272599557415
0.000010650000   13166827.699597038329
0.000010820000   12838342.954614864662
0.000010990000   12518441.425550302491
0.000011160000   12206909.238704383373
0.000011330000   11903538.115794278681
0.000011500000   11608125.234706547111
0.000011670000   11320473.093898182735
0.000011840000   11040389.380354767665
0.000012010000   10767686.841017486528
0.000012180000   10502183.157593028620
0.000012350000   10243700.824662681669
0.000012520000   9992067.031009120867
0.000012690000   9747113.544081555679
0.000012860000   9508676.597522020340
0.000013030000   9276596.781677549705
0.000013200000   9050718.937025098130
0.000013370000   8830892.050437932834
0.000013540000   8616969.154224134982
0.000013710000   8408807.227869734168
0.000013880000   8206267.102420756593
0.000014050000   8009213.367440288886
0.000014220000   7817514.280478340574
0.000014390000   7631041.678993962705
0.000014560000   7449670.894670775160
0.000014730000   7273280.670068584383
0.000014900000   7101753.077555387281
0.000015070000   6934973.440465543419
0.000015240000   6772830.256431427784
0.000015410000   6615215.122837293893
0.000015580000   6462022.664345509373
0.000015750000   6313150.462446701713
0.000015920000   6168498.986986743286
0.000016090000   6027971.529624764808
0.000016260000   5891474.139177721925
0.000016430000   5758915.558808300644
0.000016600000   5630207.165014146827
0.000016770000   5505262.908377649263
0.000016940000   5383999.256036651321
0.000017110000   5266335.135837627575
0.000017280000   5152191.882134008221
0.000017450000   5041493.183193387464
0.000017620000   4934165.030178475194
0.000017790000   4830135.667667669244
0.000017960000   4729335.545682182536
0.000018130000   4631697.273187625222
0.000018300000   4537155.573038995266
0.000018470000   4445647.238338917494
0.000018640000   4357111.090179976076
0.000018810000   4271487.936742881313
0.000018980000   4188720.533723121975
0.000019150000   4108753.546059656888
0.000019320000   4031533.510940048844
0.000019490000   3957008.802057309076
0.000019660000   3885129.595094561577
0.000019830000   3815847.834414446261
0.000020000000   3749117.200930988882


0.000020000000   1569539.432232205058
0.000020666667   1473904.373178039212
0.000021333333   1384096.542453670176
0.000022000000   1299760.875819545705
0.000022666667   1220563.943784060888
0.000023333333   1146192.633356720442
0.000024000000   1076352.910124618793
0.000024666667   1010768.655757985776
0.000025333333   949180.576348757488
0.000026000000   891345.177266181214
0.000026666667   837033.800476444769
0.000027333333   786031.720520271687
0.000028000000   738137.295574347372
0.000028666667   693161.170240205596
0.000029333333   650925.526908725500
0.000030000000   611263.382740431582
0.000030666667   574017.929482140113
0.000031333333   539041.913509848877
0.000032000000   506197.053646810236
0.000032666667   475353.494455069362
0.000033333333   446389.292839006055
0.000034000000   419189.935931110929
0.000034666667   393647.888353912858
0.000035333333   369662.167068110837
0.000036000000   347137.942126029229
0.000036666667   325986.161751937005
0.000037333333   306123.200266947213
0.000038000000   287470.527466532716
0.000038666667   269954.398143509810
0.000039333333   253505.560528987087
0.000040000000   238058.982498571684
0.000040666667   223553.594461362605
0.000041333333   209932.047915215924
0.000042000000   197140.488713706756
0.000042666667   185128.344148376083
0.000043333333   173848.123004470341
0.000044000000   163255.227799675078
0.000044666667   153307.778463508526
0.000045333333   143966.446760275314
0.000046000000   135194.300800953468
0.000046666667   126956.659029278235
0.000047333333   119220.953104741129
0.000048000000   111956.599140398961
0.000048666667   105134.876786418215
0.000049333333   98728.815681300228
0.000050000000   92713.088821859812
0.000050666667   87063.912430385491
0.000051333333   81758.951923095927
0.000052000000   76777.233608129522
0.000052666667   72099.061763956182
0.000053333333   67705.940770372821
0.000054000000   63580.501984219190
0.000054666667   59706.435070710344
0.000055333333   56068.423518897049
0.000056000000   52652.084086308052
0.000056666667   49443.909933362687
0.000057333333   46431.217222729858
0.000058000000   43602.094972508807
0.000058666667   40945.357964971059
0.000059333333   38450.502524683616
0.000060000000   36107.664991177749
0.000060666667   33907.582721980994
0.000061333333   31841.557471833861
0.000062000000   29901.421003307361
0.000062666667   28079.502792859548
0.000063333333   26368.599704653570
0.000064000000   24761.947512239909
0.000064666667   23253.194155510639
0.000065333333   21836.374627194589
0.000066000000   20505.887389604617
0.000066666667   19256.472228398176
0.000067333333   18083.189455793927
0.000068000000   16981.400381022104
0.000068666667   15946.748970796689
0.000069333333   14975.144627302212
0.000070000000   14062.746015606235
0.000070666667   13205.945876557558
0.000071333333   12401.356765126435
0.000072000000   11645.797657801912
0.000072666667   10936.281376097271
0.000073333333   10270.002776441168
0.000074000000   9644.327659761999
0.000074666667   9056.782356918464
0.000075333333   8505.043948801240
0.000076000000   7986.931082439994
0.000076666667   7500.395346806285
0.000077333333   7043.513174215706
0.000078000000   6614.478235310707
0.000078666667   6211.594297556829
0.000079333333   5833.268519017771
0.000080000000   5478.005150895501
0.000080666667   5144.399623937811
0.000081333333   4831.132995333321
0.000082000000   4536.966734139178
0.000082666667   4260.737824625128
0.000083333333   4001.354168174514
0.000084000000   3757.790265563193
0.000084666667   3529.083162545802
0.000085333333   3314.328642719851
0.000086000000   3112.677652615758
0.000086666667   2923.332944879045
0.000087333333   2745.545926273206
0.000088000000   2578.613698041479
0.000088666667   2421.876276926330
0.000089333333   2274.713985859636
0.000090000000   2136.545004007437
0.000090666667   2006.823066483080
0.000091333333   1885.035304634370
0.000092000000   1770.700218366062
0.000092666667   1663.365772481086
0.000093333333   1562.607609514191
0.000094000000   1468.027371992271
0.000094666667   1379.251127488260
0.000095333333   1295.927890241886
0.000096000000   1217.728233502373
0.000096666667   1144.342987106834
0.000097333333   1075.482015145120
0.000098000000   1010.873068878484
0.000098666667   950.260710376965
0.000099333333   893.405302619993
0.000100000000   840.082062067459
0.000100666667   790.080169955515
0.000101333333   743.201938803507
0.000102000000   699.262030836752
0.000102666667   658.086725235113
0.000103333333   619.513231310363
0.000104000000   583.389044896922
0.000104666667   549.571345411386
0.000105333333   517.926431197067
0.000106000000   488.329190921129
0.000106666667   460.662608934417
0.000107333333   434.817302638388
0.000108000000   410.691090030070
0.000108666667   388.188585715295
0.000109333333   367.220823793003
0.000110000000   347.704906119660
0.000110666667   329.563674563151
0.000111333333   312.725405950395
0.000112000000   297.123528502605
0.000112666667   282.696358637102
0.000113333333   269.386857095107
0.000114000000   257.142403431323
0.000114666667   245.914587973745
0.000115333333   235.659020431179
0.000116000000   226.335154391791
0.000116666667   217.906127018806
0.000117333333   210.338613309602
0.000118000000   203.602694341980
0.000118666667   197.671738986707
0.000119333333   192.522298618693
0.000120000000   188.134014410497


0.000120000000   5.455886417904
0.000122500000   5.347012847363
0.000125000000   5.240310069062
0.000127500000   5.135734763568
0.000130000000   5.033244475164
0.000132500000   4.932797594614
0.000135000000   4.834353342269
0.000137500000   4.737871751510
0.000140000000   4.643313652526
0.000142500000   4.550640656408
0.000145000000   4.459815139566
0.000147500000   4.370800228454
0.000150000000   4.283559784597
0.000152500000   4.198058389927
0.000155000000   4.114261332394
0.000157500000   4.032134591883
0.000160000000   3.951644826396
0.000162500000   3.872759358517
0.000165000000   3.795446162148
0.000167500000   3.719673849503
0.000170000000   3.645411658371
0.000172500000   3.572629439621
0.000175000000   3.501297644965
0.000177500000   3.431387314960
0.000180000000   3.362870067255
0.000182500000   3.295718085065
0.000185000000   3.229904105877
0.000187500000   3.165401410385
0.000190000000   3.102183811640
0.000192500000   3.040225644420
0.000195000000   2.979501754809
0.000197500000   2.919987489988
0.000200000000   2.861658688221
0.000202500000   2.804491669052
0.000205000000   2.748463223685
0.000207500000   2.693550605568
0.000210000000   2.639731521152
0.000212500000   2.586984120846
0.000215000000   2.535286990141
0.000217500000   2.484619140922
0.000220000000   2.434960002940
0.000222500000   2.386289415469
0.000225000000   2.338587619114
0.000227500000   2.291835247793
0.000230000000   2.246013320874
0.000232500000   2.201103235468
0.000235000000   2.157086758879
0.000237500000   2.113946021199
0.000240000000   2.071663508055
0.000242500000   2.030222053497
0.000245000000   1.989604833030
0.000247500000   1.949795356786
0.000250000000   1.910777462823
0.000252500000   1.872535310570
0.000255000000   1.835053374392
0.000257500000   1.798316437289
0.000260000000   1.762309584717
0.000262500000   1.727018198533
0.000265000000   1.692427951062
0.000267500000   1.658524799277
0.000270000000   1.625294979101
0.000272500000   1.592724999818
0.000275000000   1.560801638593
0.000277500000   1.529511935110
0.000280000000   1.498843186305
0.000282500000   1.468782941210
0.000285000000   1.439318995900
0.000287500000   1.410439388536
0.000290000000   1.382132394512
0.000292500000   1.354386521689
0.000295000000   1.327190505737
0.000297500000   1.300533305556
0.000300000000   1.274404098796
0.000302500000   1.248792277464
0.000305000000   1.223687443614
0.000307500000   1.199079405131
0.000310000000   1.174958171588
0.000312500000   1.151313950193
0.000315000000   1.128137141811
0.000317500000   1.105418337070
0.000320000000   1.083148312538
0.000322500000   1.061318026983
0.000325000000   1.039918617694
0.000327500000   1.018941396893
0.000330000000   0.998377848200
0.000332500000   0.978219623180
0.000335000000   0.958458537951
0.000337500000   0.939086569864
0.000340000000   0.920095854244
0.000342500000   0.901478681197
0.000345000000   0.883227492482
0.000347500000   0.865334878441
0.000350000000   0.847793574991
0.000352500000   0.830596460672
0.000355000000   0.813736553763
0.000357500000   0.797207009441
0.000360000000   0.781001117005
0.000362500000   0.765112297149
0.000365000000   0.749534099296
0.000367500000   0.734260198974
0.000370000000   0.719284395250
0.000372500000   0.704600608214
0.000375000000   0.690202876510
0.000377500000   0.676085354913
0.000380000000   0.662242311962
0.000382500000   0.648668127627
0.000385000000   0.635357291029
0.000387500000   0.622304398206
0.000390000000   0.609504149915
0.000392500000   0.596951349483
0.000395000000   0.584640900695
0.000397500000   0.572567805728
0.000400000000   0.560727163120
0.000402500000   0.549114165780
0.000405000000   0.537724099038
0.000407500000   0.526552338729
0.000410000000   0.515594349316
0.000412500000   0.504845682051
0.000415000000   0.494301973166
0.000417500000   0.483958942102
0.000420000000   0.473812389771
0.000422500000   0.463858196855
0.000425000000   0.454092322128
0.000427500000   0.444510800818
0.000430000000   0.435109742997
0.000432500000   0.425885332003
0.000435000000   0.416833822889
0.000437500000   0.407951540903
0.000440000000   0.399234879997
0.000442500000   0.390680301360
0.000445000000   0.382284331987
0.000447500000   0.374043563262
0.000450000000   0.365954649579
0.000452500000   0.358014306984
0.000455000000   0.350219311839
0.000457500000   0.342566499513
0.000460000000   0.335052763101
0.000462500000   0.327675052160
0.000465000000   0.320430371469
0.000467500000   0.313315779818
0.000470000000   0.306328388808
0.000472500000   0.299465361683
0.000475000000   0.292723912175
0.000477500000   0.286101303376
0.000480000000   0.279594846625
0.000482500000   0.273201900415
0.000485000000   0.266919869323
0.000487500000   0.260746202958
0.000490000000   0.254678394919
0.000492500000   0.248713981785
0.000495000000   0.242850542110
0.000497500000   0.237085695441
0.000500000000   0.231417101354
0.000502500000   0.225842458499
0.000505000000   0.220359503670
0.000507500000   0.214966010886
0.000510000000   0.209659790484
0.000512500000   0.204438688233
0.000515000000   0.199300584458
0.000517500000   0.194243393180
0.000520000000   0.189265061270
0.000522500000   0.184363567612
0.000525000000   0.179536922289
0.000527500000   0.174783165767
0.000530000000   0.170100368105
0.000532500000   0.165486628172
0.000535000000   0.160940072870
0.000537500000   0.156458856379
0.000540000000   0.152041159404
0.000542500000   0.147685188440
0.000545000000   0.143389175039
0.000547500000   0.139151375096
0.000550000000   0.134970068139
0.000552500000   0.130843556633
0.000555000000   0.126770165287
0.000557500000   0.122748240376
0.000560000000   0.118776149071
0.000562500000   0.114852278772
0.000565000000   0.110975036458
0.000567500000   0.107142848038
0.000570000000   0.103354157711
0.000572500000   0.099607427336
0.000575000000   0.095901135808
0.000577500000   0.092233778437
0.000580000000   0.088603866342
0.000582500000   0.085009925843
0.000585000000   0.081450497864
0.000587500000   0.077924137340
0.000590000000   0.074429412631
0.000592500000   0.070964904943
0.000595000000   0.067529207745
0.000597500000   0.064120926206
0.000600000000   0.060738676624
0.000602500000   0.057381085866
0.000605000000   0.054046790809
0.000607500000   0.050734437790
0.000610000000   0.047442682051
0.000612500000   0.044170187198
0.000615000000   0.040915624657
0.000617500000   0.037677673133
0.000620000000   0.034455018075


