0.000000000000   38.160030395247
0.000000060000   38.160424964535
0.000000120000   38.160790800640
0.000000180000   38.161129218251
0.000000240000   38.161441471904
0.000000300000   38.161728758726
0.000000360000   38.161992221068
0.000000420000   38.162232949009
0.000000480000   38.162451982749
0.000000540000   38.162650314889
0.000000600000   38.162828892609
0.000000660000   38.162988619750
0.000000720000   38.163130358791
0.000000780000   38.163254932746
0.000000840000   38.163363126969
0.000000900000   38.163455690876
0.000000960000   38.163533339588
0.000001020000   38.163596755503
0.000001080000   38.163646589791
0.000001140000   38.163683463824
0.000001200000   38.163707970539
0.000001260000   38.163720675738
0.000001320000   38.163722119330
0.000001380000   38.163712816517
0.000001440000   38.163693258920
0.000001500000   38.163663915665
0.000001560000   38.163625234404
0.000001620000   38.163577642304
0.000001680000   38.163521546978
0.000001740000   38.163457337387
0.000001800000   38.163385384684
0.000001860000   38.163306043039
0.000001920000   38.163219650405
0.000001980000   38.163126529268
0.000002040000   38.163026987351
0.000002100000   38.162921318290
0.000002160000   38.162809802276
0.000002220000   38.162692706673
0.000002280000   38.162570286603
0.000002340000   38.162442785506
0.000002400000   38.162310435674
0.000002460000   38.162173458760
0.000002520000   38.162032066267
0.000002580000   38.161886460007
0.000002640000   38.161736832550
0.000002700000   38.161583367641
0.000002760000   38.161426240607
0.000002820000   38.161265618740
0.000002880000   38.161101661663
0.000002940000   38.160934521682
0.000003000000   38.160764344120


0.000003000000   38.160764344120
0.000003170000   38.160275800913
0.000003340000   38.159782839869
0.000003510000   38.159285573489
0.000003680000   38.158784111390
0.000003850000   38.158278560390
0.000004020000   38.157769024567
0.000004190000   38.157255605341
0.000004360000   38.156738401531
0.000004530000   38.156217509428
0.000004700000   38.155693022857
0.000004870000   38.155165033239
0.000005040000   38.154633629654
0.000005210000   38.154098898900
0.000005380000   38.153560925548
0.000005550000   38.153019792004
0.000005720000   38.152475578559
0.000005890000   38.151928363448
0.000006060000   38.151378222896
0.000006230000   38.150825231173
0.000006400000   38.150269460643
0.000006570000   38.149710981814
0.000006740000   38.149149863380
0.000006910000   38.148586172273
0.000007080000   38.148019973703
0.000007250000   38.147451331206
0.000007420000   38.146880306681
0.000007590000   38.146306960438
0.000007760000   38.145731351231
0.000007930000   38.145153536304
0.000008100000   38.144573571425
0.000008270000   38.143991510926
0.000008440000   38.143407407736
0.000008610000   38.142821313419
0.000008780000   38.142233278208
0.000008950000   38.141643351040
0.000009120000   38.141051579584
0.000009290000   38.140458010278
0.000009460000   38.139862688357
0.000009630000   38.139265657886
0.000009800000   38.138666961786
0.000009970000   38.138066641866
0.000010140000   38.137464738846
0.000010310000   38.136861292392
0.000010480000   38.136256341135
0.000010650000   38.135649922702
0.000010820000   38.135042073738
0.000010990000   38.134432829932
0.000011160000   38.133822226039
0.000011330000   38.133210295906
0.000011500000   38.132597072495
0.000011670000   38.131982587899
0.000011840000   38.131366873373
0.000012010000   38.130749959346
0.000012180000   38.130131875446
0.000012350000   38.129512650520
0.000012520000   38.128892312650
0.000012690000   38.128270889176
0.000012860000   38.127648406710
0.000013030000   38.127024891160
0.000013200000   38.126400367738
0.000013370000   38.125774860986
0.000013540000   38.125148394788
0.000013710000   38.124520992386
0.000013880000   38.123892676395
0.000014050000   38.123263468820
0.000014220000   38.122633391072
0.000014390000   38.122002463977
0.000014560000   38.121370707796
0.000014730000   38.120738142233
0.000014900000   38.120104786453
0.000015070000   38.119470659091
0.000015240000   38.118835778268
0.000015410000   38.118200161599
0.000015580000   38.117563826210
0.000015750000   38.116926788745
0.000015920000   38.116289065376
0.000016090000   38.115650671821
0.000016260000   38.115011623348
0.000016430000   38.114371934785
0.000016600000   38.113731620536
0.000016770000   38.113090694584
0.000016940000   38.112449170504
0.000017110000   38.111807061471
0.000017280000   38.111164380268
0.000017450000   38.110521139297
0.000017620000   38.109877350584
0.000017790000   38.109233025791
0.000017960000   38.108588176221
0.000018130000   38.107942812824
0.000018300000   38.107296946209
0.000018470000   38.106650586647
0.000018640000   38.106003744081
0.000018810000   38.105356428129
0.000018980000   38.104708648095
0.000019150000   38.104060412970
0.000019320000   38.103411731443
0.000019490000   38.102762611903
0.000019660000   38.102113062448
0.000019830000   38.101463090887
0.000020000000   38.100812704747


0.000020000000   38.100812704747
0.000020666667   38.099449244406
0.000021333333   38.098084468667
0.000022000000   38.096718457679
0.000022666667   38.095351286708
0.000023333333   38.093983026434
0.000024000000   38.092613743230
0.000024666667   38.091243499426
0.000025333333   38.089872353553
0.000026000000   38.088500360575
0.000026666667   38.087127572108
0.000027333333   38.085754036624
0.000028000000   38.084379799638
0.000028666667   38.083004903895
0.000029333333   38.081629389535
0.000030000000   38.080253294250
0.000030666667   38.078876653438
0.000031333333   38.077499500339
0.000032000000   38.076121866167
0.000032666667   38.074743780235
0.000033333333   38.073365270069
0.000034000000   38.071986361520
0.000034666667   38.070607078861
0.000035333333   38.069227444888
0.000036000000   38.067847481006
0.000036666667   38.066467207318
0.000037333333   38.065086642701
0.000038000000   38.063705804881
0.000038666667   38.062324710506
0.000039333333   38.060943375208
0.000040000000   38.059561813666
0.000040666667   38.058180039667
0.000041333333   38.056798066155
0.000042000000   38.055415905287
0.000042666667   38.054033568480
0.000043333333   38.052651066454
0.000044000000   38.051268409275
0.000044666667   38.049885606397
0.000045333333   38.048502666699
0.000046000000   38.047119598517
0.000046666667   38.045736409679
0.000047333333   38.044353107537
0.000048000000   38.042969698996
0.000048666667   38.041586190539
0.000049333333   38.040202588252
0.000050000000   38.038818897855
0.000050666667   38.037435124714
0.000051333333   38.036051273873
0.000052000000   38.034667350065
0.000052666667   38.033283357737
0.000053333333   38.031899301063
0.000054000000   38.030515183964
0.000054666667   38.029131010123
0.000055333333   38.027746782996
0.000056000000   38.026362505830
0.000056666667   38.024978181674
0.000057333333   38.023593813392
0.000058000000   38.022209403672
0.000058666667   38.020824955039
0.000059333333   38.019440469863
0.000060000000   38.018055950372
0.000060666667   38.016671398657
0.000061333333   38.015286816680
0.000062000000   38.013902206287
0.000062666667   38.012517569207
0.000063333333   38.011132907068
0.000064000000   38.009748221395
0.000064666667   38.008363513624
0.000065333333   38.006978785100
0.000066000000   38.005594037088
0.000066666667   38.004209270776
0.000067333333   38.002824487278
0.000068000000   38.001439687641
0.000068666667   38.000054872849
0.000069333333   37.998670043826
0.000070000000   37.997285201438
0.000070666667   37.995900346499
0.000071333333   37.994515479775
0.000072000000   37.993130601983
0.000072666667   37.991745713797
0.000073333333   37.990360815852
0.000074000000   37.988975908741
0.000074666667   37.987590993022
0.000075333333   37.986206069221
0.000076000000   37.984821137830
0.000076666667   37.983436199310
0.000077333333   37.982051254097
0.000078000000   37.980666302597
0.000078666667   37.979281345194
0.000079333333   37.977896382248
0.000080000000   37.976511414096
0.000080666667   37.975126441055
0.000081333333   37.973741463422
0.000082000000   37.972356481478
0.000082666667   37.970971495485
0.000083333333   37.969586505690
0.000084000000   37.968201512323
0.000084666667   37.966816515603
0.000085333333   37.965431515733
0.000086000000   37.964046512906
0.000086666667   37.962661507300
0.000087333333   37.961276499085
0.000088000000   37.959891488421
0.000088666667   37.958506475454
0.000089333333   37.957121460327
0.000090000000   37.955736443169
0.000090666667   37.954351424105
0.000091333333   37.952966403249
0.000092000000   37.951581380711
0.000092666667   37.950196356593
0.000093333333   37.948811330991
0.000094000000   37.947426303994
0.000094666667   37.946041275686
0.000095333333   37.944656246148
0.000096000000   37.943271215453
0.000096666667   37.941886183671
0.000097333333   37.940501150868
0.000098000000   37.939116117106
0.000098666667   37.937731082441
0.000099333333   37.936346046928
0.000100000000   37.934961010617
0.000100666667   37.933575973557
0.000101333333   37.932190935792
0.000102000000   37.930805897364
0.000102666667   37.929420858311
0.000103333333   37.928035818671
0.000104000000   37.926650778479
0.000104666667   37.925265737765
0.000105333333   37.923880696561
0.000106000000   37.922495654895
0.000106666667   37.921110612793
0.000107333333   37.919725570280
0.000108000000   37.918340527379
0.000108666667   37.916955484111
0.000109333333   37.915570440497
0.000110000000   37.914185396555
0.000110666667   37.912800352303
0.000111333333   37.911415307757
0.000112000000   37.910030262931
0.000112666667   37.908645217841
0.000113333333   37.907260172498
0.000114000000   37.905875126915
0.000114666667   37.904490081102
0.000115333333   37.903105035070
0.000116000000   37.901719988828
0.000116666667   37.900334942383
0.000117333333   37.898949895744
0.000118000000   37.897564848917
0.000118666667   37.896179801909
0.000119333333   37.894794754724
0.000120000000   37.893409707367


0.000120000000   37.893409707367
0.000122500000   37.888221411680
0.000125000000   37.883044315006
0.000127500000   37.877878352071
0.000130000000   37.872723457744
0.000132500000   37.867579567029
0.000135000000   37.862446615072
0.000137500000   37.857324537155
0.000140000000   37.852213268698
0.000142500000   37.847112745258
0.000145000000   37.842022902525
0.000147500000   37.836943676327
0.000150000000   37.831875002622
0.000152500000   37.826816817505
0.000155000000   37.821769057199
0.000157500000   37.816731658063
0.000160000000   37.811704556584
0.000162500000   37.806687689378
0.000165000000   37.801680993191
0.000167500000   37.796684404899
0.000170000000   37.791697861503
0.000172500000   37.786721300130
0.000175000000   37.781754658037
0.000177500000   37.776797872601
0.000180000000   37.771850881327
0.000182500000   37.766913621841
0.000185000000   37.761986031893
0.000187500000   37.757068049356
0.000190000000   37.752159612221
0.000192500000   37.747260658601
0.000195000000   37.742371126730
0.000197500000   37.737490954959
0.000200000000   37.732620081757
0.000202500000   37.727758445711
0.000205000000   37.722905985524
0.000207500000   37.718062640015
0.000210000000   37.713228348117
0.000212500000   37.708403048878
0.000215000000   37.703586681460
0.000217500000   37.698779185136
0.000220000000   37.693980499292
0.000222500000   37.689190563424
0.000225000000   37.684409317140
0.000227500000   37.679636700157
0.000230000000   37.674872652299
0.000232500000   37.670117113499
0.000235000000   37.665370023800
0.000237500000   37.660631323347
0.000240000000   37.655900952394
0.000242500000   37.651178851299
0.000245000000   37.646464960524
0.000247500000   37.641759220634
0.000250000000   37.637061572299
0.000252500000   37.632371956288
0.000255000000   37.627690313474
0.000257500000   37.623016584828
0.000260000000   37.618350711423
0.000262500000   37.613692634431
0.000265000000   37.609042295119
0.000267500000   37.604399634855
0.000270000000   37.599764595104
0.000272500000   37.595137117424
0.000275000000   37.590517143471
0.000277500000   37.585904614995
0.000280000000   37.581299473839
0.000282500000   37.576701661940
0.000285000000   37.572111121328
0.000287500000   37.567527794122
0.000290000000   37.562951622536
0.000292500000   37.558382548870
0.000295000000   37.553820515517
0.000297500000   37.549265464956
0.000300000000   37.544717339757
0.000302500000   37.540176082574
0.000305000000   37.535641636149
0.000307500000   37.531113943312
0.000310000000   37.526592946974
0.000312500000   37.522078590134
0.000315000000   37.517570815873
0.000317500000   37.513069567354
0.000320000000   37.508574787826
0.000322500000   37.504086420616
0.000325000000   37.499604409132
0.000327500000   37.495128696865
0.000330000000   37.490659227382
0.000332500000   37.486195944332
0.000335000000   37.481738791438
0.000337500000   37.477287712504
0.000340000000   37.472842651408
0.000342500000   37.468403552106
0.000345000000   37.463970358628
0.000347500000   37.459543015079
0.000350000000   37.455121465637
0.000352500000   37.450705654552
0.000355000000   37.446295526150
0.000357500000   37.441891024825
0.000360000000   37.437492095044
0.000362500000   37.433098681343
0.000365000000   37.428710728328
0.000367500000   37.424328180675
0.000370000000   37.419950983127
0.000372500000   37.415579080493
0.000375000000   37.411212417652
0.000377500000   37.406850939547
0.000380000000   37.402494591187
0.000382500000   37.398143317645
0.000385000000   37.393797064058
0.000387500000   37.389455775627
0.000390000000   37.385119397616
0.000392500000   37.380787875350
0.000395000000   37.376461154215
0.000397500000   37.372139179658
0.000400000000   37.367821897186
0.000402500000   37.363509252365
0.000405000000   37.359201190819
0.000407500000   37.354897658232
0.000410000000   37.350598600341
0.000412500000   37.346303962943
0.000415000000   37.342013691889
0.000417500000   37.337727733086
0.000420000000   37.333446032495
0.000422500000   37.329168536130
0.000425000000   37.324895190059
0.000427500000   37.320625940402
0.000430000000   37.316360733330
0.000432500000   37.312099515066
0.000435000000   37.307842231883
0.000437500000   37.303588830103
0.000440000000   37.299339256098
0.000442500000   37.295093456286
0.000445000000   37.290851377136
0.000447500000   37.286612965162
0.000450000000   37.282378166924
0.000452500000   37.278146929027
0.000455000000   37.273919198123
0.000457500000   37.269694920907
0.000460000000   37.265474044117
0.000462500000   37.261256514534
0.000465000000   37.257042278983
0.000467500000   37.252831284329
0.000470000000   37.248623477477
0.000472500000   37.244418805374
0.000475000000   37.240217215006
0.000477500000   37.236018653396
0.000480000000   37.231823067609
0.000482500000   37.227630404744
0.000485000000   37.223440611939
0.000487500000   37.219253636366
0.000490000000   37.215069425235
0.000492500000   37.210887925790
0.000495000000   37.206709085307
0.000497500000   37.202532851100
0.000500000000   37.198359170511
0.000502500000   37.194187990919
0.000505000000   37.190019259730
0.000507500000   37.185852924383
0.000510000000   37.181688932348
0.000512500000   37.177527231123
0.000515000000   37.173367768236
0.000517500000   37.169210491242
0.000520000000   37.165055347725
0.000522500000   37.160902285296
0.000525000000   37.156751251590
0.000527500000   37.152602194269
0.000530000000   37.148455061021
0.000532500000   37.144309799556
0.000535000000   37.140166357610
0.000537500000   37.136024682941
0.000540000000   37.131884723327
0.000542500000   37.127746426571
0.000545000000   37.123609740496
0.000547500000   37.119474612945
0.000550000000   37.115340991779
0.000552500000   37.111208824881
0.000555000000   37.107078060150
0.000557500000   37.102948645505
0.000560000000   37.098820528879
0.000562500000   37.094693658223
0.000565000000   37.090567981505
0.000567500000   37.086443446706
0.000570000000   37.082320001823
0.000572500000   37.078197594864
0.000575000000   37.074076173853
0.000577500000   37.069955686826
0.000580000000   37.065836081829
0.000582500000   37.061717306921
0.000585000000   37.057599310170
0.000587500000   37.053482039655
0.000590000000   37.049365443465
0.000592500000   37.045249469694
0.000595000000   37.041134066447
0.000597500000   37.037019181836
0.000600000000   37.032904763978
0.000602500000   37.028790760997
0.000605000000   37.024677121021
0.000607500000   37.020563792185
0.000610000000   37.016450722625
0.000612500000   37.012337860482
0.000615000000   37.008225153900
0.000617500000   37.004112551024
0.000620000000   37.000000000000


