0.000000000000   70736989.221670076251
0.000000060000   70461445.132860824466
0.000000120000   70186408.165962755680
0.000000180000   69911876.341492280364
0.000000240000   69637847.683601424098
0.000000300000   69364320.220063596964
0.000000360000   69091291.982259348035
0.000000420000   68818761.005162253976
0.000000480000   68546725.327324748039
0.000000540000   68275182.990864023566
0.000000600000   68004132.041447907686
0.000000660000   67733570.528280809522
0.000000720000   67463496.504089727998
0.000000780000   67193908.025110155344
0.000000840000   66924803.151072129607
0.000000900000   66656179.945186302066
0.000000960000   66388036.474129915237
0.000001020000   66120370.808032989502
0.000001080000   65853181.020464345813
0.000001140000   65586465.188417799771
0.000001200000   65320221.392298273742
0.000001260000   65054447.715908005834
0.000001320000   64789142.246432788670
0.000001380000   64524303.074428133667
0.000001440000   64259928.293805606663
0.000001500000   63996016.001819044352
0.000001560000   63732564.299050875008
0.000001620000   63469571.289398476481
0.000001680000   63207035.080060511827
0.000001740000   62944953.781523294747
0.000001800000   62683325.507547244430
0.000001860000   62422148.375153221190
0.000001920000   62161420.504609048367
0.000001980000   61901140.019415929914
0.000002040000   61641305.046294979751
0.000002100000   61381913.715173751116
0.000002160000   61122964.159172728658
0.000002220000   60864454.514591954648
0.000002280000   60606382.920897550881
0.000002340000   60348747.520708359778
0.000002400000   60091546.459782600403
0.000002460000   59834777.887004472315
0.000002520000   59578439.954370893538
0.000002580000   59322530.816978119314
0.000002640000   59067048.633008539677
0.000002700000   58811991.563717365265
0.000002760000   58557357.773419491947
0.000002820000   58303145.429476141930
0.000002880000   58049352.702281810343
0.000002940000   57795977.765250973403
0.000003000000   57543018.794805064797


0.000003000000   56606831.896083541214
0.000003170000   56394234.175289861858
0.000003340000   56182605.959898054600
0.000003510000   55971943.611686930060
0.000003680000   55762243.509040065110
0.000003850000   55553502.046883538365
0.000004020000   55345715.636623978615
0.000004190000   55138880.706086859107
0.000004360000   54932993.699455067515
0.000004530000   54728051.077207803726
0.000004700000   54524049.316059723496
0.000004870000   54320984.908900335431
0.000005040000   54118854.364733763039
0.000005210000   53917654.208618670702
0.000005380000   53717380.981608606875
0.000005550000   53518031.240692421794
0.000005720000   53319601.558735176921
0.000005890000   53122088.524419188499
0.000006060000   52925488.742185369134
0.000006230000   52729798.832174897194
0.000006400000   52535015.430171042681
0.000006570000   52341135.187541402876
0.000006740000   52148154.771180301905
0.000006910000   51956070.863451473415
0.000007080000   51764880.162131048739
0.000007250000   51574579.380350776017
0.000007420000   51385165.246541514993
0.000007590000   51196634.504377007484
0.000007760000   51008983.912717878819
0.000007930000   50822210.245555914938
0.000008100000   50636310.291958615184
0.000008270000   50451280.856014005840
0.000008440000   50267118.756775654852
0.000008610000   50083820.828207999468
0.000008780000   49901383.919131964445
0.000008950000   49719804.893170721829
0.000009120000   49539080.628695815802
0.000009290000   49359208.018773458898
0.000009460000   49180183.971111170948
0.000009630000   49002005.408004574478
0.000009800000   48824669.266284495592
0.000009970000   48648172.497264318168
0.000010140000   48472512.066687539220
0.000010310000   48297684.954675652087
0.000010480000   48123688.155676200986
0.000010650000   47950518.678411096334
0.000010820000   47778173.545825213194
0.000010990000   47606649.795035213232
0.000011160000   47435944.477278597653
0.000011330000   47266054.657863013446
0.000011500000   47096977.416115812957
0.000011670000   46928709.845333822072
0.000011840000   46761249.052733369172
0.000012010000   46594592.159400604665
0.000012180000   46428736.300241947174
0.000012350000   46263678.623934835196
0.000012520000   46099416.292878746986
0.000012690000   45935946.483146391809
0.000012860000   45773266.384435154498
0.000013030000   45611373.200018793344
0.000013200000   45450264.146699361503
0.000013370000   45289936.454759359360
0.000013540000   45130387.367914088070
0.000013710000   44971614.143264345825
0.000013880000   44813614.051249183714
0.000014050000   44656384.375599026680
0.000014220000   44499922.413288950920
0.000014390000   44344225.474492244422
0.000014560000   44189290.882534146309
0.000014730000   44035115.973845839500
0.000014900000   43881698.097918651998
0.000015070000   43729034.617258489132
0.000015240000   43577122.907340511680
0.000015410000   43425960.356563970447
0.000015580000   43275544.366207346320
0.000015750000   43125872.350383684039
0.000015920000   42976941.735996104777
0.000016090000   42828749.962693586946
0.000016260000   42681294.482826940715
0.000016430000   42534572.761405035853
0.000016600000   42388582.276051163673
0.000016770000   42243320.516959749162
0.000016940000   42098784.986853152514
0.000017110000   41954973.200938738883
0.000017280000   41811882.686866179109
0.000017450000   41669510.984684951603
0.000017620000   41527855.646802023053
0.000017790000   41386914.237939797342
0.000017960000   41246684.335094228387
0.000018130000   41107163.527493178844
0.000018300000   40968349.416554965079
0.000018470000   40830239.615847155452
0.000018640000   40692831.751045495272
0.000018810000   40556123.459893107414
0.000018980000   40420112.392159901559
0.000019150000   40284796.209602132440
0.000019320000   40150172.585922218859
0.000019490000   40016239.206728786230
0.000019660000   39882993.769496813416
0.000019830000   39750433.983528099954
0.000020000000   39618557.569911845028


0.000020000000   24326145.249186191708
0.000020666667   24036314.976653266698
0.000021333333   23750077.716579876840
0.000022000000   23467390.681457094848
0.000022666667   23188211.614473085850
0.000023333333   22912498.783196434379
0.000024000000   22640210.973337888718
0.000024666667   22371307.482589531690
0.000025333333   22105748.114540483803
0.000026000000   21843493.172668252140
0.000026666667   21584503.454404782504
0.000027333333   21328740.245276350528
0.000028000000   21076165.313116416335
0.000028666667   20826740.902350589633
0.000029333333   20580429.728352818638
0.000030000000   20337194.971871990710
0.000030666667   20097000.273528069258
0.000031333333   19859809.728377025574
0.000032000000   19625587.880543671548
0.000032666667   19394299.717921592295
0.000033333333   19165910.666939474642
0.000034000000   18940386.587392941117
0.000034666667   18717693.767341185361
0.000035333333   18497798.918067619205
0.000036000000   18280669.169103786349
0.000036666667   18066272.063315801322
0.000037333333   17854575.552052561194
0.000038000000   17645547.990355033427
0.000038666667   17439158.132225897163
0.000039333333   17235375.125958785415
0.000040000000   17034168.509526491165
0.000040666667   16835508.206027448177
0.000041333333   16639364.519189734012
0.000042000000   16445708.128931982443
0.000042666667   16254510.086980558932
0.000043333333   16065741.812542298809
0.000044000000   15879375.088032148778
0.000044666667   15695382.054855158553
0.000045333333   15513735.209242077544
0.000046000000   15334407.398138027638
0.000046666667   15157371.815143601969
0.000047333333   14982601.996507760137
0.000048000000   14810071.817171957344
0.000048666667   14639755.486864909530
0.000049333333   14471627.546247379854
0.000050000000   14305662.863106470555
0.000050666667   14141836.628598770127
0.000051333333   13980124.353541871533
0.000052000000   13820501.864753670990
0.000052666667   13662945.301438882947
0.000053333333   13507431.111622273922
0.000054000000   13353936.048628041521
0.000054666667   13202437.167604854330
0.000055333333   13052911.822095971555
0.000056000000   12905337.660654017702
0.000056666667   12759692.623499808833
0.000057333333   12615954.939224803820
0.000058000000   12474103.121536659077
0.000058666667   12334115.966047391295
0.000059333333   12195972.547103704885
0.000060000000   12059652.214658949524
0.000060666667   11925134.591186311096
0.000061333333   11792399.568632716313
0.000062000000   11661427.305413039401
0.000062666667   11532198.223444113508
0.000063333333   11404693.005218155682
0.000064000000   11278892.590915128589
0.000064666667   11154778.175553636625
0.000065333333   11032331.206179901958
0.000066000000   10911533.379094416276
0.000066666667   10792366.637115854770
0.000067333333   10674813.166881851852
0.000068000000   10558855.396186199039
0.000068666667   10444475.991352116689
0.000069333333   10331657.854641154408
0.000070000000   10220384.121697388589
0.000070666667   10110638.159026494250
0.000071333333   10002403.561509305611
0.000072000000   9895664.149949567392
0.000072666667   9790403.968655399978
0.000073333333   9686607.283054212108
0.000074000000   9584258.577340643853
0.000074666667   9483342.552157238126
0.000075333333   9383844.122307440266
0.000076000000   9285748.414500627667
0.000076666667   9189040.765128811821
0.000077333333   9093706.718074670061
0.000078000000   8999732.022550629452
0.000078666667   8907102.630968604237
0.000079333333   8815804.696840129793
0.000080000000   8725824.572706552222
0.000080666667   8637148.808098966256
0.000081333333   8549764.147527607158
0.000082000000   8463657.528500389308
0.000082666667   8378816.079570281319
0.000083333333   8295227.118411255069
0.000084000000   8212878.149922494777
0.000084666667   8131756.864360588603
0.000085333333   8051851.135499452241
0.000086000000   7973149.018817652948
0.000086666667   7895638.749712915160
0.000087333333   7819308.741743519902
0.000088000000   7744147.584896328859
0.000088666667   7670144.043881186284
0.000089333333   7597287.056451437995
0.000090000000   7525565.731750317849
0.000090666667   7454969.348682954907
0.000091333333   7385487.354313747957
0.000092000000   7317109.362288895994
0.000092666667   7249825.151283810847
0.000093333333   7183624.663475205190
0.000094000000   7118498.003037626855
0.000094666667   7054435.434664203785
0.000095333333   6991427.382111379877
0.000096000000   6929464.426767437719
0.000096666667   6868537.306244579144
0.000097333333   6808636.912994356826
0.000098000000   6749754.292946253903
0.000098666667   6691880.644169203006
0.000099333333   6635007.315555856563
0.000100000000   6579125.805529392324
0.000100666667   6524227.760772672482
0.000101333333   6470304.974979572929
0.000102000000   6417349.387628278695
0.000102666667   6365353.082776376978
0.000103333333   6314308.287877562456
0.000104000000   6264207.372619773261
0.000104666667   6215042.847784595564
0.000105333333   6166807.364127749577
0.000106000000   6119493.711280512623
0.000106666667   6073094.816671888344
0.000107333333   6027603.744471377693
0.000108000000   5983013.694552199915
0.000108666667   5939318.001474787481
0.000109333333   5896510.133490414359
0.000110000000   5854583.691564820707
0.000110666667   5813532.408421665430
0.000111333333   5773350.147605672479
0.000112000000   5734030.902565342374
0.000112666667   5695568.795755077153
0.000113333333   5657958.077756581828
0.000114000000   5621193.126419437118
0.000114666667   5585268.446020675823
0.000115333333   5550178.666443273425
0.000116000000   5515918.542373406701
0.000116666667   5482482.952516368590
0.000117333333   5449866.898831025697
0.000118000000   5418065.505782698281
0.000118666667   5387074.019614349119
0.000119333333   5356887.807635980658
0.000120000000   5327502.357532130554


0.000120000000   266375.117876606528
0.000122500000   264596.873471091851
0.000125000000   262827.751505834574
0.000127500000   261067.690987259033
0.000130000000   259316.631234198780
0.000132500000   257574.511875804426
0.000135000000   255841.272849462432
0.000137500000   254116.854398724128
0.000140000000   252401.197071245784
0.000142500000   250694.241716738557
0.000145000000   248995.929484929482
0.000147500000   247306.201823532261
0.000150000000   245625.000476228772
0.000152500000   243952.267480660492
0.000155000000   242287.945166430087
0.000157500000   240631.976153113152
0.000160000000   238984.303348280082
0.000162500000   237344.869945527462
0.000165000000   235713.619422519725
0.000167500000   234090.495539040479
0.000170000000   232475.442335053318
0.000172500000   230868.404128772672
0.000175000000   229269.325514744123
0.000177500000   227678.151361934026
0.000180000000   226094.826811828883
0.000182500000   224519.297276544006
0.000185000000   222951.508436941571
0.000187500000   221391.406240757642
0.000190000000   219838.936900738860
0.000192500000   218294.046892787912
0.000195000000   216756.682954118121
0.000197500000   215226.792081417399
0.000200000000   213704.321529020584
0.000202500000   212189.218807091063
0.000205000000   210681.431679811096
0.000207500000   209180.908163580782
0.000210000000   207687.596525226021
0.000212500000   206201.445280214772
0.000215000000   204722.403190882091
0.000217500000   203250.419264663622
0.000220000000   201785.442752337549
0.000222500000   200327.423146274901
0.000225000000   198876.310178698244
0.000227500000   197432.053819948545
0.000230000000   195994.604276760423
0.000232500000   194563.911990545341
0.000235000000   193139.927635682921
0.000237500000   191722.602117820672
0.000240000000   190311.886572181014
0.000242500000   188907.732361876755
0.000245000000   187510.091076234239
0.000247500000   186118.914529124246
0.000250000000   184734.154757300741
0.000252500000   183355.764018747315
0.000255000000   181983.694791030983
0.000257500000   180617.899769664073
0.000260000000   179258.331866473047
0.000262500000   177904.944207975233
0.000265000000   176557.690133762662
0.000267500000   175216.523194893438
0.000270000000   173881.397152290301
0.000272500000   172552.265975146438
0.000275000000   171229.083839338477
0.000277500000   169911.805125846789
0.000280000000   168600.384419182519
0.000282500000   167294.776505821763
0.000285000000   165994.936372646916
0.000287500000   164700.819205394713
0.000290000000   163412.380387111014
0.000292500000   162129.575496612873
0.000295000000   160852.360306956776
0.000297500000   159580.690783913888
0.000300000000   158314.523084451997
0.000302500000   157053.813555223867
0.000305000000   155798.518731062213
0.000307500000   154548.595333481266
0.000310000000   153304.000269184500
0.000312500000   152064.690628579003
0.000315000000   150830.623684296152
0.000317500000   149601.756889718410
0.000320000000   148378.047877512523
0.000322500000   147159.454458168795
0.000325000000   145945.934618546598
0.000327500000   144737.446520425729
0.000330000000   143533.948499064194
0.000332500000   142335.399061761593
0.000335000000   141141.756886428571
0.000337500000   139952.980820162309
0.000340000000   138769.029877827532
0.000342500000   137589.863240643637
0.000345000000   136415.440254777262
0.000347500000   135245.720429940644
0.000350000000   134080.663437995885
0.000352500000   132920.229111564317
0.000355000000   131764.377442641766
0.000357500000   130613.068581219239
0.000360000000   129466.262833908928
0.000362500000   128323.920662575794
0.000365000000   127186.002682974387
0.000367500000   126052.469663390948
0.000370000000   124923.282523290996
0.000372500000   123798.402331971753
0.000375000000   122677.790307220130
0.000377500000   121561.407813975486
0.000380000000   120449.216362997686
0.000382500000   119341.177609540187
0.000385000000   118237.253352027808
0.000387500000   117137.405530739939
0.000390000000   116041.596226498208
0.000392500000   114949.787659359194
0.000395000000   113861.942187311855
0.000397500000   112778.022304979851
0.000400000000   111697.990642328354
0.000402500000   110621.809963375767
0.000405000000   109549.443164909826
0.000407500000   108480.853275208530
0.000410000000   107416.003452765406
0.000412500000   106354.856985019331
0.000415000000   105297.377287088850
0.000417500000   104243.527900510744
0.000420000000   103193.272491983211
0.000422500000   102146.574852113074
0.000425000000   101103.398894167491
0.000427500000   100063.708652829737
0.000430000000   99027.468282959278
0.000432500000   97994.642058355952
0.000435000000   96965.194370528217
0.000437500000   95939.089727465500
0.000440000000   94916.292752414534
0.000442500000   93896.768182659711
0.000445000000   92880.480868307364
0.000447500000   91867.395771073774
0.000450000000   90857.477963077356
0.000452500000   89850.692625634299
0.000455000000   88847.005048058243
0.000457500000   87846.380626463477
0.000460000000   86848.784862571963
0.000462500000   85854.183362523981
0.000465000000   84862.541835692246
0.000467500000   83873.826093499738
0.000470000000   82888.002048241018
0.000472500000   81905.035711906909
0.000475000000   80924.893195012774
0.000477500000   79947.540705430118
0.000480000000   78972.944547221472
0.000482500000   78001.071119478758
0.000485000000   77031.886915164767
0.000487500000   76065.358519957954
0.000490000000   75101.452611100511
0.000492500000   74140.135956249389
0.000495000000   73181.375412330584
0.000497500000   72225.137924396535
0.000500000000   71271.390524486429
0.000502500000   70320.100330489586
0.000505000000   69371.234545011801
0.000507500000   68424.760454244635
0.000510000000   67480.645426837465
0.000512500000   66538.856912772506
0.000515000000   65599.362442242607
0.000517500000   64662.129624531823
0.000520000000   63727.126146898569
0.000522500000   62794.319773461713
0.000525000000   61863.678344089101
0.000527500000   60935.169773288864
0.000530000000   60008.762049103105
0.000532500000   59084.423232004323
0.000535000000   58162.121453794221
0.000537500000   57241.824916504949
0.000540000000   56323.501891302862
0.000542500000   55407.120717394617
0.000545000000   54492.649800935578
0.000547500000   53580.057613940553
0.000550000000   52669.312693196865
0.000552500000   51760.383639179578
0.000555000000   50853.239114968928
0.000557500000   49947.847845169919
0.000560000000   49044.178614834120
0.000562500000   48142.200268383385
0.000565000000   47241.881708535751
0.000567500000   46343.191895233322
0.000570000000   45446.099844572054
0.000572500000   44550.574627733607
0.000575000000   43656.585369918968
0.000577500000   42764.101249283980
0.000580000000   41873.091495876739
0.000582500000   40983.525390576739
0.000585000000   40095.372264035759
0.000587500000   39208.601495620482
0.000590000000   38323.182512356812
0.000592500000   37439.084787875836
0.000595000000   36556.277841361320
0.000597500000   35674.731236498868
0.000600000000   34794.414580426572
0.000602500000   33915.297522687171
0.000605000000   33037.349754181640
0.000607500000   32160.541006124251
0.000610000000   31284.841048998984
0.000612500000   30410.219691517359
0.000615000000   29536.646779577484
0.000617500000   28664.092195224472
0.000620000000   27792.525855612053


