0.000000000000   938.178457838909
0.000000060000   934.523940857764
0.000000120000   930.876149789862
0.000000180000   927.235058381486
0.000000240000   923.600640427138
0.000000300000   919.972869769352
0.000000360000   916.351720298501
0.000000420000   912.737165952612
0.000000480000   909.129180717179
0.000000540000   905.527738624975
0.000000600000   901.932813755865
0.000000660000   898.344380236618
0.000000720000   894.762412240723
0.000000780000   891.186883988205
0.000000840000   887.617769745432
0.000000900000   884.055043824938
0.000000960000   880.498680585235
0.000001020000   876.948654430626
0.000001080000   873.404939811024
0.000001140000   869.867511221767
0.000001200000   866.336343203436
0.000001260000   862.811410341668
0.000001320000   859.292687266977
0.000001380000   855.780148654568
0.000001440000   852.273769224159
0.000001500000   848.773523739794
0.000001560000   845.279387009667
0.000001620000   841.791333885934
0.000001680000   838.309339264538
0.000001740000   834.833378085027
0.000001800000   831.363425330369
0.000001860000   827.899456026780
0.000001920000   824.441445243536
0.000001980000   820.989368092799
0.000002040000   817.543199729437
0.000002100000   814.102915350842
0.000002160000   810.668490196758
0.000002220000   807.239899549095
0.000002280000   803.817118731755
0.000002340000   800.400123110458
0.000002400000   796.988888092557
0.000002460000   793.583389126866
0.000002520000   790.183601703484
0.000002580000   786.789501353613
0.000002640000   783.401063649391
0.000002700000   780.018264203705
0.000002760000   776.641078670028
0.000002820000   773.269482742231
0.000002880000   769.903452154418
0.000002940000   766.542962680747
0.000003000000   763.187990135255


0.000003000000   750.771425752805
0.000003170000   747.951760906607
0.000003340000   745.144954525163
0.000003510000   742.350958355067
0.000003680000   739.569724363140
0.000003850000   736.801204735604
0.000004020000   734.045351877259
0.000004190000   731.302118410672
0.000004360000   728.571457175351
0.000004530000   725.853321226946
0.000004700000   723.147663836432
0.000004870000   720.454438489312
0.000005040000   717.773598884814
0.000005210000   715.105098935100
0.000005380000   712.448892764465
0.000005550000   709.804934708557
0.000005720000   707.173179313586
0.000005890000   704.553581335547
0.000006060000   701.946095739438
0.000006230000   699.350677698490
0.000006400000   696.767282593393
0.000006570000   694.195866011529
0.000006740000   691.636383746213
0.000006910000   689.088791795925
0.000007080000   686.553046363562
0.000007250000   684.029103855681
0.000007420000   681.516920881746
0.000007590000   679.016454253391
0.000007760000   676.527660983668
0.000007930000   674.050498286316
0.000008100000   671.584923575019
0.000008270000   669.130894462678
0.000008440000   666.688368760681
0.000008610000   664.257304478177
0.000008780000   661.837659821356
0.000008950000   659.429393192727
0.000009120000   657.032463190408
0.000009290000   654.646828607409
0.000009460000   652.272448430929
0.000009630000   649.909281841643
0.000009800000   647.557288213010
0.000009970000   645.216427110567
0.000010140000   642.886658291239
0.000010310000   640.567941702641
0.000010480000   638.260237482397
0.000010650000   635.963505957449
0.000010820000   633.677707643376
0.000010990000   631.402803243718
0.000011160000   629.138753649299
0.000011330000   626.885519937550
0.000011500000   624.643063371849
0.000011670000   622.411345400848
0.000011840000   620.190327657810
0.000012010000   617.979971959956
0.000012180000   615.780240307802
0.000012350000   613.591094884507
0.000012520000   611.412498055226
0.000012690000   609.244412366459
0.000012860000   607.086800545412
0.000013030000   604.939625499349
0.000013200000   602.802850314962
0.000013370000   600.676438257732
0.000013540000   598.560352771297
0.000013710000   596.454557476826
0.000013880000   594.359016172394
0.000014050000   592.273692832356
0.000014220000   590.198551606730
0.000014390000   588.133556820582
0.000014560000   586.078672973411
0.000014730000   584.033864738537
0.000014900000   581.999096962498
0.000015070000   579.974334664441
0.000015240000   577.959543035526
0.000015410000   575.954687438320
0.000015580000   573.959733406210
0.000015750000   571.974646642805
0.000015920000   569.999393021347
0.000016090000   568.033938584126
0.000016260000   566.078249541896
0.000016430000   564.132292273292
0.000016600000   562.196033324254
0.000016770000   560.269439407452
0.000016940000   558.352477401713
0.000017110000   556.445114351450
0.000017280000   554.547317466099
0.000017450000   552.659054119554
0.000017620000   550.780291849602
0.000017790000   548.910998357372
0.000017960000   547.051141506774
0.000018130000   545.200689323951
0.000018300000   543.359609996724
0.000018470000   541.527871874050
0.000018640000   539.705443465476
0.000018810000   537.892293440597
0.000018980000   536.088390628519
0.000019150000   534.293704017319
0.000019320000   532.508202753519
0.000019490000   530.731856141549
0.000019660000   528.964633643223
0.000019830000   527.206504877213
0.000020000000   525.457439618525


0.000020000000   439.957529861296
0.000020666667   434.715720710014
0.000021333333   429.538894023905
0.000022000000   424.426275957111
0.000022666667   419.377102261851
0.000023333333   414.390618174176
0.000024000000   409.466078301147
0.000024666667   404.602746509412
0.000025333333   399.799895815166
0.000026000000   395.056808275480
0.000026666667   390.372774880979
0.000027333333   385.747095449861
0.000028000000   381.179078523230
0.000028666667   376.668041261734
0.000029333333   372.213309343494
0.000030000000   367.814216863303
0.000030666667   363.470106233087
0.000031333333   359.180328083604
0.000032000000   354.944241167377
0.000032666667   350.761212262838
0.000033333333   346.630616079671
0.000034000000   342.551835165343
0.000034666667   338.524259812808
0.000035333333   334.547287969361
0.000036000000   330.620325146645
0.000036666667   326.742784331787
0.000037333333   322.914085899644
0.000038000000   319.133657526166
0.000038666667   315.400934102838
0.000039333333   311.715357652209
0.000040000000   308.076377244482
0.000040666667   304.483448915163
0.000041333333   300.936035583744
0.000042000000   297.433606973419
0.000042666667   293.975639531822
0.000043333333   290.561616352756
0.000044000000   287.191027098934
0.000044666667   283.863367925685
0.000045333333   280.578141405643
0.000046000000   277.334856454386
0.000046666667   274.133028257032
0.000047333333   270.972178195763
0.000048000000   267.851833778283
0.000048666667   264.771528567187
0.000049333333   261.730802110239
0.000050000000   258.729199871540
0.000050666667   255.766273163582
0.000051333333   252.841579080179
0.000052000000   249.954680430262
0.000052666667   247.105145672521
0.000053333333   244.292548850902
0.000054000000   241.516469530932
0.000054666667   238.776492736872
0.000055333333   236.072208889683
0.000056000000   233.403213745805
0.000056666667   230.769108336726
0.000057333333   228.169498909345
0.000058000000   225.603996867114
0.000058666667   223.072218711944
0.000059333333   220.573785986887
0.000060000000   218.108325219556
0.000060666667   215.675467866301
0.000061333333   213.274850257117
0.000062000000   210.906113541283
0.000062666667   208.568903633716
0.000063333333   206.262871162049
0.000064000000   203.987671414397
0.000064666667   201.742964287836
0.000065333333   199.528414237557
0.000066000000   197.343690226715
0.000066666667   195.188465676937
0.000067333333   193.062418419511
0.000068000000   190.965230647223
0.000068666667   188.896588866854
0.000069333333   186.856183852312
0.000070000000   184.843710598416
0.000070666667   182.858868275296
0.000071333333   180.901360183430
0.000072000000   178.970893709288
0.000072666667   177.067180281593
0.000073333333   175.189935328185
0.000074000000   173.338878233484
0.000074666667   171.513732296538
0.000075333333   169.714224689666
0.000076000000   167.940086417671
0.000076666667   166.191052277634
0.000077333333   164.466860819268
0.000078000000   162.767254305836
0.000078666667   161.091978675623
0.000079333333   159.440783503961
0.000080000000   157.813421965792
0.000080666667   156.209650798775
0.000081333333   154.629230266919
0.000082000000   153.071924124747
0.000082666667   151.537499581985
0.000083333333   150.025727268760
0.000084000000   148.536381201317
0.000084666667   147.069238748232
0.000085333333   145.624080597140
0.000086000000   144.200690721946
0.000086666667   142.798856350537
0.000087333333   141.418367932972
0.000088000000   140.059019110161
0.000088666667   138.720606683017
0.000089333333   137.402930582082
0.000090000000   136.105793837618
0.000090666667   134.829002550166
0.000091333333   133.572365861559
0.000092000000   132.335695926394
0.000092666667   131.118807883951
0.000093333333   129.921519830560
0.000094000000   128.743652792412
0.000094666667   127.585030698799
0.000095333333   126.445480355802
0.000096000000   125.324831420396
0.000096666667   124.222916374990
0.000097333333   123.139570502386
0.000098000000   122.074631861152
0.000098666667   121.027941261421
0.000099333333   119.999342241091
0.000100000000   118.988681042438
0.000100666667   117.995806589129
0.000101333333   117.020570463646
0.000102000000   116.062826885090
0.000102666667   115.122432687397
0.000103333333   114.199247297936
0.000104000000   113.293132716492
0.000104666667   112.403953494642
0.000105333333   111.531576715504
0.000106000000   110.675871973871
0.000106666667   109.836711356716
0.000107333333   109.013969424072
0.000108000000   108.207523190282
0.000108666667   107.417252105612
0.000109333333   106.643038038233
0.000110000000   105.884765256561
0.000110666667   105.142320411959
0.000111333333   104.415592521792
0.000112000000   103.704472952836
0.000112666667   103.008855405043
0.000113333333   102.328635895645
0.000114000000   101.663712743618
0.000114666667   101.013986554475
0.000115333333   100.379360205413
0.000116000000   99.759738830792
0.000116666667   99.155029807958
0.000117333333   98.565142743393
0.000118000000   97.989989459205
0.000118666667   97.429483979949
0.000119333333   96.883542519770
0.000120000000   96.352083469882


0.000120000000   96.352083469882
0.000122500000   95.708864408148
0.000125000000   95.068945077004
0.000127500000   94.432303414113
0.000130000000   93.798917470138
0.000132500000   93.168765407992
0.000135000000   92.541825502078
0.000137500000   91.918076137546
0.000140000000   91.297495809546
0.000142500000   90.680063122485
0.000145000000   90.065756789290
0.000147500000   89.454555630675
0.000150000000   88.846438574411
0.000152500000   88.241384654599
0.000155000000   87.639373010944
0.000157500000   87.040382888043
0.000160000000   86.444393634663
0.000162500000   85.851384703031
0.000165000000   85.261335648127
0.000167500000   84.674226126976
0.000170000000   84.090035897951
0.000172500000   83.508744820072
0.000175000000   82.930332852310
0.000177500000   82.354780052901
0.000180000000   81.782066578656
0.000182500000   81.212172684274
0.000185000000   80.645078721667
0.000187500000   80.080765139278
0.000190000000   79.519212481409
0.000192500000   78.960401387548
0.000195000000   78.404312591706
0.000197500000   77.850926921748
0.000200000000   77.300225298735
0.000202500000   76.752188736264
0.000205000000   76.206798339817
0.000207500000   75.664035306104
0.000210000000   75.123880922420
0.000212500000   74.586316565998
0.000215000000   74.051323703366
0.000217500000   73.518883889708
0.000220000000   72.988978768230
0.000222500000   72.461590069526
0.000225000000   71.936699610947
0.000227500000   71.414289295977
0.000230000000   70.894341113605
0.000232500000   70.376837137709
0.000235000000   69.861759526432
0.000237500000   69.349090521572
0.000240000000   68.838812447970
0.000242500000   68.330907712894
0.000245000000   67.825358805441
0.000247500000   67.322148295927
0.000250000000   66.821258835290
0.000252500000   66.322673154488
0.000255000000   65.826374063908
0.000257500000   65.332344452769
0.000260000000   64.840567288538
0.000262500000   64.351025616334
0.000265000000   63.863702558353
0.000267500000   63.378581313280
0.000270000000   62.895645155709
0.000272500000   62.414877435573
0.000275000000   61.936261577562
0.000277500000   61.459781080558
0.000280000000   60.985419517061
0.000282500000   60.513160532626
0.000285000000   60.042987845299
0.000287500000   59.574885245053
0.000290000000   59.108836593231
0.000292500000   58.644825821992
0.000295000000   58.182836933752
0.000297500000   57.722854000634
0.000300000000   57.264861163924
0.000302500000   56.808842633515
0.000305000000   56.354782687372
0.000307500000   55.902665670983
0.000310000000   55.452475996823
0.000312500000   55.004198143814
0.000315000000   54.557816656794
0.000317500000   54.113316145979
0.000320000000   53.670681286436
0.000322500000   53.229896817555
0.000325000000   52.790947542519
0.000327500000   52.353818327783
0.000330000000   51.918494102554
0.000332500000   51.484959858266
0.000335000000   51.053200648067
0.000337500000   50.623201586305
0.000340000000   50.194947848007
0.000342500000   49.768424668378
0.000345000000   49.343617342284
0.000347500000   48.920511223749
0.000350000000   48.499091725450
0.000352500000   48.079344318211
0.000355000000   47.661254530506
0.000357500000   47.244807947959
0.000360000000   46.829990212843
0.000362500000   46.416787023593
0.000365000000   46.005184134306
0.000367500000   45.595167354250
0.000370000000   45.186722547380
0.000372500000   44.779835631847
0.000375000000   44.374492579512
0.000377500000   43.970679415464
0.000380000000   43.568382217537
0.000382500000   43.167587115832
0.000385000000   42.768280292236
0.000387500000   42.370447979948
0.000390000000   41.974076463002
0.000392500000   41.579152075797
0.000395000000   41.185661202623
0.000397500000   40.793590277194
0.000400000000   40.402925782179
0.000402500000   40.013654248735
0.000405000000   39.625762256046
0.000407500000   39.239236430855
0.000410000000   38.854063447008
0.000412500000   38.470230024994
0.000415000000   38.087722931483
0.000417500000   37.706528978873
0.000420000000   37.326635024836
0.000422500000   36.948027971864
0.000425000000   36.570694766815
0.000427500000   36.194622400466
0.000430000000   35.819797907066
0.000432500000   35.446208363882
0.000435000000   35.073840890764
0.000437500000   34.702682649689
0.000440000000   34.332720844328
0.000442500000   33.963942719600
0.000445000000   33.596335561235
0.000447500000   33.229886695332
0.000450000000   32.864583487924
0.000452500000   32.500413344546
0.000455000000   32.137363709793
0.000457500000   31.775422066895
0.000460000000   31.414575937279
0.000462500000   31.054812880145
0.000465000000   30.696120492030
0.000467500000   30.338486406387
0.000470000000   29.981898293156
0.000472500000   29.626343858337
0.000475000000   29.271810843568
0.000477500000   28.918287025704
0.000480000000   28.565760216392
0.000482500000   28.214218261653
0.000485000000   27.863649041464
0.000487500000   27.514040469338
0.000490000000   27.165380491905
0.000492500000   26.817657088505
0.000495000000   26.470858270764
0.000497500000   26.124972082186
0.000500000000   25.779986597738
0.000502500000   25.435889923444
0.000505000000   25.092670195968
0.000507500000   24.750315582209
0.000510000000   24.408814278892
0.000512500000   24.068154512164
0.000515000000   23.728324537181
0.000517500000   23.389312637712
0.000520000000   23.051107125727
0.000522500000   22.713696340999
0.000525000000   22.377068650702
0.000527500000   22.041212449006
0.000530000000   21.706116156682
0.000532500000   21.371768220698
0.000535000000   21.038157113824
0.000537500000   20.705271334233
0.000540000000   20.373099405106
0.000542500000   20.041629874233
0.000545000000   19.710851313624
0.000547500000   19.380752319107
0.000550000000   19.051321509943
0.000552500000   18.722547528428
0.000555000000   18.394419039503
0.000557500000   18.066924730365
0.000560000000   17.740053310074
0.000562500000   17.413793509166
0.000565000000   17.088134079264
0.000567500000   16.763063792688
0.000570000000   16.438571442071
0.000572500000   16.114645839973
0.000575000000   15.791275818491
0.000577500000   15.468450228877
0.000580000000   15.146157941155
0.000582500000   14.824387843733
0.000585000000   14.503128843025
0.000587500000   14.182369863064
0.000590000000   13.862099845124
0.000592500000   13.542307747334
0.000595000000   13.222982544303
0.000597500000   12.904113226736
0.000600000000   12.585688801054
0.000602500000   12.267698289018
0.000605000000   11.950130727350
0.000607500000   11.632975167351
0.000610000000   11.316220674528
0.000612500000   10.999856328217
0.000615000000   10.683871221202
0.000617500000   10.368254459345
0.000620000000   10.052995161204


