0.000000000000   874.304282671238
0.000000060000   873.652675194575
0.000000120000   873.001121363647
0.000000180000   872.349621138448
0.000000240000   871.698174478971
0.000000300000   871.046781345215
0.000000360000   870.395441697183
0.000000420000   869.744155494879
0.000000480000   869.092922698312
0.000000540000   868.441743267493
0.000000600000   867.790617162438
0.000000660000   867.139544343166
0.000000720000   866.488524769696
0.000000780000   865.837558402055
0.000000840000   865.186645200271
0.000000900000   864.535785124374
0.000000960000   863.884978134399
0.000001020000   863.234224190384
0.000001080000   862.583523252371
0.000001140000   861.932875280403
0.000001200000   861.282280234529
0.000001260000   860.631738074799
0.000001320000   859.981248761267
0.000001380000   859.330812253991
0.000001440000   858.680428513031
0.000001500000   858.030097498451
0.000001560000   857.379819170319
0.000001620000   856.729593488704
0.000001680000   856.079420413681
0.000001740000   855.429299905325
0.000001800000   854.779231923717
0.000001860000   854.129216428941
0.000001920000   853.479253381082
0.000001980000   852.829342740231
0.000002040000   852.179484466480
0.000002100000   851.529678519925
0.000002160000   850.879924860666
0.000002220000   850.230223448806
0.000002280000   849.580574244450
0.000002340000   848.930977207707
0.000002400000   848.281432298689
0.000002460000   847.631939477511
0.000002520000   846.982498704293
0.000002580000   846.333109939156
0.000002640000   845.683773142225
0.000002700000   845.034488273629
0.000002760000   844.385255293497
0.000002820000   843.736074161966
0.000002880000   843.086944839172
0.000002940000   842.437867285257
0.000003000000   841.788841460364


0.000003000000   830.029421176403
0.000003170000   829.361467109234
0.000003340000   828.693661563162
0.000003510000   828.026004418599
0.000003680000   827.358495555980
0.000003850000   826.691134855768
0.000004020000   826.023922198455
0.000004190000   825.356857464555
0.000004360000   824.689940534612
0.000004530000   824.023171289196
0.000004700000   823.356549608902
0.000004870000   822.690075374351
0.000005040000   822.023748466193
0.000005210000   821.357568765102
0.000005380000   820.691536151781
0.000005550000   820.025650506956
0.000005720000   819.359911711381
0.000005890000   818.694319645837
0.000006060000   818.028874191131
0.000006230000   817.363575228094
0.000006400000   816.698422637587
0.000006570000   816.033416300494
0.000006740000   815.368556097727
0.000006910000   814.703841910223
0.000007080000   814.039273618946
0.000007250000   813.374851104886
0.000007420000   812.710574249059
0.000007590000   812.046442932507
0.000007760000   811.382457036298
0.000007930000   810.718616441526
0.000008100000   810.054921029312
0.000008270000   809.391370680802
0.000008440000   808.727965277167
0.000008610000   808.064704699606
0.000008780000   807.401588829343
0.000008950000   806.738617547629
0.000009120000   806.075790735738
0.000009290000   805.413108274973
0.000009460000   804.750570046661
0.000009630000   804.088175932156
0.000009800000   803.425925812836
0.000009970000   802.763819570108
0.000010140000   802.101857085401
0.000010310000   801.440038240172
0.000010480000   800.778362915904
0.000010650000   800.116830994104
0.000010820000   799.455442356307
0.000010990000   798.794196884070
0.000011160000   798.133094458980
0.000011330000   797.472134962647
0.000011500000   796.811318276706
0.000011670000   796.150644282820
0.000011840000   795.490112862676
0.000012010000   794.829723897986
0.000012180000   794.169477270490
0.000012350000   793.509372861950
0.000012520000   792.849410554155
0.000012690000   792.189590228922
0.000012860000   791.529911768090
0.000013030000   790.870375053523
0.000013200000   790.210979967114
0.000013370000   789.551726390779
0.000013540000   788.892614206459
0.000013710000   788.233643296121
0.000013880000   787.574813541757
0.000014050000   786.916124825385
0.000014220000   786.257577029048
0.000014390000   785.599170034813
0.000014560000   784.940903724775
0.000014730000   784.282777981051
0.000014900000   783.624792685784
0.000015070000   782.966947721145
0.000015240000   782.309242969326
0.000015410000   781.651678312547
0.000015580000   780.994253633051
0.000015750000   780.336968813108
0.000015920000   779.679823735012
0.000016090000   779.022818281082
0.000016260000   778.365952333663
0.000016430000   777.709225775124
0.000016600000   777.052638487858
0.000016770000   776.396190354285
0.000016940000   775.739881256850
0.000017110000   775.083711078020
0.000017280000   774.427679700289
0.000017450000   773.771787006177
0.000017620000   773.116032878227
0.000017790000   772.460417199007
0.000017960000   771.804939851110
0.000018130000   771.149600717154
0.000018300000   770.494399679781
0.000018470000   769.839336621660
0.000018640000   769.184411425482
0.000018810000   768.529623973964
0.000018980000   767.874974149847
0.000019150000   767.220461835897
0.000019320000   766.566086914905
0.000019490000   765.911849269687
0.000019660000   765.257748783081
0.000019830000   764.603785337954
0.000020000000   763.949958817192


0.000020000000   639.643692290015
0.000020666667   634.298734534202
0.000021333333   629.002558579733
0.000022000000   623.754757115369
0.000022666667   618.554926550193
0.000023333333   613.402666982568
0.000024000000   608.297582169385
0.000024666667   603.239279495588
0.000025333333   598.227369943980
0.000026000000   593.261468065303
0.000026666667   588.341191948597
0.000027333333   583.466163191827
0.000028000000   578.636006872781
0.000028666667   573.850351520236
0.000029333333   569.108829085393
0.000030000000   564.411074913566
0.000030666667   559.756727716140
0.000031333333   555.145429542786
0.000032000000   550.576825753935
0.000032666667   546.050564993496
0.000033333333   541.566299161843
0.000034000000   537.123683389037
0.000034666667   532.722376008308
0.000035333333   528.362038529777
0.000036000000   524.042335614423
0.000036666667   519.762935048294
0.000037333333   515.523507716955
0.000038000000   511.323727580184
0.000038666667   507.163271646889
0.000039333333   503.041819950271
0.000040000000   498.959055523221
0.000040666667   494.914664373933
0.000041333333   490.908335461768
0.000042000000   486.939760673322
0.000042666667   483.008634798736
0.000043333333   479.114655508225
0.000044000000   475.257523328819
0.000044666667   471.436941621342
0.000045333333   467.652616557588
0.000046000000   463.904257097731
0.000046666667   460.191574967941
0.000047333333   456.514284638210
0.000048000000   452.872103300396
0.000048666667   449.264750846473
0.000049333333   445.691949846989
0.000050000000   442.153425529727
0.000050666667   438.648905758579
0.000051333333   435.178121012610
0.000052000000   431.740804365334
0.000052666667   428.336691464185
0.000053333333   424.965520510189
0.000054000000   421.627032237823
0.000054666667   418.320969895083
0.000055333333   415.047079223735
0.000056000000   411.805108439760
0.000056666667   408.594808213992
0.000057333333   405.415931652940
0.000058000000   402.268234279806
0.000058666667   399.151474015676
0.000059333333   396.065411160907
0.000060000000   393.009808376693
0.000060666667   389.984430666809
0.000061333333   386.989045359539
0.000062000000   384.023422089785
0.000062666667   381.087332781345
0.000063333333   378.180551629379
0.000064000000   375.302855083036
0.000064666667   372.454021828269
0.000065333333   369.633832770807
0.000066000000   366.842071019311
0.000066666667   364.078521868690
0.000067333333   361.342972783591
0.000068000000   358.635213382052
0.000068666667   355.955035419324
0.000069333333   353.302232771853
0.000070000000   350.676601421431
0.000070666667   348.077939439502
0.000071333333   345.506046971636
0.000072000000   342.960726222156
0.000072666667   340.441781438927
0.000073333333   337.949018898302
0.000074000000   335.482246890225
0.000074666667   333.041275703482
0.000075333333   330.625917611115
0.000076000000   328.235986855986
0.000076666667   325.871299636486
0.000077333333   323.531674092404
0.000078000000   321.216930290937
0.000078666667   318.926890212856
0.000079333333   316.661377738811
0.000080000000   314.420218635791
0.000080666667   312.203240543718
0.000081333333   310.010272962198
0.000082000000   307.841147237404
0.000082666667   305.695696549107
0.000083333333   303.573755897847
0.000084000000   301.475162092239
0.000084666667   299.399753736431
0.000085333333   297.347371217684
0.000086000000   295.317856694100
0.000086666667   293.311054082481
0.000087333333   291.326809046328
0.000088000000   289.364968983969
0.000088666667   287.425383016825
0.000089333333   285.507901977805
0.000090000000   283.612378399832
0.000090666667   281.738666504508
0.000091333333   279.886622190896
0.000092000000   278.056103024441
0.000092666667   276.246968226016
0.000093333333   274.459078661095
0.000094000000   272.692296829049
0.000094666667   270.946486852579
0.000095333333   269.221514467257
0.000096000000   267.517247011208
0.000096666667   265.833553414902
0.000097333333   264.170304191078
0.000098000000   262.527371424782
0.000098666667   260.904628763531
0.000099333333   259.301951407596
0.000100000000   257.719216100404
0.000100666667   256.156301119058
0.000101333333   254.613086264977
0.000102000000   253.089452854651
0.000102666667   251.585283710512
0.000103333333   250.100463151926
0.000104000000   248.634876986292
0.000104666667   247.188412500265
0.000105333333   245.760958451082
0.000106000000   244.352405058010
0.000106666667   242.962643993903
0.000107333333   241.591568376871
0.000108000000   240.239072762057
0.000108666667   238.905053133532
0.000109333333   237.589406896294
0.000110000000   236.292032868375
0.000110666667   235.012831273065
0.000111333333   233.751703731231
0.000112000000   232.508553253759
0.000112666667   231.283284234090
0.000113333333   230.075802440867
0.000114000000   228.886015010690
0.000114666667   227.713830440974
0.000115333333   226.559158582912
0.000116000000   225.421910634539
0.000116666667   224.301999133906
0.000117333333   223.199337952354
0.000118000000   222.113842287885
0.000118666667   221.045428658648
0.000119333333   219.994014896511
0.000120000000   218.959520140746


0.000120000000   218.959520140746
0.000122500000   217.916754683229
0.000125000000   216.876707233295
0.000127500000   215.839364818755
0.000130000000   214.804714501164
0.000132500000   213.772743375649
0.000135000000   212.743438570759
0.000137500000   211.716787248296
0.000140000000   210.692776603159
0.000142500000   209.671393863183
0.000145000000   208.652626288980
0.000147500000   207.636461173781
0.000150000000   206.622885843276
0.000152500000   205.611887655457
0.000155000000   204.603454000458
0.000157500000   203.597572300402
0.000160000000   202.594230009242
0.000162500000   201.593414612601
0.000165000000   200.595113627624
0.000167500000   199.599314602812
0.000170000000   198.606005117877
0.000172500000   197.615172783579
0.000175000000   196.626805241577
0.000177500000   195.640890164271
0.000180000000   194.657415254649
0.000182500000   193.676368246138
0.000185000000   192.697736902444
0.000187500000   191.721509017404
0.000190000000   190.747672414834
0.000192500000   189.776214948373
0.000195000000   188.807124501335
0.000197500000   187.840388986560
0.000200000000   186.875996346256
0.000202500000   185.913934551856
0.000205000000   184.954191603863
0.000207500000   183.996755531704
0.000210000000   183.041614393578
0.000212500000   182.088756276308
0.000215000000   181.138169295192
0.000217500000   180.189841593855
0.000220000000   179.243761344104
0.000222500000   178.299916745775
0.000225000000   177.358296026588
0.000227500000   176.418887442003
0.000230000000   175.481679275070
0.000232500000   174.546659836285
0.000235000000   173.613817463442
0.000237500000   172.683140521490
0.000240000000   171.754617402386
0.000242500000   170.828236524952
0.000245000000   169.903986334728
0.000247500000   168.981855303831
0.000250000000   168.061831930808
0.000252500000   167.143904740495
0.000255000000   166.228062283874
0.000257500000   165.314293137927
0.000260000000   164.402585905498
0.000262500000   163.492929215147
0.000265000000   162.585311721011
0.000267500000   161.679722102660
0.000270000000   160.776149064958
0.000272500000   159.874581337920
0.000275000000   158.975007676575
0.000277500000   158.077416860821
0.000280000000   157.181797695288
0.000282500000   156.288139009198
0.000285000000   155.396429656227
0.000287500000   154.506658514361
0.000290000000   153.618814485763
0.000292500000   152.732886496633
0.000295000000   151.848863497066
0.000297500000   150.966734460922
0.000300000000   150.086488385679
0.000302500000   149.208114292304
0.000305000000   148.331601225111
0.000307500000   147.456938251626
0.000310000000   146.584114462452
0.000312500000   145.713118971130
0.000315000000   144.843940914006
0.000317500000   143.976569450093
0.000320000000   143.110993760938
0.000322500000   142.247203050486
0.000325000000   141.385186544945
0.000327500000   140.524933492653
0.000330000000   139.666433163943
0.000332500000   138.809674851008
0.000335000000   137.954647867769
0.000337500000   137.101341549742
0.000340000000   136.249745253905
0.000342500000   135.399848358561
0.000345000000   134.551640263214
0.000347500000   133.705110388429
0.000350000000   132.860248175702
0.000352500000   132.017043087332
0.000355000000   131.175484606285
0.000357500000   130.335562236066
0.000360000000   129.497265500584
0.000362500000   128.660583944027
0.000365000000   127.825507130727
0.000367500000   126.992024645032
0.000370000000   126.160126091175
0.000372500000   125.329801093146
0.000375000000   124.501039294561
0.000377500000   123.673830358532
0.000380000000   122.848163967541
0.000382500000   122.024029823309
0.000385000000   121.201417646669
0.000387500000   120.380317177435
0.000390000000   119.560718174279
0.000392500000   118.742610414598
0.000395000000   117.925983694389
0.000397500000   117.110827828124
0.000400000000   116.297132648616
0.000402500000   115.484888006902
0.000405000000   114.674083772106
0.000407500000   113.864709831322
0.000410000000   113.056756089480
0.000412500000   112.250212469228
0.000415000000   111.445068910797
0.000417500000   110.641315371884
0.000420000000   109.838941827522
0.000422500000   109.037938269957
0.000425000000   108.238294708521
0.000427500000   107.440001169512
0.000430000000   106.643047696061
0.000432500000   105.847424348019
0.000435000000   105.053121201823
0.000437500000   104.260128350379
0.000440000000   103.468435902935
0.000442500000   102.678033984957
0.000445000000   101.888912738011
0.000447500000   101.101062319633
0.000450000000   100.314472903211
0.000452500000   99.529134677861
0.000455000000   98.745037848306
0.000457500000   97.962172634749
0.000460000000   97.180529272759
0.000462500000   96.400098013142
0.000465000000   95.620869121822
0.000467500000   94.842832879721
0.000470000000   94.065979582636
0.000472500000   93.290299541119
0.000475000000   92.515783080354
0.000477500000   91.742420540041
0.000480000000   90.970202274270
0.000482500000   90.199118651404
0.000485000000   89.429160053957
0.000487500000   88.660316878477
0.000490000000   87.892579535423
0.000492500000   87.125938449048
0.000495000000   86.360384057275
0.000497500000   85.595906811586
0.000500000000   84.832497176893
0.000502500000   84.070145631428
0.000505000000   83.308842666617
0.000507500000   82.548578786966
0.000510000000   81.789344509943
0.000512500000   81.031130365854
0.000515000000   80.273926897732
0.000517500000   79.517724661215
0.000520000000   78.762514224428
0.000522500000   78.008286167868
0.000525000000   77.255031084283
0.000527500000   76.502739578559
0.000530000000   75.751402267599
0.000532500000   75.001009780207
0.000535000000   74.251552756972
0.000537500000   73.503021850151
0.000540000000   72.755407723552
0.000542500000   72.008701052417
0.000545000000   71.262892523308
0.000547500000   70.517972833987
0.000550000000   69.773932693305
0.000552500000   69.030762821081
0.000555000000   68.288453947990
0.000557500000   67.546996815444
0.000560000000   66.806382175482
0.000562500000   66.066600790647
0.000565000000   65.327643433878
0.000567500000   64.589500888391
0.000570000000   63.852163947564
0.000572500000   63.115623414824
0.000575000000   62.379870103531
0.000577500000   61.644894836865
0.000580000000   60.910688447708
0.000582500000   60.177241778533
0.000585000000   59.444545681290
0.000587500000   58.712591017288
0.000590000000   57.981368657086
0.000592500000   57.250869480377
0.000595000000   56.521084375872
0.000597500000   55.792004241189
0.000600000000   55.063619982740
0.000602500000   54.335922515616
0.000605000000   53.608902763473
0.000607500000   52.882551658422
0.000610000000   52.156860140912
0.000612500000   51.431819159619
0.000615000000   50.707419671334
0.000617500000   49.983652640849
0.000620000000   49.260509040843


