0.000000000000   37.022761228062
0.000000060000   37.023145177166
0.000000120000   37.023529080396
0.000000180000   37.023912937784
0.000000240000   37.024296749363
0.000000300000   37.024680515166
0.000000360000   37.025064235225
0.000000420000   37.025447909573
0.000000480000   37.025831538242
0.000000540000   37.026215121266
0.000000600000   37.026598658677
0.000000660000   37.026982150507
0.000000720000   37.027365596790
0.000000780000   37.027748997558
0.000000840000   37.028132352843
0.000000900000   37.028515662679
0.000000960000   37.028898927097
0.000001020000   37.029282146131
0.000001080000   37.029665319812
0.000001140000   37.030048448175
0.000001200000   37.030431531251
0.000001260000   37.030814569073
0.000001320000   37.031197561674
0.000001380000   37.031580509085
0.000001440000   37.031963411341
0.000001500000   37.032346268473
0.000001560000   37.032729080515
0.000001620000   37.033111847498
0.000001680000   37.033494569455
0.000001740000   37.033877246420
0.000001800000   37.034259878423
0.000001860000   37.034642465499
0.000001920000   37.035025007680
0.000001980000   37.035407504998
0.000002040000   37.035789957486
0.000002100000   37.036172365177
0.000002160000   37.036554728102
0.000002220000   37.036937046296
0.000002280000   37.037319319789
0.000002340000   37.037701548616
0.000002400000   37.038083732807
0.000002460000   37.038465872397
0.000002520000   37.038847967418
0.000002580000   37.039230017901
0.000002640000   37.039612023881
0.000002700000   37.039993985388
0.000002760000   37.040375902456
0.000002820000   37.040757775118
0.000002880000   37.041139603406
0.000002940000   37.041521387352
0.000003000000   37.041903126989


0.000003000000   37.041903126989
0.000003170000   37.042984484856
0.000003340000   37.044065492898
0.000003510000   37.045146151384
0.000003680000   37.046226460583
0.000003850000   37.047306420763
0.000004020000   37.048386032194
0.000004190000   37.049465295143
0.000004360000   37.050544209880
0.000004530000   37.051622776672
0.000004700000   37.052700995789
0.000004870000   37.053778867498
0.000005040000   37.054856392067
0.000005210000   37.055933569766
0.000005380000   37.057010400861
0.000005550000   37.058086885621
0.000005720000   37.059163024315
0.000005890000   37.060238817209
0.000006060000   37.061314264573
0.000006230000   37.062389366673
0.000006400000   37.063464123778
0.000006570000   37.064538536155
0.000006740000   37.065612604072
0.000006910000   37.066686327797
0.000007080000   37.067759707596
0.000007250000   37.068832743739
0.000007420000   37.069905436491
0.000007590000   37.070977786120
0.000007760000   37.072049792893
0.000007930000   37.073121457079
0.000008100000   37.074192778943
0.000008270000   37.075263758753
0.000008440000   37.076334396776
0.000008610000   37.077404693279
0.000008780000   37.078474648529
0.000008950000   37.079544262792
0.000009120000   37.080613536336
0.000009290000   37.081682469427
0.000009460000   37.082751062332
0.000009630000   37.083819315318
0.000009800000   37.084887228650
0.000009970000   37.085954802596
0.000010140000   37.087022037422
0.000010310000   37.088088933394
0.000010480000   37.089155490779
0.000010650000   37.090221709842
0.000010820000   37.091287590851
0.000010990000   37.092353134070
0.000011160000   37.093418339767
0.000011330000   37.094483208207
0.000011500000   37.095547739656
0.000011670000   37.096611934379
0.000011840000   37.097675792644
0.000012010000   37.098739314715
0.000012180000   37.099802500859
0.000012350000   37.100865351340
0.000012520000   37.101927866425
0.000012690000   37.102990046378
0.000012860000   37.104051891466
0.000013030000   37.105113401954
0.000013200000   37.106174578107
0.000013370000   37.107235420190
0.000013540000   37.108295928469
0.000013710000   37.109356103209
0.000013880000   37.110415944674
0.000014050000   37.111475453131
0.000014220000   37.112534628843
0.000014390000   37.113593472076
0.000014560000   37.114651983095
0.000014730000   37.115710162164
0.000014900000   37.116768009549
0.000015070000   37.117825525513
0.000015240000   37.118882710322
0.000015410000   37.119939564240
0.000015580000   37.120996087531
0.000015750000   37.122052280461
0.000015920000   37.123108143293
0.000016090000   37.124163676291
0.000016260000   37.125218879720
0.000016430000   37.126273753845
0.000016600000   37.127328298929
0.000016770000   37.128382515236
0.000016940000   37.129436403031
0.000017110000   37.130489962577
0.000017280000   37.131543194138
0.000017450000   37.132596097978
0.000017620000   37.133648674362
0.000017790000   37.134700923552
0.000017960000   37.135752845812
0.000018130000   37.136804441406
0.000018300000   37.137855710598
0.000018470000   37.138906653651
0.000018640000   37.139957270828
0.000018810000   37.141007562393
0.000018980000   37.142057528610
0.000019150000   37.143107169741
0.000019320000   37.144156486049
0.000019490000   37.145205477798
0.000019660000   37.146254145251
0.000019830000   37.147302488671
0.000020000000   37.148350508321


0.000020000000   37.148350508321
0.000020666667   37.150531321560
0.000021333333   37.152684199051
0.000022000000   37.154809374048
0.000022666667   37.156907077675
0.000023333333   37.158977538941
0.000024000000   37.161020984763
0.000024666667   37.163037639978
0.000025333333   37.165027727364
0.000026000000   37.166991467656
0.000026666667   37.168929079560
0.000027333333   37.170840779775
0.000028000000   37.172726783008
0.000028666667   37.174587301987
0.000029333333   37.176422547483
0.000030000000   37.178232728321
0.000030666667   37.180018051399
0.000031333333   37.181778721704
0.000032000000   37.183514942327
0.000032666667   37.185226914476
0.000033333333   37.186914837499
0.000034000000   37.188578908890
0.000034666667   37.190219324312
0.000035333333   37.191836277605
0.000036000000   37.193429960809
0.000036666667   37.195000564170
0.000037333333   37.196548276163
0.000038000000   37.198073283499
0.000038666667   37.199575771145
0.000039333333   37.201055922336
0.000040000000   37.202513918589
0.000040666667   37.203949939716
0.000041333333   37.205364163840
0.000042000000   37.206756767407
0.000042666667   37.208127925202
0.000043333333   37.209477810359
0.000044000000   37.210806594377
0.000044666667   37.212114447130
0.000045333333   37.213401536885
0.000046000000   37.214668030310
0.000046666667   37.215914092491
0.000047333333   37.217139886942
0.000048000000   37.218345575617
0.000048666667   37.219531318925
0.000049333333   37.220697275742
0.000050000000   37.221843603419
0.000050666667   37.222970457801
0.000051333333   37.224077993234
0.000052000000   37.225166362577
0.000052666667   37.226235717216
0.000053333333   37.227286207076
0.000054000000   37.228317980630
0.000054666667   37.229331184910
0.000055333333   37.230325965522
0.000056000000   37.231302466655
0.000056666667   37.232260831092
0.000057333333   37.233201200220
0.000058000000   37.234123714042
0.000058666667   37.235028511191
0.000059333333   37.235915728934
0.000060000000   37.236785503187
0.000060666667   37.237637968525
0.000061333333   37.238473258191
0.000062000000   37.239291504109
0.000062666667   37.240092836889
0.000063333333   37.240877385843
0.000064000000   37.241645278991
0.000064666667   37.242396643073
0.000065333333   37.243131603556
0.000066000000   37.243850284648
0.000066666667   37.244552809303
0.000067333333   37.245239299232
0.000068000000   37.245909874916
0.000068666667   37.246564655608
0.000069333333   37.247203759350
0.000070000000   37.247827302975
0.000070666667   37.248435402121
0.000071333333   37.249028171240
0.000072000000   37.249605723601
0.000072666667   37.250168171306
0.000073333333   37.250715625294
0.000074000000   37.251248195350
0.000074666667   37.251765990117
0.000075333333   37.252269117100
0.000076000000   37.252757682675
0.000076666667   37.253231792100
0.000077333333   37.253691549521
0.000078000000   37.254137057978
0.000078666667   37.254568419417
0.000079333333   37.254985734698
0.000080000000   37.255389103596
0.000080666667   37.255778624817
0.000081333333   37.256154396001
0.000082000000   37.256516513731
0.000082666667   37.256865073539
0.000083333333   37.257200169915
0.000084000000   37.257521896313
0.000084666667   37.257830345160
0.000085333333   37.258125607861
0.000086000000   37.258407774805
0.000086666667   37.258676935378
0.000087333333   37.258933177963
0.000088000000   37.259176589949
0.000088666667   37.259407257740
0.000089333333   37.259625266759
0.000090000000   37.259830701455
0.000090666667   37.260023645312
0.000091333333   37.260204180851
0.000092000000   37.260372389640
0.000092666667   37.260528352298
0.000093333333   37.260672148503
0.000094000000   37.260803856997
0.000094666667   37.260923555593
0.000095333333   37.261031321179
0.000096000000   37.261127229728
0.000096666667   37.261211356297
0.000097333333   37.261283775040
0.000098000000   37.261344559210
0.000098666667   37.261393781165
0.000099333333   37.261431512374
0.000100000000   37.261457823421
0.000100666667   37.261472784013
0.000101333333   37.261476462985
0.000102000000   37.261468928302
0.000102666667   37.261450247068
0.000103333333   37.261420485529
0.000104000000   37.261379709081
0.000104666667   37.261327982269
0.000105333333   37.261265368800
0.000106000000   37.261191931541
0.000106666667   37.261107732528
0.000107333333   37.261012832968
0.000108000000   37.260907293247
0.000108666667   37.260791172930
0.000109333333   37.260664530770
0.000110000000   37.260527424712
0.000110666667   37.260379911894
0.000111333333   37.260222048655
0.000112000000   37.260053890536
0.000112666667   37.259875492290
0.000113333333   37.259686907878
0.000114000000   37.259488190482
0.000114666667   37.259279392501
0.000115333333   37.259060565560
0.000116000000   37.258831760515
0.000116666667   37.258593027450
0.000117333333   37.258344415690
0.000118000000   37.258085973798
0.000118666667   37.257817749581
0.000119333333   37.257539790094
0.000120000000   37.257252141644


0.000120000000   37.257252141644
0.000122500000   37.256154118628
0.000125000000   37.255053589323
0.000127500000   37.253950567228
0.000130000000   37.252845065740
0.000132500000   37.251737098156
0.000135000000   37.250626677668
0.000137500000   37.249513817370
0.000140000000   37.248398530254
0.000142500000   37.247280829210
0.000145000000   37.246160727032
0.000147500000   37.245038236414
0.000150000000   37.243913369948
0.000152500000   37.242786140133
0.000155000000   37.241656559366
0.000157500000   37.240524639950
0.000160000000   37.239390394090
0.000162500000   37.238253833893
0.000165000000   37.237114971375
0.000167500000   37.235973818451
0.000170000000   37.234830386947
0.000172500000   37.233684688590
0.000175000000   37.232536735016
0.000177500000   37.231386537766
0.000180000000   37.230234108290
0.000182500000   37.229079457944
0.000185000000   37.227922597994
0.000187500000   37.226763539612
0.000190000000   37.225602293880
0.000192500000   37.224438871791
0.000195000000   37.223273284245
0.000197500000   37.222105542057
0.000200000000   37.220935655947
0.000202500000   37.219763636551
0.000205000000   37.218589494414
0.000207500000   37.217413239994
0.000210000000   37.216234883664
0.000212500000   37.215054435705
0.000215000000   37.213871906317
0.000217500000   37.212687305610
0.000220000000   37.211500643610
0.000222500000   37.210311930258
0.000225000000   37.209121175410
0.000227500000   37.207928388838
0.000230000000   37.206733580230
0.000232500000   37.205536759189
0.000235000000   37.204337935238
0.000237500000   37.203137117816
0.000240000000   37.201934316279
0.000242500000   37.200729539902
0.000245000000   37.199522797879
0.000247500000   37.198314099324
0.000250000000   37.197103453268
0.000252500000   37.195890868664
0.000255000000   37.194676354385
0.000257500000   37.193459919225
0.000260000000   37.192241571898
0.000262500000   37.191021321041
0.000265000000   37.189799175212
0.000267500000   37.188575142892
0.000270000000   37.187349232485
0.000272500000   37.186121452318
0.000275000000   37.184891810642
0.000277500000   37.183660315631
0.000280000000   37.182426975384
0.000282500000   37.181191797925
0.000285000000   37.179954791204
0.000287500000   37.178715963095
0.000290000000   37.177475321399
0.000292500000   37.176232873843
0.000295000000   37.174988628082
0.000297500000   37.173742591696
0.000300000000   37.172494772194
0.000302500000   37.171245177014
0.000305000000   37.169993813519
0.000307500000   37.168740689005
0.000310000000   37.167485810693
0.000312500000   37.166229185737
0.000315000000   37.164970821217
0.000317500000   37.163710724148
0.000320000000   37.162448901472
0.000322500000   37.161185360062
0.000325000000   37.159920106725
0.000327500000   37.158653148197
0.000330000000   37.157384491148
0.000332500000   37.156114142179
0.000335000000   37.154842107824
0.000337500000   37.153568394552
0.000340000000   37.152293008763
0.000342500000   37.151015956792
0.000345000000   37.149737244910
0.000347500000   37.148456879318
0.000350000000   37.147174866158
0.000352500000   37.145891211502
0.000355000000   37.144605921361
0.000357500000   37.143319001680
0.000360000000   37.142030458343
0.000362500000   37.140740297167
0.000365000000   37.139448523910
0.000367500000   37.138155144265
0.000370000000   37.136860163863
0.000372500000   37.135563588274
0.000375000000   37.134265423005
0.000377500000   37.132965673504
0.000380000000   37.131664345157
0.000382500000   37.130361443288
0.000385000000   37.129056973164
0.000387500000   37.127750939989
0.000390000000   37.126443348910
0.000392500000   37.125134205013
0.000395000000   37.123823513326
0.000397500000   37.122511278819
0.000400000000   37.121197506403
0.000402500000   37.119882200931
0.000405000000   37.118565367199
0.000407500000   37.117247009946
0.000410000000   37.115927133854
0.000412500000   37.114605743549
0.000415000000   37.113282843598
0.000417500000   37.111958438516
0.000420000000   37.110632532761
0.000422500000   37.109305130734
0.000425000000   37.107976236783
0.000427500000   37.106645855201
0.000430000000   37.105313990227
0.000432500000   37.103980646046
0.000435000000   37.102645826787
0.000437500000   37.101309536530
0.000440000000   37.099971779298
0.000442500000   37.098632559064
0.000445000000   37.097291879746
0.000447500000   37.095949745212
0.000450000000   37.094606159278
0.000452500000   37.093261125708
0.000455000000   37.091914648214
0.000457500000   37.090566730459
0.000460000000   37.089217376054
0.000462500000   37.087866588560
0.000465000000   37.086514371488
0.000467500000   37.085160728300
0.000470000000   37.083805662408
0.000472500000   37.082449177175
0.000475000000   37.081091275915
0.000477500000   37.079731961894
0.000480000000   37.078371238329
0.000482500000   37.077009108390
0.000485000000   37.075645575199
0.000487500000   37.074280641832
0.000490000000   37.072914311315
0.000492500000   37.071546586630
0.000495000000   37.070177470712
0.000497500000   37.068806966449
0.000500000000   37.067435076683
0.000502500000   37.066061804212
0.000505000000   37.064687151787
0.000507500000   37.063311122115
0.000510000000   37.061933717859
0.000512500000   37.060554941635
0.000515000000   37.059174796017
0.000517500000   37.057793283535
0.000520000000   37.056410406675
0.000522500000   37.055026167880
0.000525000000   37.053640569549
0.000527500000   37.052253614039
0.000530000000   37.050865303664
0.000532500000   37.049475640697
0.000535000000   37.048084627368
0.000537500000   37.046692265866
0.000540000000   37.045298558339
0.000542500000   37.043903506891
0.000545000000   37.042507113589
0.000547500000   37.041109380457
0.000550000000   37.039710309480
0.000552500000   37.038309902602
0.000555000000   37.036908161729
0.000557500000   37.035505088725
0.000560000000   37.034100685416
0.000562500000   37.032694953590
0.000565000000   37.031287894995
0.000567500000   37.029879511340
0.000570000000   37.028469804298
0.000572500000   37.027058775504
0.000575000000   37.025646426551
0.000577500000   37.024232759001
0.000580000000   37.022817774375
0.000582500000   37.021401474157
0.000585000000   37.019983859797
0.000587500000   37.018564932706
0.000590000000   37.017144694260
0.000592500000   37.015723145799
0.000595000000   37.014300288629
0.000597500000   37.012876124019
0.000600000000   37.011450653202
0.000602500000   37.010023877378
0.000605000000   37.008595797713
0.000607500000   37.007166415337
0.000610000000   37.005735731347
0.000612500000   37.004303746805
0.000615000000   37.002870462741
0.000617500000   37.001435880152
0.000620000000   37.000000000000


