0.000000000000   3296049.493730464485
0.000000060000   3293592.991416414734
0.000000120000   3291136.691342023201
0.000000180000   3288680.593356463592
0.000000240000   3286224.697308920790
0.000000300000   3283769.003048594575
0.000000360000   3281313.510424694046
0.000000420000   3278858.219286442734
0.000000480000   3276403.129483076744
0.000000540000   3273948.240863843821
0.000000600000   3271493.553278002422
0.000000660000   3269039.066574827302
0.000000720000   3266584.780603602063
0.000000780000   3264130.695213624276
0.000000840000   3261676.810254202224
0.000000900000   3259223.125574658625
0.000000960000   3256769.641024326906
0.000001020000   3254316.356452553999
0.000001080000   3251863.271708698012
0.000001140000   3249410.386642130557
0.000001200000   3246957.701102234423
0.000001260000   3244505.214938404039
0.000001320000   3242052.928000047337
0.000001380000   3239600.840136584360
0.000001440000   3237148.951197447255
0.000001500000   3234697.261032080743
0.000001560000   3232245.769489941653
0.000001620000   3229794.476420497987
0.000001680000   3227343.381673231255
0.000001740000   3224892.485097633675
0.000001800000   3222441.786543211434
0.000001860000   3219991.285859480966
0.000001920000   3217540.982895971742
0.000001980000   3215090.877502225805
0.000002040000   3212640.969527796842
0.000002100000   3210191.258822250646
0.000002160000   3207741.745235165581
0.000002220000   3205292.428616133053
0.000002280000   3202843.308814753778
0.000002340000   3200394.385680641979
0.000002400000   3197945.659063424915
0.000002460000   3195497.128812741488
0.000002520000   3193048.794778241310
0.000002580000   3190600.656809587497
0.000002640000   3188152.714756453875
0.000002700000   3185704.968468529172
0.000002760000   3183257.417795510497
0.000002820000   3180810.062587108929
0.000002880000   3178362.902693046723
0.000002940000   3175915.937963058706
0.000003000000   3173469.168246890884


0.000003000000   3129137.198197411839
0.000003170000   3126619.070688987151
0.000003340000   3124101.503091908526
0.000003510000   3121584.494955334347
0.000003680000   3119068.045828522183
0.000003850000   3116552.155260828324
0.000004020000   3114036.822801709641
0.000004190000   3111522.048000724055
0.000004360000   3109007.830407529604
0.000004530000   3106494.169571882579
0.000004700000   3103981.065043638460
0.000004870000   3101468.516372752376
0.000005040000   3098956.523109282833
0.000005210000   3096445.084803382866
0.000005380000   3093934.201005307958
0.000005550000   3091423.871265412774
0.000005720000   3088914.095134147909
0.000005890000   3086404.872162068263
0.000006060000   3083896.201899822336
0.000006230000   3081388.083898163401
0.000006400000   3078880.517707938328
0.000006570000   3076373.502880095970
0.000006740000   3073867.038965682499
0.000006910000   3071361.125515843742
0.000007080000   3068855.762081822846
0.000007250000   3066350.948214962613
0.000007420000   3063846.683466704097
0.000007590000   3061342.967388584744
0.000007760000   3058839.799532243982
0.000007930000   3056337.179449415766
0.000008100000   3053835.106691936031
0.000008270000   3051333.580811735243
0.000008440000   3048832.601360842586
0.000008610000   3046332.167891385965
0.000008780000   3043832.279955590144
0.000008950000   3041332.937105778605
0.000009120000   3038834.138894373085
0.000009290000   3036335.884873890784
0.000009460000   3033838.174596946221
0.000009630000   3031341.007616253570
0.000009800000   3028844.383484621998
0.000009970000   3026348.301754959393
0.000010140000   3023852.761980270501
0.000010310000   3021357.763713657390
0.000010480000   3018863.306508318987
0.000010650000   3016369.389917549212
0.000010820000   3013876.013494741172
0.000010990000   3011383.176793383900
0.000011160000   3008890.879367063753
0.000011330000   3006399.120769462083
0.000011500000   3003907.900554357562
0.000011670000   3001417.218275625259
0.000011840000   2998927.073487237561
0.000012010000   2996437.465743261389
0.000012180000   2993948.394597859122
0.000012350000   2991459.859605294187
0.000012520000   2988971.860319919419
0.000012690000   2986484.396296188235
0.000012860000   2983997.467088648584
0.000013030000   2981511.072251943871
0.000013200000   2979025.211340813432
0.000013370000   2976539.883910091128
0.000013540000   2974055.089514709078
0.000013710000   2971570.827709691599
0.000013880000   2969087.098050161265
0.000014050000   2966603.900091334246
0.000014220000   2964121.233388521243
0.000014390000   2961639.097497130278
0.000014560000   2959157.491972662974
0.000014730000   2956676.416370716412
0.000014900000   2954195.870246982202
0.000015070000   2951715.853157246951
0.000015240000   2949236.364657392725
0.000015410000   2946757.404303394258
0.000015580000   2944278.971651323140
0.000015750000   2941801.066257345024
0.000015920000   2939323.687677718233
0.000016090000   2936846.835468797944
0.000016260000   2934370.509187031537
0.000016430000   2931894.708388961386
0.000016600000   2929419.432631224394
0.000016770000   2926944.681470550597
0.000016940000   2924470.454463764559
0.000017110000   2921996.751167784445
0.000017280000   2919523.571139622480
0.000017450000   2917050.913936383557
0.000017620000   2914578.779115267564
0.000017790000   2912107.166233567521
0.000017960000   2909636.074848670047
0.000018130000   2907165.504518055357
0.000018300000   2904695.454799294937
0.000018470000   2902225.925250057597
0.000018640000   2899756.915428100619
0.000018810000   2897288.424891277682
0.000018980000   2894820.453197533730
0.000019150000   2892352.999904906843
0.000019320000   2889886.064571529161
0.000019490000   2887419.646755624563
0.000019660000   2884953.746015510522
0.000019830000   2882488.361909594387
0.000020000000   2880023.493996379897


0.000020000000   32151998.793813798577
0.000020666667   31883331.913503233343
0.000021333333   31617117.073972363025
0.000022000000   31353333.801525276154
0.000022666667   31091961.809469752014
0.000023333333   30832980.996557135135
0.000024000000   30576371.445436362177
0.000024666667   30322113.421122230589
0.000025333333   30070187.369477614760
0.000026000000   29820573.915709629655
0.000026666667   29573253.862879604101
0.000027333333   29328208.190426670015
0.000028000000   29085418.052704971284
0.000028666667   28844864.777534320951
0.000029333333   28606529.864764172584
0.000030000000   28370394.984850823879
0.000030666667   28136441.977447781712
0.000031333333   27904652.850009091198
0.000032000000   27675009.776405595243
0.000032666667   27447495.095553971827
0.000033333333   27222091.310058511794
0.000034000000   26998781.084865409881
0.000034666667   26777547.245929617435
0.000035333333   26558372.778894018382
0.000036000000   26341240.827780943364
0.000036666667   26126134.693695805967
0.000037333333   25913037.833542842418
0.000038000000   25701933.858752872795
0.000038666667   25492806.534022875130
0.000039333333   25285639.776067391038
0.000040000000   25080417.652381625026
0.000040666667   24877124.380016118288
0.000041333333   24675744.324362937361
0.000042000000   24476261.997953262180
0.000042666667   24278662.059266321361
0.000043333333   24082929.311549484730
0.000044000000   23889048.701649576426
0.000044666667   23697005.318855155259
0.000045333333   23506784.393749795854
0.000046000000   23318371.297076221555
0.000046666667   23131751.538611207157
0.000047333333   22946910.766051188111
0.000048000000   22763834.763908497989
0.000048666667   22582509.452418047935
0.000049333333   22402920.886454559863
0.000050000000   22225055.254460051656
0.000050666667   22048898.877381652594
0.000051333333   21874438.207619585097
0.000052000000   21701659.827985279262
0.000052666667   21530550.450669478625
0.000053333333   21361096.916220348328
0.000054000000   21193286.192531391978
0.000054666667   21027105.373839218169
0.000055333333   20862541.679731003940
0.000056000000   20699582.454161580652
0.000056666667   20538215.164480101317
0.000057333333   20378427.400466211140
0.000058000000   20220206.873375602067
0.000058666667   20063541.414994936436
0.000059333333   19908418.976706035435
0.000060000000   19754827.628559231758
0.000060666667   19602755.558355923742
0.000061333333   19452191.070740092546
0.000062000000   19303122.586298879236
0.000062666667   19155538.640672039241
0.000063333333   19009427.883670266718
0.000064000000   18864779.078402265906
0.000064666667   18721581.100410595536
0.000065333333   18579822.936816092581
0.000066000000   18439493.685470920056
0.000066666667   18300582.554120115936
0.000067333333   18163078.859571617097
0.000068000000   18026972.026874613017
0.000068666667   17892251.588506296277
0.000069333333   17758907.183566812426
0.000070000000   17626928.556982465088
0.000070666667   17496305.558717012405
0.000071333333   17367028.142991069704
0.000072000000   17239086.367509517819
0.000072666667   17112470.392696868628
0.000073333333   16987170.480940565467
0.000074000000   16863176.995842050761
0.000074666667   16740480.401475703344
0.000075333333   16619071.261655434966
0.000076000000   16498940.239208998159
0.000076666667   16380078.095259899274
0.000077333333   16262475.688516851515
0.000078000000   16146123.974570756778
0.000078666667   16031014.005199134350
0.000079333333   15917136.927677944303
0.000080000000   15804483.984100742266
0.000080666667   15693046.510705145076
0.000081333333   15582815.937206532806
0.000082000000   15473783.786138935015
0.000082666667   15365941.672203052789
0.000083333333   15259281.301621375605
0.000084000000   15153794.471500338987
0.000084666667   15049473.069199457765
0.000085333333   14946309.071707420051
0.000086000000   14844294.545025063679
0.000086666667   14743421.643555188552
0.000087333333   14643682.609499182552
0.000088000000   14545069.772260401398
0.000088666667   14447575.547854244709
0.000089333333   14351192.438324889168
0.000090000000   14255913.031168658286
0.000090666667   14161729.998763948679
0.000091333333   14068636.097807683051
0.000092000000   13976624.168758248910
0.000092666667   13885687.135284889489
0.000093333333   13795818.003723485395
0.000094000000   13707009.862538687885
0.000094666667   13619255.881792388856
0.000095333333   13532549.312618441880
0.000096000000   13446883.486703630537
0.000096666667   13362251.815774839371
0.000097333333   13278647.791092367843
0.000098000000   13196064.982949351892
0.000098666667   13114497.040177296847
0.000099333333   13033937.689657613635
0.000100000000   12954380.735839189962
0.000100666667   12875820.060261892155
0.000101333333   12798249.621086029336
0.000102000000   12721663.452627699822
0.000102666667   12646055.664899967611
0.000103333333   12571420.443159909919
0.000104000000   12497752.047461403534
0.000104666667   12425044.812213696539
0.000105333333   12353293.145745683461
0.000106000000   12282491.529875870794
0.000106666667   12212634.519487980753
0.000107333333   12143716.742112210020
0.000108000000   12075732.897512018681
0.000108666667   12008677.757276538759
0.000109333333   11942546.164418445900
0.000110000000   11877333.032977374271
0.000110666667   11813033.347628761083
0.000111333333   11749642.163298141211
0.000112000000   11687154.604780828580
0.000112666667   11625565.866366991773
0.000113333333   11564871.211472053081
0.000114000000   11505065.972272420302
0.000114666667   11446145.549346499145
0.000115333333   11388105.411320960149
0.000116000000   11330941.094522256404
0.000116666667   11274648.202633330598
0.000117333333   11219222.406355513260
0.000118000000   11164659.443075561896
0.000118666667   11110955.116537848487
0.000119333333   11058105.296521632001
0.000120000000   11006105.918523421511


0.000120000000   467759.501537245407
0.000122500000   465531.859412734106
0.000125000000   463310.023721626494
0.000127500000   461093.966751660453
0.000130000000   458883.660862649791
0.000132500000   456679.078486140061
0.000135000000   454480.192125063972
0.000137500000   452286.974353399244
0.000140000000   450099.397815825883
0.000142500000   447917.435227385547
0.000145000000   445741.059373140626
0.000147500000   443570.243107835180
0.000150000000   441404.959355556290
0.000152500000   439245.181109396333
0.000155000000   437090.881431116199
0.000157500000   434942.033450809307
0.000160000000   432798.610366566165
0.000162500000   430660.585444140539
0.000165000000   428527.932016615756
0.000167500000   426400.623484072101
0.000170000000   424278.633313254919
0.000172500000   422161.935037243995
0.000175000000   420050.502255123167
0.000177500000   417944.308631651103
0.000180000000   415843.327896933071
0.000182500000   413747.533846092818
0.000185000000   411656.900338946085
0.000187500000   409571.401299674530
0.000190000000   407491.010716500285
0.000192500000   405415.702641361800
0.000195000000   403345.451189589861
0.000197500000   401280.230539585173
0.000200000000   399220.014932495949
0.000202500000   397164.778671896784
0.000205000000   395114.496123468038
0.000207500000   393069.141714676050
0.000210000000   391028.689934454625
0.000212500000   388993.115332886286
0.000215000000   386962.392520885158
0.000217500000   384936.496169880149
0.000220000000   382915.401011499227
0.000222500000   380899.081837254111
0.000225000000   378887.513498225715
0.000227500000   376880.670904750819
0.000230000000   374878.529026108852
0.000232500000   372881.062890209956
0.000235000000   370888.247583283111
0.000237500000   368900.058249565773
0.000240000000   366916.470090993738
0.000242500000   364937.458366891777
0.000245000000   362962.998393665126
0.000247500000   360993.065544491459
0.000250000000   359027.635249014013
0.000252500000   357066.682993034890
0.000255000000   355110.184318209416
0.000257500000   353158.114821741008
0.000260000000   351210.450156076811
0.000262500000   349267.166028604202
0.000265000000   347328.238201347471
0.000267500000   345393.642490665836
0.000270000000   343463.354766951408
0.000272500000   341537.350954328664
0.000275000000   339615.607030353975
0.000277500000   337698.099025715841
0.000280000000   335784.803023936285
0.000282500000   333875.695161072130
0.000285000000   331970.751625417615
0.000287500000   330069.948657207307
0.000290000000   328173.262548319704
0.000292500000   326280.669641981716
0.000295000000   324392.146332473436
0.000297500000   322507.669064833841
0.000300000000   320627.214334566845
0.000302500000   318750.758687348221
0.000305000000   316878.278718733112
0.000307500000   315009.751073864056
0.000310000000   313145.152447179484
0.000312500000   311284.459582123673
0.000315000000   309427.649270855705
0.000317500000   307574.698353960994
0.000320000000   305725.583720161812
0.000322500000   303880.282306029112
0.000325000000   302038.771095695090
0.000327500000   300201.027120565879
0.000330000000   298367.027459035045
0.000332500000   296536.749236197968
0.000335000000   294710.169623566384
0.000337500000   292887.265838783642
0.000340000000   291068.015145340411
0.000342500000   289252.394852291327
0.000345000000   287440.382313971815
0.000347500000   285631.954929715779
0.000350000000   283827.090143573645
0.000352500000   282025.765444030869
0.000355000000   280227.958363727317
0.000357500000   278433.646479177289
0.000360000000   276642.807410489244
0.000362500000   274855.418821087107
0.000365000000   273071.458417431626
0.000367500000   271290.903948742081
0.000370000000   269513.733206719102
0.000372500000   267739.924025267304
0.000375000000   265969.454280219215
0.000377500000   264202.301889058785
0.000380000000   262438.444810646586
0.000382500000   260677.861044944526
0.000385000000   258920.528632741480
0.000387500000   257166.425655379338
0.000390000000   255415.530234479840
0.000392500000   253667.820531671663
0.000395000000   251923.274748317752
0.000397500000   250181.871125243837
0.000400000000   248443.587942466664
0.000402500000   246708.403518923296
0.000405000000   244976.296212200599
0.000407500000   243247.244418265414
0.000410000000   241521.226571195177
0.000412500000   239798.221142908646
0.000415000000   238078.206642897450
0.000417500000   236361.161617958278
0.000420000000   234647.064651925088
0.000422500000   232935.894365402084
0.000425000000   231227.629415497009
0.000427500000   229522.248495555046
0.000430000000   227819.730334892956
0.000432500000   226120.053698533564
0.000435000000   224423.197386941494
0.000437500000   222729.140235758212
0.000440000000   221037.861115538195
0.000442500000   219349.338931485487
0.000445000000   217663.552623190626
0.000447500000   215980.481164367782
0.000450000000   214300.103562592616
0.000452500000   212622.398859040404
0.000455000000   210947.346128224715
0.000457500000   209274.924477736204
0.000460000000   207605.113047982275
0.000462500000   205937.891011926869
0.000465000000   204273.237574830448
0.000467500000   202611.131973990879
0.000470000000   200951.553478484449
0.000472500000   199294.481388907210
0.000475000000   197639.895037116832
0.000477500000   195987.773785974743
0.000480000000   194338.097029088909
0.000482500000   192690.844190556643
0.000485000000   191045.994724708027
0.000487500000   189403.528115849767
0.000490000000   187763.423878009082
0.000492500000   186125.661554678372
0.000495000000   184490.220718559984
0.000497500000   182857.080971311429
0.000500000000   181226.221943291021
0.000502500000   179597.623293303710
0.000505000000   177971.264708347502
0.000507500000   176347.125903359964
0.000510000000   174725.186620965338
0.000512500000   173105.426631221781
0.000515000000   171487.825731369201
0.000517500000   169872.363745577022
0.000520000000   168259.020524692693
0.000522500000   166647.775945990405
0.000525000000   165038.609912920045
0.000527500000   163431.502354856580
0.000530000000   161826.433226849680
0.000532500000   160223.382509373623
0.000535000000   158622.330208077794
0.000537500000   157023.256353537145
0.000540000000   155426.141001003241
0.000542500000   153830.964230155369
0.000545000000   152237.706144852185
0.000547500000   150646.346872883441
0.000550000000   149056.866565722303
0.000552500000   147469.245398277562
0.000555000000   145883.463568646519
0.000557500000   144299.501297868002
0.000560000000   142717.338829675544
0.000562500000   141136.956430251186
0.000565000000   139558.334387979063
0.000567500000   137981.453013199760
0.000570000000   136406.292637964681
0.000572500000   134832.833615790732
0.000575000000   133261.056321415206
0.000577500000   131690.941150551109
0.000580000000   130122.468519642542
0.000582500000   128555.618865620563
0.000585000000   126990.372645659081
0.000587500000   125426.710336931093
0.000590000000   123864.612436365293
0.000592500000   122304.059460402685
0.000595000000   120745.031944753719
0.000597500000   119187.510444155356
0.000600000000   117631.475532128694
0.000602500000   116076.907800736473
0.000605000000   114523.787860341225
0.000607500000   112972.096339363270
0.000610000000   111421.813884039177
0.000612500000   109872.921158180325
0.000615000000   108325.398842931812
0.000617500000   106779.227636531359
0.000620000000   105234.388254068734


