0.000000000000   364100557.955415129662
0.000000133333   356795505.847949564457
0.000000266667   349637282.086264193058
0.000000400000   342622940.922604560852
0.000000533333   335749595.819619178772
0.000000666667   329014418.262496888638
0.000000800000   322414636.594982862473
0.000000933333   315947534.878793179989
0.000001066667   309610451.775955796242
0.000001200000   303400779.453624486923
0.000001333333   297315962.510907232761
0.000001466667   291353496.927271962166
0.000001600000   285510929.032099783421
0.000001733333   279785854.494951844215
0.000001866667   274175917.336144447327
0.000002000000   268678808.957222044468
0.000002133333   263292267.190925151110
0.000002266667   258014075.370268315077
0.000002400000   252842061.416340321302
0.000002533333   247774096.944455206394
0.000002666667   242808096.388280332088
0.000002800000   237942016.141590595245
0.000002933333   233173853.717284470797
0.000003066667   228501646.923325031996
0.000003200000   223923473.055259943008
0.000003333333   219437448.104995131493
0.000003466667   215041725.985488444567
0.000003600000   210734497.771052628756
0.000003733333   206513990.952946275473
0.000003866667   202378468.709956377745
0.000004000000   198326229.193661421537
0.000004133333   194355604.828090280294
0.000004266667   190464961.623482853174
0.000004400000   186652698.503873825073
0.000004533333   182917246.648217886686
0.000004666667   179257068.844792962074
0.000004800000   175670658.858606338501
0.000004933333   172156540.811551958323
0.000005066667   168713268.575058817863
0.000005200000   165339425.174980282784
0.000005333333   162033622.208484083414
0.000005466667   158794499.272697001696
0.000005600000   155620723.404875755310
0.000005733333   152510988.533863842487
0.000005866667   149464014.942621231079
0.000006000000   146478548.741596251726
0.000006133333   143553361.352725267410
0.000006266667   140687249.003849208355
0.000006400000   137879032.233339667320
0.000006533333   135127555.404727011919
0.000006666667   132431686.231134355068
0.000006800000   129790315.309320375323
0.000006933333   127202355.663136944175
0.000007066667   124666742.296218723059
0.000007200000   122182431.753717407584
0.000007333333   119748401.692898690701
0.000007466667   117363650.462429791689
0.000007600000   115027196.690180331469
0.000007733333   112738078.879367753863
0.000007866667   110495355.012884587049
0.000008000000   108298102.165639325976
0.000008133333   106145416.124755457044
0.000008266667   104036411.017470166087
0.000008400000   101970218.946581095457
0.000008533333   99945989.633288785815
0.000008666667   97962890.067291349173
0.000008800000   96020104.163983911276
0.000008933333   94116832.428626015782
0.000009066667   92252291.627331048250
0.000009200000   90425714.464752733707
0.000009333333   88636349.268327608705
0.000009466667   86883459.678947210312
0.000009600000   85166324.347930639982
0.000009733333   83484236.640178024769
0.000009866667   81836504.343374520540
0.000010000000   80222449.383132383227
0.000010133333   78641407.543949678540
0.000010266667   77092728.195873901248
0.000010400000   75575774.026753515005
0.000010533333   74089920.779971957207
0.000010666667   72634556.997555032372
0.000010800000   71209083.768543109298
0.000010933333   69812914.482526570559
0.000011066667   68445474.588246867061
0.000011200000   67106201.357154183090
0.000011333333   65794543.651837021112
0.000011466667   64509961.699215605855
0.000011600000   63251926.868416801095
0.000011733333   62019921.453230082989
0.000011866667   60813438.459064126015
0.000012000000   59631981.394305363297
0.000012133333   58475064.066004075110
0.000012266667   57342210.379796437919
0.000012400000   56232954.143981650472
0.000012533333   55146838.877675309777
0.000012666667   54083417.622958198190
0.000012800000   53042252.760945141315
0.000012933333   52022915.831695102155
0.000013066667   51024987.357892915606
0.000013200000   50048056.672224439681
0.000013333333   49091721.748380258679
0.000013466667   48155589.035613559186
0.000013600000   47239273.296786710620
0.000013733333   46342397.449837006629
0.000013866667   45464592.412602514029
0.000014000000   44605496.950935058296
0.000014133333   43764757.530047178268
0.000014266667   42942028.169024147093
0.000014400000   42136970.298446640372
0.000014533333   41349252.621063068509
0.000014666667   40578550.975453913212
0.000014800000   39824548.202633321285
0.000014933333   39086934.015530757606
0.000015066667   38365404.871302798390
0.000015200000   37659663.846419505775
0.000015333333   36969420.514473803341
0.000015466667   36294390.826666228473
0.000015600000   35634296.994911894202
0.000015733333   34988867.377526082098
0.000015866667   34357836.367438405752
0.000016000000   33740944.282890215516
0.000016133333   33137937.260569360107
0.000016266667   32548567.151142187417
0.000016400000   31972591.417134102434
0.000016533333   31409773.033120952547
0.000016666667   30859880.388187937438
0.000016800000   30322687.190617840737
0.000016933333   29797972.374767024070
0.000017066667   29285520.010092437267
0.000017200000   28785119.212292242795
0.000017333333   28296564.056523401290
0.000017466667   27819653.492657963187
0.000017600000   27354191.262548629194
0.000017733333   26899985.819262791425
0.000017866667   26456850.248259022832
0.000018000000   26024602.190466936678
0.000018133333   25603063.767243202776
0.000018266667   25192061.507170960307
0.000018400000   24791426.274673715234
0.000018533333   24400993.200410552323
0.000018666667   24020601.613430600613
0.000018800000   23650094.975054096431
0.000018933333   23289320.814453147352
0.000019066667   22938130.665905799717
0.000019200000   22596380.007701922208
0.000019333333   22263928.202667746693
0.000019466667   21940638.440291389823
0.000019600000   21626377.680423308164
0.000019733333   21321016.598524995148
0.000019866667   21024429.532453462481
0.000020000000   20736494.430745571852


0.000020000000   8681175.847806679085
0.000020666667   8152122.209188790061
0.000021333333   7655310.445843785070
0.000022000000   7188775.652387049980
0.000022666667   6750672.669757680967
0.000023333333   6339268.787559992634
0.000024000000   5952936.891141341999
0.000024666667   5590149.026304611005
0.000025333333   5249470.356203933246
0.000026000000   4929553.486521772109
0.000026666667   4629133.136483684182
0.000027333333   4347021.134635305963
0.000028000000   4082101.719587935135
0.000028666667   3833327.127149402164
0.000029333333   3599713.446384550538
0.000030000000   3380336.728218457662
0.000030666667   3174329.331189589109
0.000031333333   2980876.489902128931
0.000032000000   2799213.092603999190
0.000032666667   2628620.655147185549
0.000033333333   2468424.479361363221
0.000034000000   2317990.984602160752
0.000034666667   2176725.201921038795
0.000035333333   2044068.420944532380
0.000036000000   1919495.980158470804
0.000036666667   1802515.191855665995
0.000037333333   1692663.393541624304
0.000038000000   1589506.118090173462
0.000038666667   1492635.375413020607
0.000039333333   1401668.038846792653
0.000040000000   1316244.329875644762
0.000040666667   1236026.395195925841
0.000041333333   1160696.970496948110
0.000042000000   1089958.125670560636
0.000042666667   1023530.086488851579
0.000043333333   961150.128088890924
0.000044000000   902571.535887623439
0.000044666667   847562.629818650894
0.000045333333   795905.848030518624
0.000046000000   747396.886423465912
0.000046666667   701843.890619710670
0.000047333333   659066.697174127214
0.000048000000   618896.121022403007
0.000048666667   581173.286349401460
0.000049333333   545748.998230009456
0.000050000000   512483.152559245937
0.000050666667   481244.181935834175
0.000051333333   451908.535309495986
0.000052000000   424360.189333322167
0.000052666667   398490.189487033058
0.000053333333   374196.219159138622
0.000054000000   351382.194981438632
0.000054666667   329957.886816670652
0.000055333333   309838.560895600298
0.000056000000   290944.644692663802
0.000056666667   273201.412213391159
0.000057333333   256538.688452124712
0.000058000000   240890.571846665960
0.000058666667   226195.173636505671
0.000059333333   212394.373090049252
0.000060000000   199433.587636300799
0.000060666667   187261.556988434895
0.000061333333   175830.140408444306
0.000062000000   165094.126308879233
0.000062666667   155011.053439380397
0.000063333333   145541.042951365525
0.000064000000   136646.640676173352
0.000064666667   128292.668992539591
0.000065333333   120446.087698247415
0.000066000000   113075.863334675989
0.000066666667   106152.846449013523
0.000067333333   99649.656307567770
0.000068000000   93540.572603392342
0.000068666667   87801.433731971119
0.000069333333   82409.541231798314
0.000070000000   77343.570010729221
0.000070666667   72583.484004743645
0.000071333333   68110.456934967646
0.000072000000   63906.797849174247
0.000072666667   59955.881153441769
0.000073333333   56242.080857098168
0.000074000000   52750.708772215061
0.000074666667   49467.956420540126
0.000075333333   46380.840420977591
0.000076000000   43477.151140240167
0.000076666667   40745.404402852801
0.000077333333   38174.796071289282
0.000078000000   35755.159314856814
0.000078666667   33476.924400238808
0.000079333333   31331.080842176816
0.000080000000   29309.141767677800
0.000080666667   27403.110348964547
0.000081333333   25605.448176716982
0.000082000000   23909.045445101114
0.000082666667   22307.192832139273
0.000083333333   20793.554964520215
0.000084000000   19362.145361162082
0.000084666667   18007.302755564411
0.000085333333   16723.668706523884
0.000086000000   15506.166404219342
0.000086666667   14349.980592051246
0.000087333333   13250.538521797036
0.000088000000   12203.491868928299
0.000088666667   11204.699533460160
0.000089333333   10250.211263251427
0.000090000000   9336.252029729885
0.000090666667   8459.207098226507
0.000091333333   7615.607731007123
0.000092000000   6802.117468491999
0.000092666667   6015.518933619591
0.000093333333   5252.701106778090
0.000094000000   4510.647021704356
0.000094666667   3786.421833665554
0.000095333333   3077.161211315118
0.000096000000   2380.060008829055
0.000096666667   1692.361171520178
0.000097333333   1011.344830900381
0.000098000000   334.317548162541
0.000098666667   -341.398338685496
0.000099333333   -1018.475304808892
0.000100000000   -1699.591208541026
0.000100666667   -2387.439882439791
0.000101333333   -3084.741787018430
0.000102000000   -3794.254770799258
0.000102666667   -4518.784977413449
0.000103333333   -5261.197943853093
0.000104000000   -6024.429934032576
0.000104666667   -6811.499551587420
0.000105333333   -7625.519678433218
0.000106000000   -8469.709786802756
0.000106666667   -9347.408671919869
0.000107333333   -10262.087656945283
0.000108000000   -11217.364322567395
0.000108666667   -12217.016814399389
0.000109333333   -13264.998785363085
0.000110000000   -14365.455032910606
0.000110666667   -15522.737891647239
0.000111333333   -16741.424447031484
0.000112000000   -18026.334637786858
0.000112666667   -19382.550318882440
0.000113333333   -20815.435360576503
0.000114000000   -22330.656862146148
0.000114666667   -23934.207566251596
0.000115333333   -25632.429559552973
0.000116000000   -27432.039356567424
0.000116666667   -29340.154462991355
0.000117333333   -31364.321526031588
0.000118000000   -33512.546181603888
0.000118666667   -35793.324716854862
0.000119333333   -38215.677672796613
0.000120000000   -40789.185521229636


0.000120000000   -1182.886380115659
0.000122500000   -1146.995385540027
0.000125000000   -1111.889126019498
0.000127500000   -1077.551469776445
0.000130000000   -1043.966601739678
0.000132500000   -1011.119017099623
0.000135000000   -978.993514988163
0.000137500000   -947.575192251428
0.000140000000   -916.849437389284
0.000142500000   -886.801924571546
0.000145000000   -857.418607809827
0.000147500000   -828.685715195784
0.000150000000   -800.589743291310
0.000152500000   -773.117451626426
0.000155000000   -746.255857264305
0.000157500000   -719.992229522665
0.000160000000   -694.314084754922
0.000162500000   -669.209181264115
0.000165000000   -644.665514289855
0.000167500000   -620.671311123634
0.000170000000   -597.215026277971
0.000172500000   -574.285336770638
0.000175000000   -551.871137506991
0.000177500000   -529.961536737542
0.000180000000   -508.545851598144
0.000182500000   -487.613603754190
0.000185000000   -467.154515104555
0.000187500000   -447.158503598402
0.000190000000   -427.615679091823
0.000192500000   -408.516339300365
0.000195000000   -389.850965868117
0.000197500000   -371.610220429409
0.000200000000   -353.784940812882
0.000202500000   -336.366137301623
0.000205000000   -319.344988923533
0.000207500000   -302.712839864156
0.000210000000   -286.461195927446
0.000212500000   -270.581721039324
0.000215000000   -255.066233863354
0.000217500000   -239.906704423793
0.000220000000   -225.095250834869
0.000222500000   -210.624136071363
0.000225000000   -196.485764802625
0.000227500000   -182.672680267169
0.000230000000   -169.177561229878
0.000232500000   -155.993218987898
0.000235000000   -143.112594413406
0.000237500000   -130.528755060566
0.000240000000   -118.234892338864
0.000242500000   -106.224318712263
0.000245000000   -94.490464958843
0.000247500000   -83.026877482084
0.000250000000   -71.827215650905
0.000252500000   -60.885249215692
0.000255000000   -50.194855751614
0.000257500000   -39.750018132918
0.000260000000   -29.544822092056
0.000262500000   -19.573453757423
0.000265000000   -9.830197293622
0.000267500000   -0.309432542470
0.000270000000   8.994367270345
0.000272500000   18.086637816805
0.000275000000   26.972725902372
0.000277500000   35.657891630241
0.000280000000   44.147310607642
0.000282500000   52.446076038546
0.000285000000   60.559200832594
0.000287500000   68.491619652070
0.000290000000   76.248190947804
0.000292500000   83.833698950081
0.000295000000   91.252855640371
0.000297500000   98.510302688391
0.000300000000   105.610613361133
0.000302500000   112.558294393536
0.000305000000   119.357787863585
0.000307500000   126.013472998810
0.000310000000   132.529667980565
0.000312500000   138.910631736514
0.000315000000   145.160565676314
0.000317500000   151.283615425082
0.000320000000   157.283872532523
0.000322500000   163.165376156982
0.000325000000   168.932114731044
0.000327500000   174.588027590264
0.000330000000   180.137006621064
0.000332500000   185.582897837830
0.000335000000   190.929502986546
0.000337500000   196.180581093123
0.000340000000   201.339850024255
0.000342500000   206.410988023203
0.000345000000   211.397635223441
0.000347500000   216.303395144610
0.000350000000   221.131836173709
0.000352500000   225.886493049978
0.000355000000   230.570868313636
0.000357500000   235.188433742083
0.000360000000   239.742631805272
0.000362500000   244.236877064291
0.000365000000   248.674557584693
0.000367500000   253.059036346876
0.000370000000   257.393652612206
0.000372500000   261.681723325282
0.000375000000   265.926544454242
0.000377500000   270.131392378277
0.000380000000   274.299525227932
0.000382500000   278.434184228364
0.000385000000   282.538595040382
0.000387500000   286.615969084526
0.000390000000   290.669504883578
0.000392500000   294.702389365254
0.000395000000   298.717799182585
0.000397500000   302.718902030621
0.000400000000   306.708857952064
0.000402500000   310.690820641428
0.000405000000   314.667938749934
0.000407500000   318.643357174182
0.000410000000   322.620218367688
0.000412500000   326.601663631760
0.000415000000   330.590834410812
0.000417500000   334.590873597995
0.000420000000   338.604926817230
0.000422500000   342.636143742117
0.000425000000   346.687679378705
0.000427500000   350.762695370391
0.000430000000   354.864361321252
0.000432500000   358.995856074396
0.000435000000   363.160369055207
0.000437500000   367.361101558548
0.000440000000   371.601268086844
0.000442500000   375.884097670476
0.000445000000   380.212835200704
0.000447500000   384.590742777353
0.000450000000   389.021101046898
0.000452500000   393.507210544987
0.000455000000   398.052393071411
0.000457500000   402.659993061390
0.000460000000   407.333378952433
0.000462500000   412.075944584392
0.000465000000   416.891110595088
0.000467500000   421.782325826269
0.000470000000   426.753068756117
0.000472500000   431.806848914055
0.000475000000   436.947208344240
0.000477500000   442.177723055774
0.000480000000   447.502004495049
0.000482500000   452.923701043171
0.000485000000   458.446499506741
0.000487500000   464.074126630770
0.000490000000   469.810350653638
0.000492500000   475.658982845828
0.000495000000   481.623879074471
0.000497500000   487.708941398139
0.000500000000   493.918119664592
0.000502500000   500.255413138759
0.000505000000   506.724872153593
0.000507500000   513.330599766092
0.000510000000   520.076753452405
0.000512500000   526.967546816966
0.000515000000   534.007251308993
0.000517500000   541.200198000957
0.000520000000   548.550779355981
0.000522500000   556.063451021065
0.000525000000   563.742733683000
0.000527500000   571.593214898470
0.000530000000   579.619551000135
0.000532500000   587.826469005657
0.000535000000   596.218768542224
0.000537500000   604.801323822702
0.000540000000   613.579085657937
0.000542500000   622.557083478647
0.000545000000   631.740427391979
0.000547500000   641.134310300028
0.000550000000   650.744010009514
0.000552500000   660.574891400456
0.000555000000   670.632408618465
0.000557500000   680.922107339313
0.000560000000   691.449627009908
0.000562500000   702.220703174094
0.000565000000   713.241169823532
0.000567500000   724.516961784721
0.000570000000   736.054117148813
0.000572500000   747.858779750836
0.000575000000   759.937201681388
0.000577500000   772.295745856597
0.000580000000   784.940888602833
0.000582500000   797.879222324776
0.000585000000   811.117458211847
0.000587500000   824.662428962332
0.000590000000   838.521091587919
0.000592500000   852.700530270602
0.000595000000   867.207959252044
0.000597500000   882.050725784902
0.000600000000   897.236313143163
0.000602500000   912.772343685590
0.000605000000   928.666581960483
0.000607500000   944.926937893779
0.000610000000   961.561470017742
0.000612500000   978.578388763073
0.000615000000   995.986059811517
0.000617500000   1013.793007528874
0.000620000000   1032.007918449639


