0.000000000000   877.149711742717
0.000000133333   867.465513929071
0.000000266667   857.975932300984
0.000000400000   848.677062363637
0.000000533333   839.565078103812
0.000000666667   830.636230415413
0.000000800000   821.886845556637
0.000000933333   813.313323638155
0.000001066667   804.912137141693
0.000001200000   796.679829468383
0.000001333333   788.613013516311
0.000001466667   780.708370286656
0.000001600000   772.962647517858
0.000001733333   765.372658347250
0.000001866667   757.935279999600
0.000002000000   750.647452502029
0.000002133333   743.506177424774
0.000002266667   736.508516647272
0.000002400000   729.651591149073
0.000002533333   722.932579825058
0.000002666667   716.348718324505
0.000002800000   709.897297913505
0.000002933333   703.575664360261
0.000003066667   697.381216842824
0.000003200000   691.311406878801
0.000003333333   685.363737276608
0.000003466667   679.535761107821
0.000003600000   673.825080700223
0.000003733333   668.229346651112
0.000003866667   662.746256860478
0.000004000000   657.373555583639
0.000004133333   652.109032502963
0.000004266667   646.950521818279
0.000004400000   641.895901355601
0.000004533333   636.943091693822
0.000004666667   632.090055308981
0.000004800000   627.334795735791
0.000004933333   622.675356746048
0.000005066667   618.109821543608
0.000005200000   613.636311975585
0.000005333333   609.252987759460
0.000005466667   604.958045725760
0.000005600000   600.749719076026
0.000005733333   596.626276655735
0.000005866667   592.586022241901
0.000006000000   588.627293845043
0.000006133333   584.748463025242
0.000006266667   580.947934222010
0.000006400000   577.224144097682
0.000006533333   573.575560894075
0.000006666667   570.000683802136
0.000006800000   566.498042344332
0.000006933333   563.066195769519
0.000007066667   559.703732460042
0.000007200000   556.409269350831
0.000007333333   553.181451360240
0.000007466667   550.018950832404
0.000007600000   546.920466990882
0.000007733333   543.884725403364
0.000007866667   540.910477457215
0.000008000000   537.996499845647
0.000008133333   535.141594064305
0.000008266667   532.344585918057
0.000008400000   529.604325037791
0.000008533333   526.919684407014
0.000008666667   524.289559898065
0.000008800000   521.712869817741
0.000008933333   519.188554462164
0.000009066667   516.715575680685
0.000009200000   514.292916448672
0.000009333333   511.919580448978
0.000009466667   509.594591661942
0.000009600000   507.316993963733
0.000009733333   505.085850732890
0.000009866667   502.900244464881
0.000010000000   500.759276394534
0.000010133333   498.662066126174
0.000010266667   496.607751271328
0.000010400000   494.595487093831
0.000010533333   492.624446162200
0.000010666667   490.693818009134
0.000010800000   488.802808797985
0.000010933333   486.950640996083
0.000011066667   485.136553054765
0.000011200000   483.359799095979
0.000011333333   481.619648605346
0.000011466667   479.915386131536
0.000011600000   478.246310991845
0.000011733333   476.611736983851
0.000011866667   475.010992103030
0.000012000000   473.443418266209
0.000012133333   471.908371040756
0.000012266667   470.405219379378
0.000012400000   468.933345360439
0.000012533333   467.492143933668
0.000012666667   466.081022671171
0.000012800000   464.699401523633
0.000012933333   463.346712581621
0.000013066667   462.022399841874
0.000013200000   460.725918978495
0.000013333333   459.456737118956
0.000013466667   458.214332624805
0.000013600000   456.998194877007
0.000013733333   455.807824065806
0.000013866667   454.642730985051
0.000014000000   453.502436830876
0.000014133333   452.386473004659
0.000014266667   451.294380920191
0.000014400000   450.225711814951
0.000014533333   449.180026565438
0.000014666667   448.156895506460
0.000014800000   447.155898254318
0.000014933333   446.176623533811
0.000015066667   445.218669008985
0.000015200000   444.281641117571
0.000015333333   443.365154909017
0.000015466667   442.468833886080
0.000015600000   441.592309849888
0.000015733333   440.735222748418
0.000015866667   439.897220528328
0.000016000000   439.077958990081
0.000016133333   438.277101646297
0.000016266667   437.494319583287
0.000016400000   436.729291325694
0.000016533333   435.981702704200
0.000016666667   435.251246726242
0.000016800000   434.537623449677
0.000016933333   433.840539859347
0.000017066667   433.159709746502
0.000017200000   432.494853591016
0.000017333333   431.845698446361
0.000017466667   431.211977827285
0.000017600000   430.593431600143
0.000017733333   429.989805875853
0.000017866667   429.400852905412
0.000018000000   428.826330977944
0.000018133333   428.266004321228
0.000018266667   427.719643004679
0.000018400000   427.187022844722
0.000018533333   426.667925312535
0.000018666667   426.162137444128
0.000018800000   425.669451752693
0.000018933333   425.189666143229
0.000019066667   424.722583829370
0.000019200000   424.268013252404
0.000019333333   423.825768002447
0.000019466667   423.395666741725
0.000019600000   422.977533129956
0.000019733333   422.571195751779
0.000019866667   422.176488046215
0.000020000000   421.793248238122


0.000020000000   353.161077596958
0.000020666667   351.754667176808
0.000021333333   350.433750097988
0.000022000000   349.193116171473
0.000022666667   348.027872730383
0.000023333333   346.933425279337
0.000024000000   345.905459323088
0.000024666667   344.939923302564
0.000025333333   344.033012570834
0.000026000000   343.181154345610
0.000026666667   342.380993578791
0.000027333333   341.629379687148
0.000028000000   340.923354091667
0.000028666667   340.260138516289
0.000029333333   339.637123999740
0.000030000000   339.051860577012
0.000030666667   338.502047589679
0.000031333333   337.985524586726
0.000032000000   337.500262779898
0.000032666667   337.044357019782
0.000033333333   336.616018260888
0.000034000000   336.213566485915
0.000034666667   335.835424061240
0.000035333333   335.480109497322
0.000036000000   335.146231589373
0.000036666667   334.832483915098
0.000037333333   334.537639667758
0.000038000000   334.260546804113
0.000038666667   334.000123488054
0.000039333333   333.755353811914
0.000040000000   333.525283778517
0.000040666667   333.309017528096
0.000041333333   333.105713795138
0.000042000000   332.914582581155
0.000042666667   332.734882030217
0.000043333333   332.565915494888
0.000044000000   332.407028780968
0.000044666667   332.257607560132
0.000045333333   332.117074940246
0.000046000000   331.984889183739
0.000046666667   331.860541565017
0.000047333333   331.743554358439
0.000048000000   331.633478948894
0.000048666667   331.529894057519
0.000049333333   331.432404075526
0.000050000000   331.340637499561
0.000050666667   331.254245462392
0.000051333333   331.172900353134
0.000052000000   331.096294521534
0.000052666667   331.024139061211
0.000053333333   330.956162667014
0.000054000000   330.892110562010
0.000054666667   330.831743489832
0.000055333333   330.774836768408
0.000056000000   330.721179401344
0.000056666667   330.670573243424
0.000057333333   330.622832216935
0.000058000000   330.577781575735
0.000058666667   330.535257214116
0.000059333333   330.495105017768
0.000060000000   330.457180254249
0.000060666667   330.421347000565
0.000061333333   330.387477605592
0.000062000000   330.355452185209
0.000062666667   330.325158148155
0.000063333333   330.296489750728
0.000064000000   330.269347678562
0.000064666667   330.243638653839
0.000065333333   330.219275066374
0.000066000000   330.196174627107
0.000066666667   330.174260042656
0.000067333333   330.153458709615
0.000068000000   330.133702427403
0.000068666667   330.114927128534
0.000069333333   330.097072625227
0.000070000000   330.080082371357
0.000070666667   330.063903238820
0.000071333333   330.048485307405
0.000072000000   330.033781667361
0.000072666667   330.019748233864
0.000073333333   330.006343572665
0.000074000000   329.993528736212
0.000074666667   329.981267109615
0.000075333333   329.969524265829
0.000076000000   329.958267829500
0.000076666667   329.947467348911
0.000077333333   329.937094175553
0.000078000000   329.927121350815
0.000078666667   329.917523499361
0.000079333333   329.908276728772
0.000080000000   329.899358535053
0.000080666667   329.890747713622
0.000081333333   329.882424275453
0.000082000000   329.874369368012
0.000082666667   329.866565200702
0.000083333333   329.858994974493
0.000084000000   329.851642815488
0.000084666667   329.844493712136
0.000085333333   329.837533455865
0.000086000000   329.830748584884
0.000086666667   329.824126330942
0.000087333333   329.817654568830
0.000088000000   329.811321768424
0.000088666667   329.805116949085
0.000089333333   329.799029636228
0.000090000000   329.793049819897
0.000090666667   329.787167915171
0.000091333333   329.781374724263
0.000092000000   329.775661400135
0.000092666667   329.770019411512
0.000093333333   329.764440509138
0.000094000000   329.758916693151
0.000094666667   329.753440181447
0.000095333333   329.748003378894
0.000096000000   329.742598847299
0.000096666667   329.737219275988
0.000097333333   329.731857452891
0.000098000000   329.726506236020
0.000098666667   329.721158525220
0.000099333333   329.715807234091
0.000100000000   329.710445261956
0.000100666667   329.705065465785
0.000101333333   329.699660631935
0.000102000000   329.694223447628
0.000102666667   329.688746472023
0.000103333333   329.683222106792
0.000104000000   329.677642566064
0.000104666667   329.671999845635
0.000105333333   329.666285691310
0.000106000000   329.660491566255
0.000106666667   329.654608617239
0.000107333333   329.648627639614
0.000108000000   329.642539040913
0.000108666667   329.636332802911
0.000109333333   329.629998442003
0.000110000000   329.623524967741
0.000110666667   329.616900839364
0.000111333333   329.610113920158
0.000112000000   329.603151429454
0.000112666667   329.595999892077
0.000113333333   329.588645085055
0.000114000000   329.581071981364
0.000114666667   329.573264690498
0.000115333333   329.565206395621
0.000116000000   329.556879287054
0.000116666667   329.548264491840
0.000117333333   329.539341999099
0.000118000000   329.530090580887
0.000118666667   329.520487708233
0.000119333333   329.510509462046
0.000120000000   329.500130438504


0.000120000000   329.500130438504
0.000122500000   329.490106168373
0.000125000000   329.480039305108
0.000127500000   329.469931152366
0.000130000000   329.459782985257
0.000132500000   329.449596050940
0.000135000000   329.439371569195
0.000137500000   329.429110732988
0.000140000000   329.418814709022
0.000142500000   329.408484638284
0.000145000000   329.398121636575
0.000147500000   329.387726795030
0.000150000000   329.377301180631
0.000152500000   329.366845836709
0.000155000000   329.356361783435
0.000157500000   329.345850018302
0.000160000000   329.335311516596
0.000162500000   329.324747231864
0.000165000000   329.314158096365
0.000167500000   329.303545021515
0.000170000000   329.292908898329
0.000172500000   329.282250597845
0.000175000000   329.271570971545
0.000177500000   329.260870851770
0.000180000000   329.250151052124
0.000182500000   329.239412367866
0.000185000000   329.228655576308
0.000187500000   329.217881437186
0.000190000000   329.207090693044
0.000192500000   329.196284069596
0.000195000000   329.185462276085
0.000197500000   329.174626005643
0.000200000000   329.163775935630
0.000202500000   329.152912727980
0.000205000000   329.142037029532
0.000207500000   329.131149472359
0.000210000000   329.120250674086
0.000212500000   329.109341238212
0.000215000000   329.098421754414
0.000217500000   329.087492798851
0.000220000000   329.076554934465
0.000222500000   329.065608711274
0.000225000000   329.054654666654
0.000227500000   329.043693325628
0.000230000000   329.032725201139
0.000232500000   329.021750794320
0.000235000000   329.010770594766
0.000237500000   328.999785080794
0.000240000000   328.988794719698
0.000242500000   328.977799968004
0.000245000000   328.966801271721
0.000247500000   328.955799066578
0.000250000000   328.944793778272
0.000252500000   328.933785822696
0.000255000000   328.922775606175
0.000257500000   328.911763525691
0.000260000000   328.900749969109
0.000262500000   328.889735315394
0.000265000000   328.878719934828
0.000267500000   328.867704189222
0.000270000000   328.856688432126
0.000272500000   328.845673009031
0.000275000000   328.834658257575
0.000277500000   328.823644507739
0.000280000000   328.812632082041
0.000282500000   328.801621295733
0.000285000000   328.790612456985
0.000287500000   328.779605867074
0.000290000000   328.768601820568
0.000292500000   328.757600605502
0.000295000000   328.746602503561
0.000297500000   328.735607790252
0.000300000000   328.724616735076
0.000302500000   328.713629601701
0.000305000000   328.702646648125
0.000307500000   328.691668126844
0.000310000000   328.680694285014
0.000312500000   328.669725364610
0.000315000000   328.658761602588
0.000317500000   328.647803231034
0.000320000000   328.636850477326
0.000322500000   328.625903564281
0.000325000000   328.614962710305
0.000327500000   328.604028129543
0.000330000000   328.593100032026
0.000332500000   328.582178623811
0.000335000000   328.571264107129
0.000337500000   328.560356680525
0.000340000000   328.549456538994
0.000342500000   328.538563874123
0.000345000000   328.527678874226
0.000347500000   328.516801724482
0.000350000000   328.505932607062
0.000352500000   328.495071701268
0.000355000000   328.484219183663
0.000357500000   328.473375228198
0.000360000000   328.462540006345
0.000362500000   328.451713687221
0.000365000000   328.440896437719
0.000367500000   328.430088422629
0.000370000000   328.419289804767
0.000372500000   328.408500745098
0.000375000000   328.397721402855
0.000377500000   328.386951935670
0.000380000000   328.376192499686
0.000382500000   328.365443249686
0.000385000000   328.354704339208
0.000387500000   328.343975920667
0.000390000000   328.333258145476
0.000392500000   328.322551164159
0.000395000000   328.311855126477
0.000397500000   328.301170181539
0.000400000000   328.290496477925
0.000402500000   328.279834163800
0.000405000000   328.269183387032
0.000407500000   328.258544295309
0.000410000000   328.247917036258
0.000412500000   328.237301757556
0.000415000000   328.226698607053
0.000417500000   328.216107732884
0.000420000000   328.205529283590
0.000422500000   328.194963408230
0.000425000000   328.184410256502
0.000427500000   328.173869978858
0.000430000000   328.163342726621
0.000432500000   328.152828652104
0.000435000000   328.142327908729
0.000437500000   328.131840651144
0.000440000000   328.121367035340
0.000442500000   328.110907218773
0.000445000000   328.100461360486
0.000447500000   328.090029621223
0.000450000000   328.079612163556
0.000452500000   328.069209152004
0.000455000000   328.058820753157
0.000457500000   328.048447135798
0.000460000000   328.038088471027
0.000462500000   328.027744932390
0.000465000000   328.017416695999
0.000467500000   328.007103940663
0.000470000000   327.996806848014
0.000472500000   327.986525602640
0.000475000000   327.976260392209
0.000477500000   327.966011407607
0.000480000000   327.955778843066
0.000482500000   327.945562896302
0.000485000000   327.935363768645
0.000487500000   327.925181665183
0.000490000000   327.915016794895
0.000492500000   327.904869370793
0.000495000000   327.894739610063
0.000497500000   327.884627734209
0.000500000000   327.874533969196
0.000502500000   327.864458545600
0.000505000000   327.854401698753
0.000507500000   327.844363668895
0.000510000000   327.834344701327
0.000512500000   327.824345046564
0.000515000000   327.814364960493
0.000517500000   327.804404704529
0.000520000000   327.794464545780
0.000522500000   327.784544757205
0.000525000000   327.774645617784
0.000527500000   327.764767412684
0.000530000000   327.754910433428
0.000532500000   327.745074978072
0.000535000000   327.735261351374
0.000537500000   327.725469864979
0.000540000000   327.715700837596
0.000542500000   327.705954595183
0.000545000000   327.696231471134
0.000547500000   327.686531806467
0.000550000000   327.676855950022
0.000552500000   327.667204258648
0.000555000000   327.657577097411
0.000557500000   327.647974839793
0.000560000000   327.638397867896
0.000562500000   327.628846572655
0.000565000000   327.619321354049
0.000567500000   327.609822621318
0.000570000000   327.600350793182
0.000572500000   327.590906298069
0.000575000000   327.581489574340
0.000577500000   327.572101070520
0.000580000000   327.562741245538
0.000582500000   327.553410568967
0.000585000000   327.544109521264
0.000587500000   327.534838594026
0.000590000000   327.525598290238
0.000592500000   327.516389124536
0.000595000000   327.507211623466
0.000597500000   327.498066325755
0.000600000000   327.488953782582
0.000602500000   327.479874557856
0.000605000000   327.470829228501
0.000607500000   327.461818384742
0.000610000000   327.452842630399
0.000612500000   327.443902583188
0.000615000000   327.434998875024
0.000617500000   327.426132152333
0.000620000000   327.417303076368


