0.000000000000   374.725378582798
0.000000133333   370.588555848198
0.000000266667   366.534878352690
0.000000400000   362.562678207884
0.000000533333   358.670321054920
0.000000666667   354.856205391891
0.000000800000   351.118761914801
0.000000933333   347.456452871764
0.000001066667   343.867771430184
0.000001200000   340.351241056674
0.000001333333   336.905414909424
0.000001466667   333.528875242803
0.000001600000   330.220232823930
0.000001733333   326.978126360972
0.000001866667   323.801221942953
0.000002000000   320.688212490816
0.000002133333   317.637817219542
0.000002266667   314.648781111078
0.000002400000   311.719874397871
0.000002533333   308.849892056798
0.000002666667   306.037653313276
0.000002800000   303.282001155346
0.000002933333   300.581801857543
0.000003066667   297.935944514348
0.000003200000   295.343340583021
0.000003333333   292.802923435653
0.000003466667   290.313647920223
0.000003600000   287.874489930498
0.000003733333   285.484445984596
0.000003866667   283.142532812028
0.000004000000   280.847786949069
0.000004133333   278.599264342269
0.000004266667   276.396039959961
0.000004400000   274.237207411589
0.000004533333   272.121878574709
0.000004666667   270.049183229516
0.000004800000   268.018268700724
0.000004933333   266.028299506677
0.000005066667   264.078457015532
0.000005200000   262.167939108376
0.000005333333   260.295959849135
0.000005466667   258.461749161153
0.000005600000   256.664552510281
0.000005733333   254.903630594379
0.000005866667   253.178259039076
0.000006000000   251.487728099673
0.000006133333   249.831342369075
0.000006266667   248.208420491612
0.000006400000   246.618294882650
0.000006533333   245.060311453866
0.000006666667   243.533829344080
0.000006800000   242.038220655525
0.000006933333   240.572870195455
0.000007066667   239.137175222983
0.000007200000   237.730545201042
0.000007333333   236.352401553363
0.000007466667   235.002177426383
0.000007600000   233.679317455974
0.000007733333   232.383277538897
0.000007866667   231.113524608894
0.000008000000   229.869536417322
0.000008133333   228.650801318235
0.000008266667   227.456818057835
0.000008400000   226.287095568193
0.000008533333   225.141152765165
0.000008666667   224.018518350419
0.000008800000   222.918730617484
0.000008933333   221.841337261750
0.000009066667   220.785895194334
0.000009200000   219.751970359742
0.000009333333   218.739137557247
0.000009466667   217.746980265908
0.000009600000   216.775090473166
0.000009733333   215.823068506937
0.000009866667   214.890522871140
0.000010000000   213.977070084588
0.000010133333   213.082334523179
0.000010266667   212.205948265317
0.000010400000   211.347550940509
0.000010533333   210.506789581060
0.000010666667   209.683318476825
0.000010800000   208.876799032939
0.000010933333   208.086899630481
0.000011066667   207.313295490004
0.000011200000   206.555668537882
0.000011333333   205.813707275418
0.000011466667   205.087106650657
0.000011600000   204.375567932848
0.000011733333   203.678798589510
0.000011866667   202.996512166054
0.000012000000   202.328428167897
0.000012133333   201.674271945034
0.000012266667   201.033774579014
0.000012400000   200.406672772275
0.000012533333   199.792708739793
0.000012666667   199.191630102996
0.000012800000   198.603189785906
0.000012933333   198.027145913465
0.000013066667   197.463261711993
0.000013200000   196.911305411758
0.000013333333   196.371050151591
0.000013466667   195.842273885533
0.000013600000   195.324759291459
0.000013733333   194.818293681642
0.000013866667   194.322668915230
0.000014000000   193.837681312593
0.000014133333   193.363131571501
0.000014266667   192.898824685112
0.000014400000   192.444569861719
0.000014533333   192.000180446238
0.000014666667   191.565473843394
0.000014800000   191.140271442580
0.000014933333   190.724398544356
0.000015066667   190.317684288556
0.000015200000   189.919961583975
0.000015333333   189.531067039607
0.000015466667   189.150840897412
0.000015600000   188.779126966563
0.000015733333   188.415772559180
0.000015866667   188.060628427487
0.000016000000   187.713548702401
0.000016133333   187.374390833501
0.000016266667   187.043015530365
0.000016400000   186.719286705248
0.000016533333   186.403071417084
0.000016666667   186.094239816773
0.000016800000   185.792665093750
0.000016933333   185.498223423795
0.000017066667   185.210793918082
0.000017200000   184.930258573426
0.000017333333   184.656502223727
0.000017466667   184.389412492572
0.000017600000   184.128879746996
0.000017733333   183.874797052359
0.000017866667   183.627060128345
0.000018000000   183.385567306047
0.000018133333   183.150219486130
0.000018266667   182.920920098045
0.000018400000   182.697575060293
0.000018533333   182.480092741709
0.000018666667   182.268383923748
0.000018800000   182.062361763776
0.000018933333   181.861941759331
0.000019066667   181.667041713346
0.000019200000   181.477581700326
0.000019333333   181.293484033457
0.000019466667   181.114673232634
0.000019600000   180.941075993401
0.000019733333   180.772621156786
0.000019866667   180.609239680017
0.000020000000   180.450864608106


0.000020000000   179.790297183780
0.000020666667   179.096736974572
0.000021333333   178.445333444693
0.000022000000   177.833517455203
0.000022666667   177.258876437007
0.000023333333   176.719144849068
0.000024000000   176.212195218126
0.000024666667   175.736029724480
0.000025333333   175.288772300547
0.000026000000   174.868661210964
0.000026666667   174.474042084867
0.000027333333   174.103361372807
0.000028000000   173.755160202417
0.000028666667   173.428068608523
0.000029333333   173.120800114900
0.000030000000   172.832146646210
0.000030666667   172.560973750034
0.000031333333   172.306216110080
0.000032000000   172.066873332819
0.000032666667   171.842005990905
0.000033333333   171.630731907709
0.000034000000   171.432222668285
0.000034666667   171.245700342963
0.000035333333   171.070434410615
0.000036000000   170.905738869424
0.000036666667   170.750969523721
0.000037333333   170.605521436179
0.000038000000   170.468826535262
0.000038666667   170.340351368489
0.000039333333   170.219594992612
0.000040000000   170.106086992369
0.000040666667   169.999385619981
0.000041333333   169.899076048026
0.000042000000   169.804768728780
0.000042666667   169.716097853550
0.000043333333   169.632719905886
0.000044000000   169.554312302964
0.000044666667   169.480572119762
0.000045333333   169.411214890983
0.000046000000   169.345973485985
0.000046666667   169.284597052272
0.000047333333   169.226850023365
0.000048000000   169.172511187129
0.000048666667   169.121372810875
0.000049333333   169.073239819767
0.000050000000   169.027929025299
0.000050666667   168.985268400775
0.000051333333   168.945096400945
0.000052000000   168.907261323081
0.000052666667   168.871620706992
0.000053333333   168.838040771592
0.000054000000   168.806395885786
0.000054666667   168.776568071603
0.000055333333   168.748446537582
0.000056000000   168.721927240593
0.000056666667   168.696912474342
0.000057333333   168.673310482941
0.000058000000   168.651035098009
0.000058666667   168.630005397873
0.000059333333   168.610145387524
0.000060000000   168.591383698051
0.000060666667   168.573653304377
0.000061333333   168.556891260170
0.000062000000   168.541038448892
0.000062666667   168.526039349990
0.000063333333   168.511841819309
0.000064000000   168.498396882861
0.000064666667   168.485658543136
0.000065333333   168.473583597171
0.000066000000   168.462131465690
0.000066666667   168.451264032609
0.000067333333   168.440945494283
0.000068000000   168.431142217905
0.000068666667   168.421822608484
0.000069333333   168.412956983892
0.000070000000   168.404517457461
0.000070666667   168.396477827699
0.000071333333   168.388813474658
0.000072000000   168.381501262562
0.000072666667   168.374519448305
0.000073333333   168.367847595455
0.000074000000   168.361466493431
0.000074666667   168.355358081518
0.000075333333   168.349505377444
0.000076000000   168.343892410209
0.000076666667   168.338504156920
0.000077333333   168.333326483378
0.000078000000   168.328346088175
0.000078666667   168.323550450086
0.000079333333   168.318927778547
0.000080000000   168.314466967024
0.000080666667   168.310157549088
0.000081333333   168.305989657014
0.000082000000   168.301953982762
0.000082666667   168.298041741157
0.000083333333   168.294244635146
0.000084000000   168.290554822982
0.000084666667   168.286964887212
0.000085333333   168.283467805337
0.000086000000   168.280056922042
0.000086666667   168.276725922869
0.000087333333   168.273468809249
0.000088000000   168.270279874773
0.000088666667   168.267153682624
0.000089333333   168.264085044075
0.000090000000   168.261068997968
0.000090666667   168.258100791091
0.000091333333   168.255175859379
0.000092000000   168.252289809864
0.000092666667   168.249438403301
0.000093333333   168.246617537400
0.000094000000   168.243823230602
0.000094666667   168.241051606333
0.000095333333   168.238298877669
0.000096000000   168.235561332364
0.000096666667   168.232835318161
0.000097333333   168.230117228353
0.000098000000   168.227403487517
0.000098666667   168.224690537369
0.000099333333   168.221974822698
0.000100000000   168.219252777299
0.000100666667   168.216520809871
0.000101333333   168.213775289814
0.000102000000   168.211012532868
0.000102666667   168.208228786544
0.000103333333   168.205420215279
0.000104000000   168.202582885272
0.000104666667   168.199712748920
0.000105333333   168.196805628812
0.000106000000   168.193857201209
0.000106666667   168.190862978939
0.000107333333   168.187818293657
0.000108000000   168.184718277372
0.000108666667   168.181557843204
0.000109333333   168.178331665258
0.000110000000   168.175034157564
0.000110666667   168.171659451981
0.000111333333   168.168201374993
0.000112000000   168.164653423288
0.000112666667   168.161008738039
0.000113333333   168.157260077778
0.000114000000   168.153399789754
0.000114666667   168.149419779667
0.000115333333   168.145311479657
0.000116000000   168.141065814413
0.000116666667   168.136673165285
0.000117333333   168.132123332240
0.000118000000   168.127405493517
0.000118666667   168.122508162833
0.000119333333   168.117419143951
0.000120000000   168.112125482443


0.000120000000   168.112125482443
0.000122500000   168.107012636641
0.000125000000   168.101878043685
0.000127500000   168.096722368994
0.000130000000   168.091546263421
0.000132500000   168.086350363549
0.000135000000   168.081135291987
0.000137500000   168.075901657658
0.000140000000   168.070650056082
0.000142500000   168.065381069653
0.000145000000   168.060095267910
0.000147500000   168.054793207800
0.000150000000   168.049475433946
0.000152500000   168.044142478897
0.000155000000   168.038794863382
0.000157500000   168.033433096554
0.000160000000   168.028057676235
0.000162500000   168.022669089146
0.000165000000   168.017267811146
0.000167500000   168.011854307457
0.000170000000   168.006429032883
0.000172500000   168.000992432036
0.000175000000   167.995544939546
0.000177500000   167.990086980273
0.000180000000   167.984618969512
0.000182500000   167.979141313197
0.000185000000   167.973654408099
0.000187500000   167.968158642022
0.000190000000   167.962654393991
0.000192500000   167.957142034443
0.000195000000   167.951621925408
0.000197500000   167.946094420693
0.000200000000   167.940559866053
0.000202500000   167.935018599372
0.000205000000   167.929470950829
0.000207500000   167.923917243063
0.000210000000   167.918357791343
0.000212500000   167.912792903725
0.000215000000   167.907222881212
0.000217500000   167.901648017906
0.000220000000   167.896068601163
0.000222500000   167.890484911743
0.000225000000   167.884897223954
0.000227500000   167.879305805796
0.000230000000   167.873710919106
0.000232500000   167.868112819692
0.000235000000   167.862511757474
0.000237500000   167.856907976612
0.000240000000   167.851301715645
0.000242500000   167.845693207611
0.000245000000   167.840082680182
0.000247500000   167.834470355783
0.000250000000   167.828856451719
0.000252500000   167.823241180288
0.000255000000   167.817624748908
0.000257500000   167.812007360226
0.000260000000   167.806389212236
0.000262500000   167.800770498387
0.000265000000   167.795151407701
0.000267500000   167.789532124871
0.000270000000   167.783912830376
0.000272500000   167.778293700582
0.000275000000   167.772674907843
0.000277500000   167.767056620609
0.000280000000   167.761439003518
0.000282500000   167.755822217501
0.000285000000   167.750206419871
0.000287500000   167.744591764425
0.000290000000   167.738978401535
0.000292500000   167.733366478239
0.000295000000   167.727756138332
0.000297500000   167.722147522455
0.000300000000   167.716540768186
0.000302500000   167.710936010123
0.000305000000   167.705333379972
0.000307500000   167.699733006627
0.000310000000   167.694135016259
0.000312500000   167.688539532394
0.000315000000   167.682946675995
0.000317500000   167.677356565539
0.000320000000   167.671769317101
0.000322500000   167.666185044425
0.000325000000   167.660603859007
0.000327500000   167.655025870164
0.000330000000   167.649451185114
0.000332500000   167.643879909049
0.000335000000   167.638312145205
0.000337500000   167.632747994935
0.000340000000   167.627187557783
0.000342500000   167.621630931552
0.000345000000   167.616078212373
0.000347500000   167.610529494776
0.000350000000   167.604984871758
0.000352500000   167.599444434848
0.000355000000   167.593908274178
0.000357500000   167.588376478548
0.000360000000   167.582849135488
0.000362500000   167.577326331330
0.000365000000   167.571808151267
0.000367500000   167.566294679421
0.000370000000   167.560785998903
0.000372500000   167.555282191880
0.000375000000   167.549783339636
0.000377500000   167.544289522634
0.000380000000   167.538800820579
0.000382500000   167.533317312480
0.000385000000   167.527839076711
0.000387500000   167.522366191071
0.000390000000   167.516898732847
0.000392500000   167.511436778874
0.000395000000   167.505980405592
0.000397500000   167.500529689114
0.000400000000   167.495084705276
0.000402500000   167.489645529705
0.000405000000   167.484212237876
0.000407500000   167.478784905170
0.000410000000   167.473363606936
0.000412500000   167.467948418549
0.000415000000   167.462539415470
0.000417500000   167.457136673306
0.000420000000   167.451740267870
0.000422500000   167.446350275238
0.000425000000   167.440966771812
0.000427500000   167.435589834378
0.000430000000   167.430219540165
0.000432500000   167.424855966908
0.000435000000   167.419499192905
0.000437500000   167.414149297080
0.000440000000   167.408806359041
0.000442500000   167.403470459145
0.000445000000   167.398141678553
0.000447500000   167.392820099299
0.000450000000   167.387505804346
0.000452500000   167.382198877649
0.000455000000   167.376899404220
0.000457500000   167.371607470191
0.000460000000   167.366323162873
0.000462500000   167.361046570824
0.000465000000   167.355777783913
0.000467500000   167.350516893382
0.000470000000   167.345263991915
0.000472500000   167.340019173701
0.000475000000   167.334782534503
0.000477500000   167.329554171721
0.000480000000   167.324334184464
0.000482500000   167.319122673619
0.000485000000   167.313919741915
0.000487500000   167.308725493996
0.000490000000   167.303540036494
0.000492500000   167.298363478095
0.000495000000   167.293195929616
0.000497500000   167.288037504076
0.000500000000   167.282888316768
0.000502500000   167.277748485339
0.000505000000   167.272618129861
0.000507500000   167.267497372909
0.000510000000   167.262386339639
0.000512500000   167.257285157869
0.000515000000   167.252193958154
0.000517500000   167.247112873872
0.000520000000   167.242042041302
0.000522500000   167.236981599710
0.000525000000   167.231931691431
0.000527500000   167.226892461959
0.000530000000   167.221864060026
0.000532500000   167.216846637701
0.000535000000   167.211840350468
0.000537500000   167.206845357327
0.000540000000   167.201861820880
0.000542500000   167.196889907425
0.000545000000   167.191929787058
0.000547500000   167.186981633759
0.000550000000   167.182045625501
0.000552500000   167.177121944342
0.000555000000   167.172210776532
0.000557500000   167.167312312612
0.000560000000   167.162426747522
0.000562500000   167.157554280710
0.000565000000   167.152695116233
0.000567500000   167.147849462875
0.000570000000   167.143017534257
0.000572500000   167.138199548949
0.000575000000   167.133395730590
0.000577500000   167.128606308006
0.000580000000   167.123831515326
0.000582500000   167.119071592111
0.000585000000   167.114326783475
0.000587500000   167.109597340214
0.000590000000   167.104883518934
0.000592500000   167.100185582183
0.000595000000   167.095503798586
0.000597500000   167.090838442981
0.000600000000   167.086189796560
0.000602500000   167.081558147008
0.000605000000   167.076943788648
0.000607500000   167.072347022590
0.000610000000   167.067768156878
0.000612500000   167.063207506647
0.000615000000   167.058665394273
0.000617500000   167.054142149536
0.000620000000   167.049638109779


