0.000000000000   474.180784699194
0.000000133333   473.278679468513
0.000000266667   472.379811696131
0.000000400000   471.484171856823
0.000000533333   470.591750459581
0.000000666667   469.702538047519
0.000000800000   468.816525197765
0.000000933333   467.933702521367
0.000001066667   467.054060663189
0.000001200000   466.177590301816
0.000001333333   465.304282149452
0.000001466667   464.434126951824
0.000001600000   463.567115488081
0.000001733333   462.703238570698
0.000001866667   461.842487045381
0.000002000000   460.984851790964
0.000002133333   460.130323719319
0.000002266667   459.278893775254
0.000002400000   458.430552936421
0.000002533333   457.585292213217
0.000002666667   456.743102648692
0.000002800000   455.903975318453
0.000002933333   455.067901330568
0.000003066667   454.234871825472
0.000003200000   453.404877975875
0.000003333333   452.577910986668
0.000003466667   451.753962094826
0.000003600000   450.933022569322
0.000003733333   450.115083711027
0.000003866667   449.300136852623
0.000004000000   448.488173358510
0.000004133333   447.679184624711
0.000004266667   446.873162078788
0.000004400000   446.070097179744
0.000004533333   445.269981417935
0.000004666667   444.472806314982
0.000004800000   443.678563423678
0.000004933333   442.887244327898
0.000005066667   442.098840642516
0.000005200000   441.313344013306
0.000005333333   440.530746116863
0.000005466667   439.751038660510
0.000005600000   438.974213382209
0.000005733333   438.200262050477
0.000005866667   437.429176464296
0.000006000000   436.660948453028
0.000006133333   435.895569876328
0.000006266667   435.133032624055
0.000006400000   434.373328616189
0.000006533333   433.616449802746
0.000006666667   432.862388163689
0.000006800000   432.111135708847
0.000006933333   431.362684477827
0.000007066667   430.617026539933
0.000007200000   429.874153994078
0.000007333333   429.134058968703
0.000007466667   428.396733621692
0.000007600000   427.662170140293
0.000007733333   426.930360741028
0.000007866667   426.201297669615
0.000008000000   425.474973200888
0.000008133333   424.751379638708
0.000008266667   424.030509315890
0.000008400000   423.312354594114
0.000008533333   422.596907863849
0.000008666667   421.884161544271
0.000008800000   421.174108083181
0.000008933333   420.466739956929
0.000009066667   419.762049670328
0.000009200000   419.060029756581
0.000009333333   418.360672777199
0.000009466667   417.663971321919
0.000009600000   416.969918008632
0.000009733333   416.278505483300
0.000009866667   415.589726419879
0.000010000000   414.903573520242
0.000010133333   414.220039514103
0.000010266667   413.539117158935
0.000010400000   412.860799239899
0.000010533333   412.185078569765
0.000010666667   411.511947988834
0.000010800000   410.841400364865
0.000010933333   410.173428592999
0.000011066667   409.508025595682
0.000011200000   408.845184322592
0.000011333333   408.184897750561
0.000011466667   407.527158883507
0.000011600000   406.871960752350
0.000011733333   406.219296414949
0.000011866667   405.569158956021
0.000012000000   404.921541487068
0.000012133333   404.276437146309
0.000012266667   403.633839098602
0.000012400000   402.993740535375
0.000012533333   402.356134674552
0.000012666667   401.721014760480
0.000012800000   401.088374063862
0.000012933333   400.458205881680
0.000013066667   399.830503537128
0.000013200000   399.205260379539
0.000013333333   398.582469784315
0.000013466667   397.962125152859
0.000013600000   397.344219912501
0.000013733333   396.728747516431
0.000013866667   396.115701443630
0.000014000000   395.505075198799
0.000014133333   394.896862312290
0.000014266667   394.291056340041
0.000014400000   393.687650863503
0.000014533333   393.086639489575
0.000014666667   392.488015850536
0.000014800000   391.891773603976
0.000014933333   391.297906432729
0.000015066667   390.706408044808
0.000015200000   390.117272173336
0.000015333333   389.530492576481
0.000015466667   388.946063037389
0.000015600000   388.363977364118
0.000015733333   387.784229389575
0.000015866667   387.206812971446
0.000016000000   386.631721992133
0.000016133333   386.058950358693
0.000016266667   385.488492002765
0.000016400000   384.920340880515
0.000016533333   384.354490972565
0.000016666667   383.790936283932
0.000016800000   383.229670843964
0.000016933333   382.670688706278
0.000017066667   382.113983948694
0.000017200000   381.559550673176
0.000017333333   381.007383005765
0.000017466667   380.457475096522
0.000017600000   379.909821119461
0.000017733333   379.364415272490
0.000017866667   378.821251777350
0.000018000000   378.280324879552
0.000018133333   377.741628848317
0.000018266667   377.205157976513
0.000018400000   376.670906580599
0.000018533333   376.138869000562
0.000018666667   375.609039599854
0.000018800000   375.081412765340
0.000018933333   374.555982907231
0.000019066667   374.032744459028
0.000019200000   373.511691877464
0.000019333333   372.992819642441
0.000019466667   372.476122256979
0.000019600000   371.961594247149
0.000019733333   371.449230162020
0.000019866667   370.939024573602
0.000020000000   370.430972076786


0.000020000000   362.077361783725
0.000020666667   359.757702189643
0.000021333333   357.466804635817
0.000022000000   355.204326326216
0.000022666667   352.969928718917
0.000023333333   350.763277475432
0.000024000000   348.584042410661
0.000024666667   346.431897443461
0.000025333333   344.306520547840
0.000026000000   342.207593704751
0.000026666667   340.134802854487
0.000027333333   338.087837849670
0.000028000000   336.066392408823
0.000028666667   334.070164070525
0.000029333333   332.098854148133
0.000030000000   330.152167685073
0.000030666667   328.229813410687
0.000031333333   326.331503696633
0.000032000000   324.456954513827
0.000032666667   322.605885389930
0.000033333333   320.778019367363
0.000034000000   318.973082961848
0.000034666667   317.190806121469
0.000035333333   315.430922186249
0.000036000000   313.693167848236
0.000036666667   311.977283112082
0.000037333333   310.283011256130
0.000038000000   308.610098793980
0.000038666667   306.958295436550
0.000039333333   305.327354054605
0.000040000000   303.717030641767
0.000040666667   302.127084277986
0.000041333333   300.557277093483
0.000042000000   299.007374233135
0.000042666667   297.477143821324
0.000043333333   295.966356927229
0.000044000000   294.474787530550
0.000044666667   293.002212487683
0.000045333333   291.548411498312
0.000046000000   290.113167072435
0.000046666667   288.696264497804
0.000047333333   287.297491807789
0.000048000000   285.916639749646
0.000048666667   284.553501753193
0.000049333333   283.207873899891
0.000050000000   281.879554892316
0.000050666667   280.568346024029
0.000051333333   279.274051149831
0.000052000000   277.996476656400
0.000052666667   276.735431433310
0.000053333333   275.490726844426
0.000054000000   274.262176699662
0.000054666667   273.049597227114
0.000055333333   271.852807045547
0.000056000000   270.671627137250
0.000056666667   269.505880821231
0.000057333333   268.355393726777
0.000058000000   267.219993767344
0.000058666667   266.099511114806
0.000059333333   264.993778174027
0.000060000000   263.902629557774
0.000060666667   262.825902061964
0.000061333333   261.763434641230
0.000062000000   260.715068384815
0.000062666667   259.680646492784
0.000063333333   258.660014252553
0.000064000000   257.653019015732
0.000064666667   256.659510175269
0.000065333333   255.679339142913
0.000066000000   254.712359326964
0.000066666667   253.758426110337
0.000067333333   252.817396828907
0.000068000000   251.889130750158
0.000068666667   250.973489052118
0.000069333333   250.070334802571
0.000070000000   249.179532938568
0.000070666667   248.300950246205
0.000071333333   247.434455340682
0.000072000000   246.579918646636
0.000072666667   245.737212378746
0.000073333333   244.906210522604
0.000074000000   244.086788815852
0.000074666667   243.278824729578
0.000075333333   242.482197449981
0.000076000000   241.696787860279
0.000076666667   240.922478522883
0.000077333333   240.159153661816
0.000078000000   239.406699145383
0.000078666667   238.665002469084
0.000079333333   237.933952738777
0.000080000000   237.213440654076
0.000080666667   236.503358491988
0.000081333333   235.803600090793
0.000082000000   235.114060834144
0.000082666667   234.434637635418
0.000083333333   233.765228922274
0.000084000000   233.105734621455
0.000084666667   232.456056143807
0.000085333333   231.816096369518
0.000086000000   231.185759633584
0.000086666667   230.564951711487
0.000087333333   229.953579805090
0.000088000000   229.351552528745
0.000088666667   228.758779895617
0.000089333333   228.175173304210
0.000090000000   227.600645525106
0.000090666667   227.035110687906
0.000091333333   226.478484268379
0.000092000000   225.930683075805
0.000092666667   225.391625240526
0.000093333333   224.861230201689
0.000094000000   224.339418695188
0.000094666667   223.826112741795
0.000095333333   223.321235635493
0.000096000000   222.824711931989
0.000096666667   222.336467437424
0.000097333333   221.856429197264
0.000098000000   221.384525485380
0.000098666667   220.920685793315
0.000099333333   220.464840819722
0.000100000000   220.016922459997
0.000100666667   219.576863796082
0.000101333333   219.144599086446
0.000102000000   218.720063756248
0.000102666667   218.303194387666
0.000103333333   217.893928710408
0.000104000000   217.492205592389
0.000104666667   217.097965030579
0.000105333333   216.711148142024
0.000106000000   216.331697155028
0.000106666667   215.959555400508
0.000107333333   215.594667303509
0.000108000000   215.236978374887
0.000108666667   214.886435203152
0.000109333333   214.542985446469
0.000110000000   214.206577824830
0.000110666667   213.877162112371
0.000111333333   213.554689129859
0.000112000000   213.239110737324
0.000112666667   212.930379826859
0.000113333333   212.628450315567
0.000114000000   212.333277138660
0.000114666667   212.044816242714
0.000115333333   211.763024579078
0.000116000000   211.487860097425
0.000116666667   211.219281739461
0.000117333333   210.957249432779
0.000118000000   210.701724084857
0.000118666667   210.452667577209
0.000119333333   210.210042759679
0.000120000000   209.973813444880


0.000120000000   209.973813444880
0.000122500000   209.687877216122
0.000125000000   209.403398137032
0.000127500000   209.120366471366
0.000130000000   208.838772532815
0.000132500000   208.558606684663
0.000135000000   208.279859339461
0.000137500000   208.002520958690
0.000140000000   207.726582052438
0.000142500000   207.452033179067
0.000145000000   207.178864944890
0.000147500000   206.907068003843
0.000150000000   206.636633057169
0.000152500000   206.367550853089
0.000155000000   206.099812186490
0.000157500000   205.833407898601
0.000160000000   205.568328876681
0.000162500000   205.304566053703
0.000165000000   205.042110408038
0.000167500000   204.780952963151
0.000170000000   204.521084787283
0.000172500000   204.262496993147
0.000175000000   204.005180737621
0.000177500000   203.749127221442
0.000180000000   203.494327688901
0.000182500000   203.240773427544
0.000185000000   202.988455767869
0.000187500000   202.737366083025
0.000190000000   202.487495788519
0.000192500000   202.238836341916
0.000195000000   201.991379242544
0.000197500000   201.745116031204
0.000200000000   201.500038289873
0.000202500000   201.256137641419
0.000205000000   201.013405749308
0.000207500000   200.771834317316
0.000210000000   200.531415089245
0.000212500000   200.292139848638
0.000215000000   200.054000418494
0.000217500000   199.816988660984
0.000220000000   199.581096477177
0.000222500000   199.346315806752
0.000225000000   199.112638627724
0.000227500000   198.880056956171
0.000230000000   198.648562845949
0.000232500000   198.418148388426
0.000235000000   198.188805712207
0.000237500000   197.960526982860
0.000240000000   197.733304402649
0.000242500000   197.507130210261
0.000245000000   197.281996680542
0.000247500000   197.057896124230
0.000250000000   196.834820887686
0.000252500000   196.612763352635
0.000255000000   196.391715935899
0.000257500000   196.171671089136
0.000260000000   195.952621298585
0.000262500000   195.734559084797
0.000265000000   195.517477002387
0.000267500000   195.301367639768
0.000270000000   195.086223618904
0.000272500000   194.872037595047
0.000275000000   194.658802256492
0.000277500000   194.446510324318
0.000280000000   194.235154552140
0.000282500000   194.024727725858
0.000285000000   193.815222663410
0.000287500000   193.606632214521
0.000290000000   193.398949260460
0.000292500000   193.192166713793
0.000295000000   192.986277518136
0.000297500000   192.781274647915
0.000300000000   192.577151108123
0.000302500000   192.373899934077
0.000305000000   192.171514191181
0.000307500000   191.969986974682
0.000310000000   191.769311409437
0.000312500000   191.569480649673
0.000315000000   191.370487878751
0.000317500000   191.172326308930
0.000320000000   190.974989181138
0.000322500000   190.778469764731
0.000325000000   190.582761357267
0.000327500000   190.387857284274
0.000330000000   190.193750899016
0.000332500000   190.000435582269
0.000335000000   189.807904742088
0.000337500000   189.616151813584
0.000340000000   189.425170258694
0.000342500000   189.234953565957
0.000345000000   189.045495250291
0.000347500000   188.856788852767
0.000350000000   188.668827940388
0.000352500000   188.481606105864
0.000355000000   188.295116967397
0.000357500000   188.109354168454
0.000360000000   187.924311377554
0.000362500000   187.739982288046
0.000365000000   187.556360617892
0.000367500000   187.373440109451
0.000370000000   187.191214529265
0.000372500000   187.009677667840
0.000375000000   186.828823339436
0.000377500000   186.648645381851
0.000380000000   186.469137656209
0.000382500000   186.290294046751
0.000385000000   186.112108460620
0.000387500000   185.934574827654
0.000390000000   185.757687100176
0.000392500000   185.581439252786
0.000395000000   185.405825282150
0.000397500000   185.230839206799
0.000400000000   185.056475066917
0.000402500000   184.882726924141
0.000405000000   184.709588861350
0.000407500000   184.537054982466
0.000410000000   184.365119412250
0.000412500000   184.193776296099
0.000415000000   184.023019799842
0.000417500000   183.852844109543
0.000420000000   183.683243431297
0.000422500000   183.514211991032
0.000425000000   183.345744034312
0.000427500000   183.177833826134
0.000430000000   183.010475650733
0.000432500000   182.843663811387
0.000435000000   182.677392630217
0.000437500000   182.511656447993
0.000440000000   182.346449623940
0.000442500000   182.181766535541
0.000445000000   182.017601578346
0.000447500000   181.853949165778
0.000450000000   181.690803728938
0.000452500000   181.528159716418
0.000455000000   181.366011594105
0.000457500000   181.204353844993
0.000460000000   181.043180968994
0.000462500000   180.882487482743
0.000465000000   180.722267919417
0.000467500000   180.562516828538
0.000470000000   180.403228775794
0.000472500000   180.244398342844
0.000475000000   180.086020127137
0.000477500000   179.928088741723
0.000480000000   179.770598815067
0.000482500000   179.613544990866
0.000485000000   179.456921927864
0.000487500000   179.300724299666
0.000490000000   179.144946794557
0.000492500000   178.989584115317
0.000495000000   178.834630979041
0.000497500000   178.680082116954
0.000500000000   178.525932274232
0.000502500000   178.372176209819
0.000505000000   178.218808696249
0.000507500000   178.065824519463
0.000510000000   177.913218478631
0.000512500000   177.760985385973
0.000515000000   177.609120066581
0.000517500000   177.457617358237
0.000520000000   177.306472111241
0.000522500000   177.155679188227
0.000525000000   177.005233463994
0.000527500000   176.855129825322
0.000530000000   176.705363170798
0.000532500000   176.555928410646
0.000535000000   176.406820466541
0.000537500000   176.258034271444
0.000540000000   176.109564769424
0.000542500000   175.961406915480
0.000545000000   175.813555675373
0.000547500000   175.666006025451
0.000550000000   175.518752952474
0.000552500000   175.371791453442
0.000555000000   175.225116535425
0.000557500000   175.078723215389
0.000560000000   174.932606520025
0.000562500000   174.786761485576
0.000565000000   174.641183157670
0.000567500000   174.495866591145
0.000570000000   174.350806849882
0.000572500000   174.205999006634
0.000575000000   174.061438142855
0.000577500000   173.917119348533
0.000580000000   173.773037722018
0.000582500000   173.629188369856
0.000585000000   173.485566406620
0.000587500000   173.342166954740
0.000590000000   173.198985144337
0.000592500000   173.056016113055
0.000595000000   172.913255005891
0.000597500000   172.770696975033
0.000600000000   172.628337179687
0.000602500000   172.486170785916
0.000605000000   172.344192966471
0.000607500000   172.202398900622
0.000610000000   172.060783773997
0.000612500000   171.919342778414
0.000615000000   171.778071111714
0.000617500000   171.636963977600
0.000620000000   171.496016585467


