0.000000000000   1102.957604477785
0.000000133333   1100.833708204628
0.000000266667   1098.717315392094
0.000000400000   1096.608403613187
0.000000533333   1094.506950520216
0.000000666667   1092.412933844557
0.000000800000   1090.326331396419
0.000000933333   1088.247121064606
0.000001066667   1086.175280816285
0.000001200000   1084.110788696750
0.000001333333   1082.053622829192
0.000001466667   1080.003761414465
0.000001600000   1077.961182730854
0.000001733333   1075.925865133849
0.000001866667   1073.897787055912
0.000002000000   1071.876927006248
0.000002133333   1069.863263570581
0.000002266667   1067.856775410922
0.000002400000   1065.857441265347
0.000002533333   1063.865239947767
0.000002666667   1061.880150347711
0.000002800000   1059.902151430093
0.000002933333   1057.931222234996
0.000003066667   1055.967341877446
0.000003200000   1054.010489547193
0.000003333333   1052.060644508490
0.000003466667   1050.117786099871
0.000003600000   1048.181893733933
0.000003733333   1046.252946897120
0.000003866667   1044.330925149502
0.000004000000   1042.415808124562
0.000004133333   1040.507575528977
0.000004266667   1038.606207142404
0.000004400000   1036.711682817267
0.000004533333   1034.823982478540
0.000004666667   1032.943086123540
0.000004800000   1031.068973821707
0.000004933333   1029.201625714400
0.000005066667   1027.341022014683
0.000005200000   1025.487143007114
0.000005333333   1023.639969047541
0.000005466667   1021.799480562887
0.000005600000   1019.965658050950
0.000005733333   1018.138482080189
0.000005866667   1016.317933289522
0.000006000000   1014.503992388121
0.000006133333   1012.696640155206
0.000006266667   1010.895857439843
0.000006400000   1009.101625160739
0.000006533333   1007.313924306040
0.000006666667   1005.532735933130
0.000006800000   1003.758041168431
0.000006933333   1001.989821207202
0.000007066667   1000.228057313341
0.000007200000   998.472730819183
0.000007333333   996.723823125304
0.000007466667   994.981315700328
0.000007600000   993.245190080722
0.000007733333   991.515427870608
0.000007866667   989.792010741564
0.000008000000   988.074920432430
0.000008133333   986.364138749117
0.000008266667   984.659647564410
0.000008400000   982.961428817781
0.000008533333   981.269464515191
0.000008666667   979.583736728905
0.000008800000   977.904227597300
0.000008933333   976.230919324675
0.000009066667   974.563794181062
0.000009200000   972.902834502040
0.000009333333   971.248022688547
0.000009466667   969.599341206691
0.000009600000   967.956772587569
0.000009733333   966.320299427077
0.000009866667   964.689904385728
0.000010000000   963.065570188467
0.000010133333   961.447279624491
0.000010266667   959.835015547063
0.000010400000   958.228760873329
0.000010533333   956.628498584143
0.000010666667   955.034211723879
0.000010800000   953.445883400260
0.000010933333   951.863496784169
0.000011066667   950.287035109479
0.000011200000   948.716481672870
0.000011333333   947.151819833657
0.000011466667   945.593033013605
0.000011600000   944.040104696765
0.000011733333   942.493018429288
0.000011866667   940.951757819257
0.000012000000   939.416306536512
0.000012133333   937.886648312475
0.000012266667   936.362766939979
0.000012400000   934.844646273098
0.000012533333   933.332270226971
0.000012666667   931.825622777637
0.000012800000   930.324687961861
0.000012933333   928.829449876967
0.000013066667   927.339892680669
0.000013200000   925.856000590903
0.000013333333   924.377757885657
0.000013466667   922.905148902810
0.000013600000   921.438158039961
0.000013733333   919.976769754267
0.000013866667   918.520968562274
0.000014000000   917.070739039758
0.000014133333   915.626065821560
0.000014266667   914.186933601418
0.000014400000   912.753327131812
0.000014533333   911.325231223799
0.000014666667   909.902630746851
0.000014800000   908.485510628697
0.000014933333   907.073855855161
0.000015066667   905.667651470006
0.000015200000   904.266882574771
0.000015333333   902.871534328616
0.000015466667   901.481591948165
0.000015600000   900.097040707347
0.000015733333   898.717865937243
0.000015866667   897.344053025928
0.000016000000   895.975587418316
0.000016133333   894.612454616008
0.000016266667   893.254640177136
0.000016400000   891.902129716212
0.000016533333   890.554908903971
0.000016666667   889.212963467227
0.000016800000   887.876279188715
0.000016933333   886.544841906941
0.000017066667   885.218637516035
0.000017200000   883.897651965599
0.000017333333   882.581871260560
0.000017466667   881.271281461019
0.000017600000   879.965868682105
0.000017733333   878.665619093828
0.000017866667   877.370518920933
0.000018000000   876.080554442749
0.000018133333   874.795711993051
0.000018266667   873.515977959910
0.000018400000   872.241338785551
0.000018533333   870.971780966208
0.000018666667   869.707291051981
0.000018800000   868.447855646694
0.000018933333   867.193461407754
0.000019066667   865.944095046007
0.000019200000   864.699743325598
0.000019333333   863.460393063832
0.000019466667   862.226031131035
0.000019600000   860.996644450410
0.000019733333   859.772219997903
0.000019866667   858.552744802064
0.000020000000   857.338205943910


0.000020000000   717.836252573823
0.000020666667   713.192831414763
0.000021333333   708.606984805905
0.000022000000   704.078026552521
0.000022666667   699.605278975566
0.000023333333   695.188072810241
0.000024000000   690.825747105807
0.000024666667   686.517649126647
0.000025333333   682.263134254558
0.000026000000   678.061565892259
0.000026666667   673.912315368096
0.000027333333   669.814761841935
0.000028000000   665.768292212233
0.000028666667   661.772301024255
0.000029333333   657.826190379448
0.000030000000   653.929369845940
0.000030666667   650.081256370157
0.000031333333   646.281274189546
0.000032000000   642.528854746387
0.000032666667   638.823436602688
0.000033333333   635.164465356139
0.000034000000   631.551393557126
0.000034666667   627.983680626782
0.000035333333   624.460792776067
0.000036000000   620.982202925864
0.000036666667   617.547390628081
0.000037333333   614.155841987743
0.000038000000   610.807049586071
0.000038666667   607.500512404519
0.000039333333   604.235735749782
0.000040000000   601.012231179742
0.000040666667   597.829516430353
0.000041333333   594.687115343452
0.000042000000   591.584557795478
0.000042666667   588.521379627104
0.000043333333   585.497122573755
0.000044000000   582.511334197006
0.000044666667   579.563567816863
0.000045333333   576.653382444891
0.000046000000   573.780342718209
0.000046666667   570.944018834316
0.000047333333   568.143986486754
0.000048000000   565.379826801595
0.000048666667   562.651126274737
0.000049333333   559.957476710007
0.000050000000   557.298475158058
0.000050666667   554.673723856049
0.000051333333   552.082830168107
0.000052000000   549.525406526552
0.000052666667   547.001070373877
0.000053333333   544.509444105488
0.000054000000   542.050155013180
0.000054666667   539.622835229340
0.000055333333   537.227121671888
0.000056000000   534.862655989919
0.000056666667   532.529084510069
0.000057333333   530.226058183567
0.000058000000   527.953232533990
0.000058666667   525.710267605693
0.000059333333   523.496827912926
0.000060000000   521.312582389610
0.000060666667   519.157204339782
0.000061333333   517.030371388692
0.000062000000   514.931765434544
0.000062666667   512.861072600880
0.000063333333   510.817983189596
0.000064000000   508.802191634584
0.000064666667   506.813396455987
0.000065333333   504.851300215075
0.000066000000   502.915609469718
0.000066666667   501.006034730463
0.000067333333   499.122290417196
0.000068000000   497.264094816397
0.000068666667   495.431170038968
0.000069333333   493.623241978635
0.000070000000   491.840040270918
0.000070666667   490.081298252660
0.000071333333   488.346752922108
0.000072000000   486.636144899546
0.000072666667   484.949218388464
0.000073333333   483.285721137276
0.000074000000   481.645404401549
0.000074666667   480.028022906779
0.000075333333   478.433334811666
0.000076000000   476.861101671919
0.000076666667   475.311088404561
0.000077333333   473.783063252738
0.000078000000   472.276797751029
0.000078666667   470.792066691243
0.000079333333   469.328648088714
0.000080000000   467.886323149063
0.000080666667   466.464876235454
0.000081333333   465.064094836312
0.000082000000   463.683769533510
0.000082666667   462.323693971025
0.000083333333   460.983664824045
0.000084000000   459.663481768535
0.000084666667   458.362947451248
0.000085333333   457.081867460185
0.000086000000   455.820050295492
0.000086666667   454.577307340795
0.000087333333   453.353452834966
0.000088000000   452.148303844314
0.000088666667   450.961680235204
0.000089333333   449.793404647091
0.000090000000   448.643302465971
0.000090666667   447.511201798243
0.000091333333   446.396933444978
0.000092000000   445.300330876590
0.000092666667   444.221230207911
0.000093333333   443.159470173655
0.000094000000   442.114892104283
0.000094666667   441.087339902245
0.000095333333   440.076660018618
0.000096000000   439.082701430122
0.000096666667   438.105315616508
0.000097333333   437.144356538331
0.000098000000   436.199680615087
0.000098666667   435.271146703719
0.000099333333   434.358616077491
0.000100000000   433.461952405222
0.000100666667   432.581021730876
0.000101333333   431.715692453512
0.000102000000   430.865835307585
0.000102666667   430.031323343593
0.000103333333   429.212031909078
0.000104000000   428.407838629961
0.000104666667   427.618623392231
0.000105333333   426.844268323957
0.000106000000   426.084657777649
0.000106666667   425.339678312947
0.000107333333   424.609218679635
0.000108000000   423.893169800991
0.000108666667   423.191424757460
0.000109333333   422.503878770649
0.000110000000   421.830429187638
0.000110666667   421.170975465620
0.000111333333   420.525419156846
0.000112000000   419.893663893892
0.000112666667   419.275615375229
0.000113333333   418.671181351112
0.000114000000   418.080271609766
0.000114666667   417.502797963887
0.000115333333   416.938674237436
0.000116000000   416.387816252743
0.000116666667   415.850141817906
0.000117333333   415.325570714485
0.000118000000   414.814024685495
0.000118666667   414.315427423696
0.000119333333   413.829704560161
0.000120000000   413.356783653154


0.000120000000   413.356783653154
0.000122500000   412.784350506853
0.000125000000   412.214834154517
0.000127500000   411.648215107674
0.000130000000   411.084473977798
0.000132500000   410.523591475630
0.000135000000   409.965548410522
0.000137500000   409.410325689764
0.000140000000   408.857904317933
0.000142500000   408.308265396234
0.000145000000   407.761390121847
0.000147500000   407.217259787279
0.000150000000   406.675855779716
0.000152500000   406.137159580384
0.000155000000   405.601152763908
0.000157500000   405.067816997672
0.000160000000   404.537134041195
0.000162500000   404.009085745491
0.000165000000   403.483654052450
0.000167500000   402.960820994213
0.000170000000   402.440568692549
0.000172500000   401.922879358239
0.000175000000   401.407735290466
0.000177500000   400.895118876198
0.000180000000   400.385012589583
0.000182500000   399.877398991343
0.000185000000   399.372260728176
0.000187500000   398.869580532149
0.000190000000   398.369341220111
0.000192500000   397.871525693093
0.000195000000   397.376116935722
0.000197500000   396.883098015631
0.000200000000   396.392452082878
0.000202500000   395.904162369359
0.000205000000   395.418212188236
0.000207500000   394.934584933357
0.000210000000   394.453264078680
0.000212500000   393.974233177712
0.000215000000   393.497475862932
0.000217500000   393.022975845230
0.000220000000   392.550716913346
0.000222500000   392.080682933310
0.000225000000   391.612857847882
0.000227500000   391.147225676003
0.000230000000   390.683770512239
0.000232500000   390.222476526236
0.000235000000   389.763327962171
0.000237500000   389.306309138210
0.000240000000   388.851404445966
0.000242500000   388.398598349959
0.000245000000   387.947875387084
0.000247500000   387.499220166074
0.000250000000   387.052617366971
0.000252500000   386.608051740596
0.000255000000   386.165508108022
0.000257500000   385.724971360055
0.000260000000   385.286426456706
0.000262500000   384.849858426679
0.000265000000   384.415252366847
0.000267500000   383.982593441747
0.000270000000   383.551866883059
0.000272500000   383.123057989102
0.000275000000   382.696152124328
0.000277500000   382.271134718811
0.000280000000   381.847991267751
0.000282500000   381.426707330968
0.000285000000   381.007268532411
0.000287500000   380.589660559654
0.000290000000   380.173869163407
0.000292500000   379.759880157026
0.000295000000   379.347679416018
0.000297500000   378.937252877559
0.000300000000   378.528586540008
0.000302500000   378.121666462421
0.000305000000   377.716478764074
0.000307500000   377.313009623984
0.000310000000   376.911245280427
0.000312500000   376.511172030472
0.000315000000   376.112776229501
0.000317500000   375.716044290742
0.000320000000   375.320962684801
0.000322500000   374.927517939193
0.000325000000   374.535696637878
0.000327500000   374.145485420801
0.000330000000   373.756870983428
0.000332500000   373.369840076289
0.000335000000   372.984379504520
0.000337500000   372.600476127409
0.000340000000   372.218116857944
0.000342500000   371.837288662359
0.000345000000   371.457978559685
0.000347500000   371.080173621305
0.000350000000   370.703860970506
0.000352500000   370.329027782037
0.000355000000   369.955661281664
0.000357500000   369.583748745731
0.000360000000   369.213277500721
0.000362500000   368.844234922823
0.000365000000   368.476608437488
0.000367500000   368.110385519005
0.000370000000   367.745553690063
0.000372500000   367.382100521324
0.000375000000   367.020013630992
0.000377500000   366.659280684389
0.000380000000   366.299889393527
0.000382500000   365.941827516687
0.000385000000   365.585082857995
0.000387500000   365.229643267004
0.000390000000   364.875496638271
0.000392500000   364.522630910944
0.000395000000   364.171034068346
0.000397500000   363.820694137557
0.000400000000   363.471599189005
0.000402500000   363.123737336054
0.000405000000   362.777096734593
0.000407500000   362.431665582629
0.000410000000   362.087432119882
0.000412500000   361.744384627374
0.000415000000   361.402511427033
0.000417500000   361.061800881283
0.000420000000   360.722241392649
0.000422500000   360.383821403353
0.000425000000   360.046529394918
0.000427500000   359.710353887770
0.000430000000   359.375283440844
0.000432500000   359.041306651187
0.000435000000   358.708412153569
0.000437500000   358.376588620087
0.000440000000   358.045824759778
0.000442500000   357.716109318228
0.000445000000   357.387431077186
0.000447500000   357.059778854175
0.000450000000   356.733141502110
0.000452500000   356.407507908909
0.000455000000   356.082866997116
0.000457500000   355.759207723517
0.000460000000   355.436519078755
0.000462500000   355.114790086960
0.000465000000   354.794009805362
0.000467500000   354.474167323919
0.000470000000   354.155251764940
0.000472500000   353.837252282709
0.000475000000   353.520158063113
0.000477500000   353.203958323269
0.000480000000   352.888642311153
0.000482500000   352.574199305228
0.000485000000   352.260618614075
0.000487500000   351.947889576029
0.000490000000   351.636001558803
0.000492500000   351.324943959132
0.000495000000   351.014706202399
0.000497500000   350.705277742276
0.000500000000   350.396648060360
0.000502500000   350.088806665807
0.000505000000   349.781743094977
0.000507500000   349.475446911068
0.000510000000   349.169907703759
0.000512500000   348.865115088852
0.000515000000   348.561058707913
0.000517500000   348.257728227915
0.000520000000   347.955113340884
0.000522500000   347.653203763542
0.000525000000   347.351989236955
0.000527500000   347.051459526176
0.000530000000   346.751604419897
0.000532500000   346.452413730095
0.000535000000   346.153877291681
0.000537500000   345.855984962149
0.000540000000   345.558726621232
0.000542500000   345.262092170545
0.000545000000   344.966071533244
0.000547500000   344.670654653677
0.000550000000   344.375831497038
0.000552500000   344.081592049019
0.000555000000   343.787926315468
0.000557500000   343.494824322047
0.000560000000   343.202276113880
0.000562500000   342.910271755220
0.000565000000   342.618801329102
0.000567500000   342.327854937001
0.000570000000   342.037422698493
0.000572500000   341.747494750916
0.000575000000   341.458061249024
0.000577500000   341.169112364659
0.000580000000   340.880638286400
0.000582500000   340.592629219236
0.000585000000   340.305075384223
0.000587500000   340.017967018146
0.000590000000   339.731294373190
0.000592500000   339.445047716596
0.000595000000   339.159217330332
0.000597500000   338.873793510754
0.000600000000   338.588766568276
0.000602500000   338.304126827034
0.000605000000   338.019864624553
0.000607500000   337.735970311416
0.000610000000   337.452434250928
0.000612500000   337.169246818789
0.000615000000   336.886398402760
0.000617500000   336.603879402333
0.000620000000   336.321680228399


