0.000000000000   53657232.978059798479
0.000000133333   53496770.076488815248
0.000000266667   53336874.280007734895
0.000000400000   53177543.893629036844
0.000000533333   53018777.228358767927
0.000000666667   52860572.601178504527
0.000000800000   52702928.335027657449
0.000000933333   52545842.758785672486
0.000001066667   52389314.207254245877
0.000001200000   52233341.021139718592
0.000001333333   52077921.547035552561
0.000001466667   51923054.137404538691
0.000001600000   51768737.150561697781
0.000001733333   51614968.950656615198
0.000001866667   51461747.907656252384
0.000002000000   51309072.397327631712
0.000002133333   51156940.801220506430
0.000002266667   51005351.506650358438
0.000002400000   50854302.906681224704
0.000002533333   50703793.400108791888
0.000002666667   50553821.391443125904
0.000002800000   50404385.290892116725
0.000002933333   50255483.514344386756
0.000003066667   50107114.483352579176
0.000003200000   49959276.625116653740
0.000003333333   49811968.372467152774
0.000003466667   49665188.163848571479
0.000003600000   49518934.443302944303
0.000003733333   49373205.660453200340
0.000003866667   49228000.270486846566
0.000004000000   49083316.734139487147
0.000004133333   48939153.517678573728
0.000004266667   48795509.092887192965
0.000004400000   48652381.937047764659
0.000004533333   48509770.532925955951
0.000004666667   48367673.368754565716
0.000004800000   48226088.938217490911
0.000004933333   48085015.740433894098
0.000005066667   47944452.279942154884
0.000005200000   47804397.066683962941
0.000005333333   47664848.615988761187
0.000005466667   47525805.448557801545
0.000005600000   47387266.090448558331
0.000005733333   47249229.073059014976
0.000005866667   47111692.933112137020
0.000006000000   46974656.212640486658
0.000006133333   46838117.458970598876
0.000006266667   46702075.224707663059
0.000006400000   46566528.067720189691
0.000006533333   46431474.551124647260
0.000006666667   46296913.243270285428
0.000006800000   46162842.717724025249
0.000006933333   46029261.553255200386
0.000007066667   45896168.333820611238
0.000007200000   45763561.648549482226
0.000007333333   45631440.091728456318
0.000007466667   45499802.262786701322
0.000007600000   45368646.766281150281
0.000007733333   45237972.211881682277
0.000007866667   45107777.214356265962
0.000008000000   44978060.393556423485
0.000008133333   44848820.374402560294
0.000008266667   44720055.786869361997
0.000008400000   44591765.265971302986
0.000008533333   44463947.451748132706
0.000008666667   44336600.989250481129
0.000008800000   44209724.528525516391
0.000008933333   44083316.724602699280
0.000009066667   43957376.237479254603
0.000009200000   43831901.732106380165
0.000009333333   43706891.878374703228
0.000009466667   43582345.351100534201
0.000009600000   43458260.830011442304
0.000009733333   43334636.999732650816
0.000009866667   43211472.549772754312
0.000010000000   43088766.174510046840
0.000010133333   42966516.573178641498
0.000010266667   42844722.449854575098
0.000010400000   42723382.513442225754
0.000010533333   42602495.477660477161
0.000010666667   42482060.061029277742
0.000010800000   42362074.986855782568
0.000010933333   42242538.983221113682
0.000011066667   42123450.782966651022
0.000011200000   42004809.123680688441
0.000011333333   41886612.747685171664
0.000011466667   41768860.402022153139
0.000011600000   41651550.838440604508
0.000011733333   41534682.813383214176
0.000011866667   41418255.087973155081
0.000012000000   41302266.428001068532
0.000012133333   41186715.603911757469
0.000012266667   41071601.390791341662
0.000012400000   40956922.568354249001
0.000012533333   40842677.920930176973
0.000012666667   40728866.237451396883
0.000012800000   40615486.311439700425
0.000012933333   40502536.940993718803
0.000013066667   40390016.928776256740
0.000013200000   40277925.082001373172
0.000013333333   40166260.212422005832
0.000013466667   40055021.136317171156
0.000013600000   39944206.674479596317
0.000013733333   39833815.652203068137
0.000013866667   39723846.899269983172
0.000014000000   39614299.249939054251
0.000014133333   39505171.542932875454
0.000014266667   39396462.621425688267
0.000014400000   39288171.333031035960
0.000014533333   39180296.529789537191
0.000014666667   39072837.068156741560
0.000014800000   38965791.808991104364
0.000014933333   38859159.617541782558
0.000015066667   38752939.363436676562
0.000015200000   38647129.920670375228
0.000015333333   38541730.167592287064
0.000015466667   38436738.986894734204
0.000015600000   38332155.265601105988
0.000015733333   38227977.895054072142
0.000015866667   38124205.770903870463
0.000016000000   38020837.793096505105
0.000016133333   37917872.865862108767
0.000016266667   37815309.897703438997
0.000016400000   37713147.801384113729
0.000016533333   37611385.493917264044
0.000016666667   37510021.896553985775
0.000016800000   37409055.934771880507
0.000016933333   37308486.538263693452
0.000017066667   37208312.640925988555
0.000017200000   37108533.180847808719
0.000017333333   37009147.100299455225
0.000017466667   36910153.345721207559
0.000017600000   36811550.867712207139
0.000017733333   36713338.621019378304
0.000017866667   36615515.564526312053
0.000018000000   36518080.661242127419
0.000018133333   36421032.878290586174
0.000018266667   36324371.186899222434
0.000018400000   36228094.562388211489
0.000018533333   36132201.984159857035
0.000018666667   36036692.435687310994
0.000018800000   35941564.904504172504
0.000018933333   35846818.382193587720
0.000019066667   35752451.864377602935
0.000019200000   35658464.350706569850
0.000019333333   35564854.844848453999
0.000019466667   35471622.354478240013
0.000019600000   35378765.891267560422
0.000019733333   35286284.470874153078
0.000019866667   35194177.112931303680
0.000020000000   35102442.841037698090


0.000020000000   21553210.806463971734
0.000020666667   21296206.901564247906
0.000021333333   21042390.851213198155
0.000022000000   20791724.661491166800
0.000022666667   20544170.809980690479
0.000023333333   20299692.240149945021
0.000024000000   20058252.355805635452
0.000024666667   19819815.015615131706
0.000025333333   19584344.527696490288
0.000026000000   19351805.644275862724
0.000026666667   19122163.556411221623
0.000027333333   18895383.888781923801
0.000028000000   18671432.694543190300
0.000028666667   18450276.450244549662
0.000029333333   18231882.050811864436
0.000030000000   18016216.804591819644
0.000030666667   17803248.428458452225
0.000031333333   17592945.042980629951
0.000032000000   17385275.167650107294
0.000032666667   17180207.716169256717
0.000033333333   16977711.991797875613
0.000034000000   16777757.682758130133
0.000034666667   16580314.857697239146
0.000035333333   16385353.961207218468
0.000036000000   16192845.809400564060
0.000036666667   16002761.585541889071
0.000037333333   15815072.835734406486
0.000038000000   15629751.464660605416
0.000038666667   15446769.731376733631
0.000039333333   15266100.245160283521
0.000040000000   15087715.961409864947
0.000040666667   14911590.177597062662
0.000041333333   14737696.529269218445
0.000042000000   14566008.986103024334
0.000042666667   14396501.848008081317
0.000043333333   14229149.741279827431
0.000044000000   14063927.614801349118
0.000044666667   13900810.736293613911
0.000045333333   13739774.688613211736
0.000046000000   13580795.366097413003
0.000046666667   13423848.970955774188
0.000047333333   13268912.009707976133
0.000048000000   13115961.289666963741
0.000048666667   12964973.915467318147
0.000049333333   12815927.285638051108
0.000050000000   12668799.089219380170
0.000050666667   12523567.302423046902
0.000051333333   12380210.185335572809
0.000052000000   12238706.278664058074
0.000052666667   12099034.400523936376
0.000053333333   11961173.643268173561
0.000054000000   11825103.370357716456
0.000054666667   11690803.213272435591
0.000055333333   11558253.068462098017
0.000056000000   11427433.094337075949
0.000056666667   11298323.708298342302
0.000057333333   11170905.583806062117
0.000058000000   11045159.647486673668
0.000058666667   10921067.076277762651
0.000059333333   10798609.294610481709
0.000060000000   10677767.971628913656
0.000060666667   10558525.018446192145
0.000061333333   10440862.585436787456
0.000062000000   10324763.059564536437
0.000062666667   10210209.061746168882
0.000063333333   10097183.444249875844
0.000064000000   9985669.288128381595
0.000064666667   9875649.900686481968
0.000065333333   9767108.812982169911
0.000066000000   9660029.777361521497
0.000066666667   9554396.765026506037
0.000067333333   9450193.963635658845
0.000068000000   9347405.774937069044
0.000068666667   9246016.812433648854
0.000069333333   9146011.899079715833
0.000070000000   9047376.065009271726
0.000070666667   8950094.545295139775
0.000071333333   8854152.777738776058
0.000072000000   8759536.400690443814
0.000072666667   8666231.250899458304
0.000073333333   8574223.361394099891
0.000074000000   8483498.959390819073
0.000074666667   8394044.464232593775
0.000075333333   8305846.485356131569
0.000076000000   8218891.820287325419
0.000076666667   8133167.452665056102
0.000077333333   8048660.550292667933
0.000078000000   7965358.463217219338
0.000078666667   7883248.721835879609
0.000079333333   7802319.035029290244
0.000080000000   7722557.288321771659
0.000080666667   7643951.542067810893
0.000081333333   7566490.029664955102
0.000082000000   7490161.155792316422
0.000082666667   7414953.494674994610
0.000083333333   7340855.788373617455
0.000084000000   7267856.945099224336
0.000084666667   7195946.037552886643
0.000085333333   7125112.301290068775
0.000086000000   7055345.133109174669
0.000086666667   6986634.089464438148
0.000087333333   6918968.884902631864
0.000088000000   6852339.390523375012
0.000088666667   6786735.632462917827
0.000089333333   6722147.790401183069
0.000090000000   6658566.196091754362
0.000090666667   6595981.331914727576
0.000091333333   6534383.829451780766
0.000092000000   6473764.468084034510
0.000092666667   6414114.173611716367
0.000093333333   6355424.016895840876
0.000094000000   6297685.212521573529
0.000094666667   6240889.117483193055
0.000095333333   6185027.229890253395
0.000096000000   6130091.187695019878
0.000096666667   6076072.767440605909
0.000097333333   6022963.883030159399
0.000098000000   5970756.584516311996
0.000098666667   5919443.056911271997
0.000099333333   5869015.619016882032
0.000100000000   5819466.722274843603
0.000100666667   5770788.949636824429
0.000101333333   5722975.014454147778
0.000102000000   5676017.759387006052
0.000102666667   5629910.155333139002
0.000103333333   5584645.300375575200
0.000104000000   5540216.418749599718
0.000104666667   5496616.859828355722
0.000105333333   5453840.097127385437
0.000106000000   5411879.727327585220
0.000106666667   5370729.469316833653
0.000107333333   5330383.163249623030
0.000108000000   5290834.769625040703
0.000108666667   5252078.368382673711
0.000109333333   5214108.158016550355
0.000110000000   5176918.454706568271
0.000110666667   5140503.691467760131
0.000111333333   5104858.417316923849
0.000112000000   5069977.296456668526
0.000112666667   5035855.107476680540
0.000113333333   5002486.742572204210
0.000114000000   4969867.206779288128
0.000114666667   4937991.617227233946
0.000115333333   4906855.202407629229
0.000116000000   4876453.301460111514
0.000116666667   4846781.363474543206
0.000117333333   4817834.946810003370
0.000118000000   4789609.718429765664
0.000118666667   4762101.453252724372
0.000119333333   4735306.033520885743
0.000120000000   4709219.448183051310


0.000120000000   235460.972409152571
0.000122500000   233890.174382753001
0.000125000000   232327.444345023774
0.000127500000   230772.728336867236
0.000130000000   229225.972676716541
0.000132500000   227687.123958674230
0.000135000000   226156.129050665419
0.000137500000   224632.935092594475
0.000140000000   223117.489494513284
0.000142500000   221609.739934802492
0.000145000000   220109.634358355223
0.000147500000   218617.120974776131
0.000150000000   217132.148256586777
0.000152500000   215654.664937442722
0.000155000000   214184.620010352402
0.000157500000   212721.962725914200
0.000160000000   211266.642590560252
0.000162500000   209818.609364798904
0.000165000000   208377.813061485038
0.000167500000   206944.203944080509
0.000170000000   205517.732524936408
0.000172500000   204098.349563575146
0.000175000000   202686.006064986810
0.000177500000   201280.653277932666
0.000180000000   199882.242693252076
0.000182500000   198490.726042189082
0.000185000000   197106.055294713529
0.000187500000   195728.182657860627
0.000190000000   194357.060574077070
0.000192500000   192992.641719571635
0.000195000000   191634.879002674657
0.000197500000   190283.725562208332
0.000200000000   188939.134765865019
0.000202500000   187601.060208590265
0.000205000000   186269.455710976996
0.000207500000   184944.275317663007
0.000210000000   183625.473295742675
0.000212500000   182313.004133179027
0.000215000000   181006.822537230066
0.000217500000   179706.883432882809
0.000220000000   178413.141961285146
0.000222500000   177125.553478196671
0.000225000000   175844.073552440881
0.000227500000   174568.657964367827
0.000230000000   173299.262704322056
0.000232500000   172035.843971115886
0.000235000000   170778.358170516149
0.000237500000   169526.761913731811
0.000240000000   168281.012015912478
0.000242500000   167041.065494650538
0.000245000000   165806.879568496457
0.000247500000   164578.411655472213
0.000250000000   163355.619371598441
0.000252500000   162138.460529431584
0.000255000000   160926.893136593950
0.000257500000   159720.875394327479
0.000260000000   158520.365696040157
0.000262500000   157325.322625866305
0.000265000000   156135.704957233334
0.000267500000   154951.471651438100
0.000270000000   153772.581856218458
0.000272500000   152598.994904341031
0.000275000000   151430.670312191418
0.000277500000   150267.567778379103
0.000280000000   149109.647182334185
0.000282500000   147956.868582920870
0.000285000000   146809.192217053729
0.000287500000   145666.578498320479
0.000290000000   144528.988015612878
0.000292500000   143396.381531758583
0.000295000000   142268.719982167007
0.000297500000   141145.964473473286
0.000300000000   140028.076282189897
0.000302500000   138915.016853370093
0.000305000000   137806.747799268982
0.000307500000   136703.230898017471
0.000310000000   135604.428092294984
0.000312500000   134510.301488015306
0.000315000000   133420.813353012927
0.000317500000   132335.926115735987
0.000320000000   131255.602363945160
0.000322500000   130179.804843418722
0.000325000000   129108.496456661800
0.000327500000   128041.640261622422
0.000330000000   126979.199470413849
0.000332500000   125921.137448037320
0.000335000000   124867.417711114846
0.000337500000   123818.003926630176
0.000340000000   122772.859910664105
0.000342500000   121731.949627144917
0.000345000000   120695.237186601531
0.000347500000   119662.686844917989
0.000350000000   118634.263002097141
0.000352500000   117609.930201029521
0.000355000000   116589.653126263394
0.000357500000   115573.396602784400
0.000360000000   114561.125594795885
0.000362500000   113552.805204505537
0.000365000000   112548.400670917894
0.000367500000   111547.877368631423
0.000370000000   110551.200806638415
0.000372500000   109558.336627130047
0.000375000000   108569.250604309113
0.000377500000   107583.908643203627
0.000380000000   106602.276778489191
0.000382500000   105624.321173308286
0.000385000000   104650.008118102531
0.000387500000   103679.304029440435
0.000390000000   102712.175448864276
0.000392500000   101748.589041722284
0.000395000000   100788.511596020442
0.000397500000   99831.910021266827
0.000400000000   98878.751347333178
0.000402500000   97929.002723309008
0.000405000000   96982.631416366392
0.000407500000   96039.604810621429
0.000410000000   95099.890406013830
0.000412500000   94163.455817175709
0.000415000000   93230.268772309719
0.000417500000   92300.297112077518
0.000420000000   91373.508788480802
0.000422500000   90449.871863755150
0.000425000000   89529.354509264071
0.000427500000   88611.925004394769
0.000430000000   87697.551735461471
0.000432500000   86786.203194613176
0.000435000000   85877.847978738646
0.000437500000   84972.454788384537
0.000440000000   84069.992426666868
0.000442500000   83170.429798192767
0.000445000000   82273.735907985931
0.000447500000   81379.879860412213
0.000450000000   80488.830858109228
0.000452500000   79600.558200922300
0.000455000000   78715.031284840588
0.000457500000   77832.219600937082
0.000460000000   76952.092734314807
0.000462500000   76074.620363051930
0.000465000000   75199.772257153163
0.000467500000   74327.518277500538
0.000470000000   73457.828374815217
0.000472500000   72590.672588614936
0.000475000000   71726.021046174108
0.000477500000   70863.843961495455
0.000480000000   70004.111634273271
0.000482500000   69146.794448870700
0.000485000000   68291.862873291539
0.000487500000   67439.287458155828
0.000490000000   66589.038835687723
0.000492500000   65741.087718692928
0.000495000000   64895.404899543799
0.000497500000   64051.961249175380
0.000500000000   63210.727716070374
0.000502500000   62371.675325257223
0.000505000000   61534.775177306226
0.000507500000   60699.998447329534
0.000510000000   59867.316383982448
0.000512500000   59036.700308468688
0.000515000000   58208.121613550800
0.000517500000   57381.551762554649
0.000520000000   56556.962288386610
0.000522500000   55734.324792545121
0.000525000000   54913.610944139131
0.000527500000   54094.792478908115
0.000530000000   53277.841198240116
0.000532500000   52462.728968203708
0.000535000000   51649.427718566236
0.000537500000   50837.909441828517
0.000540000000   50028.146192250053
0.000542500000   49220.110084883352
0.000545000000   48413.773294612896
0.000547500000   47609.108055186691
0.000550000000   46806.086658257685
0.000552500000   46004.681452426281
0.000555000000   45204.864842281597
0.000557500000   44406.609287444706
0.000560000000   43609.887301621464
0.000562500000   42814.671451644666
0.000565000000   42020.934356527192
0.000567500000   41228.648686515764
0.000570000000   40437.787162144086
0.000572500000   39648.322553288999
0.000575000000   38860.227678226292
0.000577500000   38073.475402692020
0.000580000000   37288.038638944301
0.000582500000   36503.890344824285
0.000585000000   35721.003522820356
0.000587500000   34939.351219133379
0.000590000000   34158.906522745412
0.000592500000   33379.642564488837
0.000595000000   32601.532516112282
0.000597500000   31824.549589359864
0.000600000000   31048.667035036488
0.000602500000   30273.858142086188
0.000605000000   29500.096236666770
0.000607500000   28727.354681225886
0.000610000000   27955.606873582961
0.000612500000   27184.826246004348
0.000615000000   26414.986264285784
0.000617500000   25646.060426832984
0.000620000000   24878.022263748200


