0.000000000000   37.073890144178
0.000000133333   37.074744185214
0.000000266667   37.075594650859
0.000000400000   37.076441551801
0.000000533333   37.077284898689
0.000000666667   37.078124702132
0.000000800000   37.078960972706
0.000000933333   37.079793720945
0.000001066667   37.080622957348
0.000001200000   37.081448692377
0.000001333333   37.082270936456
0.000001466667   37.083089699971
0.000001600000   37.083904993275
0.000001733333   37.084716826679
0.000001866667   37.085525210462
0.000002000000   37.086330154863
0.000002133333   37.087131670086
0.000002266667   37.087929766299
0.000002400000   37.088724453633
0.000002533333   37.089515742183
0.000002666667   37.090303642008
0.000002800000   37.091088163132
0.000002933333   37.091869315541
0.000003066667   37.092647109188
0.000003200000   37.093421553989
0.000003333333   37.094192659823
0.000003466667   37.094960436537
0.000003600000   37.095724893941
0.000003733333   37.096486041808
0.000003866667   37.097243889878
0.000004000000   37.097998447857
0.000004133333   37.098749725413
0.000004266667   37.099497732182
0.000004400000   37.100242477765
0.000004533333   37.100983971725
0.000004666667   37.101722223597
0.000004800000   37.102457242875
0.000004933333   37.103189039022
0.000005066667   37.103917621468
0.000005200000   37.104642999606
0.000005333333   37.105365182797
0.000005466667   37.106084180367
0.000005600000   37.106800001610
0.000005733333   37.107512655783
0.000005866667   37.108222152114
0.000006000000   37.108928499793
0.000006133333   37.109631707980
0.000006266667   37.110331785799
0.000006400000   37.111028742344
0.000006533333   37.111722586673
0.000006666667   37.112413327812
0.000006800000   37.113100974755
0.000006933333   37.113785536463
0.000007066667   37.114467021861
0.000007200000   37.115145439847
0.000007333333   37.115820799282
0.000007466667   37.116493108997
0.000007600000   37.117162377790
0.000007733333   37.117828614425
0.000007866667   37.118491827638
0.000008000000   37.119152026128
0.000008133333   37.119809218566
0.000008266667   37.120463413589
0.000008400000   37.121114619803
0.000008533333   37.121762845783
0.000008666667   37.122408100069
0.000008800000   37.123050391175
0.000008933333   37.123689727578
0.000009066667   37.124326117729
0.000009200000   37.124959570043
0.000009333333   37.125590092906
0.000009466667   37.126217694674
0.000009600000   37.126842383671
0.000009733333   37.127464168189
0.000009866667   37.128083056490
0.000010000000   37.128699056807
0.000010133333   37.129312177339
0.000010266667   37.129922426259
0.000010400000   37.130529811705
0.000010533333   37.131134341787
0.000010666667   37.131736024584
0.000010800000   37.132334868146
0.000010933333   37.132930880492
0.000011066667   37.133524069610
0.000011200000   37.134114443460
0.000011333333   37.134702009971
0.000011466667   37.135286777043
0.000011600000   37.135868752545
0.000011733333   37.136447944318
0.000011866667   37.137024360172
0.000012000000   37.137598007888
0.000012133333   37.138168895219
0.000012266667   37.138737029888
0.000012400000   37.139302419587
0.000012533333   37.139865071982
0.000012666667   37.140424994707
0.000012800000   37.140982195369
0.000012933333   37.141536681546
0.000013066667   37.142088460787
0.000013200000   37.142637540611
0.000013333333   37.143183928510
0.000013466667   37.143727631948
0.000013600000   37.144268658358
0.000013733333   37.144807015147
0.000013866667   37.145342709692
0.000014000000   37.145875749344
0.000014133333   37.146406141424
0.000014266667   37.146933893226
0.000014400000   37.147459012013
0.000014533333   37.147981505025
0.000014666667   37.148501379471
0.000014800000   37.149018642532
0.000014933333   37.149533301363
0.000015066667   37.150045363091
0.000015200000   37.150554834814
0.000015333333   37.151061723605
0.000015466667   37.151566036507
0.000015600000   37.152067780538
0.000015733333   37.152566962687
0.000015866667   37.153063589917
0.000016000000   37.153557669163
0.000016133333   37.154049207334
0.000016266667   37.154538211312
0.000016400000   37.155024687950
0.000016533333   37.155508644077
0.000016666667   37.155990086495
0.000016800000   37.156469021977
0.000016933333   37.156945457271
0.000017066667   37.157419399099
0.000017200000   37.157890854156
0.000017333333   37.158359829111
0.000017466667   37.158826330605
0.000017600000   37.159290365255
0.000017733333   37.159751939652
0.000017866667   37.160211060358
0.000018000000   37.160667733912
0.000018133333   37.161121966826
0.000018266667   37.161573765585
0.000018400000   37.162023136651
0.000018533333   37.162470086457
0.000018666667   37.162914621413
0.000018800000   37.163356747901
0.000018933333   37.163796472280
0.000019066667   37.164233800882
0.000019200000   37.164668740013
0.000019333333   37.165101295955
0.000019466667   37.165531474964
0.000019600000   37.165959283272
0.000019733333   37.166384727084
0.000019866667   37.166807812582
0.000020000000   37.167228545920


0.000020000000   37.167228545920
0.000020666667   37.168339440758
0.000021333333   37.169431329611
0.000022000000   37.170504438998
0.000022666667   37.171558992630
0.000023333333   37.172595211436
0.000024000000   37.173613313606
0.000024666667   37.174613514613
0.000025333333   37.175596027253
0.000026000000   37.176561061674
0.000026666667   37.177508825407
0.000027333333   37.178439523399
0.000028000000   37.179353358040
0.000028666667   37.180250529199
0.000029333333   37.181131234247
0.000030000000   37.181995668094
0.000030666667   37.182844023210
0.000031333333   37.183676489662
0.000032000000   37.184493255137
0.000032666667   37.185294504971
0.000033333333   37.186080422179
0.000034000000   37.186851187480
0.000034666667   37.187606979324
0.000035333333   37.188347973922
0.000036000000   37.189074345268
0.000036666667   37.189786265168
0.000037333333   37.190483903263
0.000038000000   37.191167427058
0.000038666667   37.191837001946
0.000039333333   37.192492791229
0.000040000000   37.193134956148
0.000040666667   37.193763655903
0.000041333333   37.194379047679
0.000042000000   37.194981286670
0.000042666667   37.195570526099
0.000043333333   37.196146917244
0.000044000000   37.196710609460
0.000044666667   37.197261750201
0.000045333333   37.197800485043
0.000046000000   37.198326957702
0.000046666667   37.198841310063
0.000047333333   37.199343682193
0.000048000000   37.199834212366
0.000048666667   37.200313037085
0.000049333333   37.200780291100
0.000050000000   37.201236107429
0.000050666667   37.201680617378
0.000051333333   37.202113950560
0.000052000000   37.202536234916
0.000052666667   37.202947596731
0.000053333333   37.203348160657
0.000054000000   37.203738049730
0.000054666667   37.204117385386
0.000055333333   37.204486287483
0.000056000000   37.204844874316
0.000056666667   37.205193262636
0.000057333333   37.205531567669
0.000058000000   37.205859903130
0.000058666667   37.206178381242
0.000059333333   37.206487112752
0.000060000000   37.206786206949
0.000060666667   37.207075771679
0.000061333333   37.207355913361
0.000062000000   37.207626737005
0.000062666667   37.207888346223
0.000063333333   37.208140843251
0.000064000000   37.208384328960
0.000064666667   37.208618902871
0.000065333333   37.208844663172
0.000066000000   37.209061706732
0.000066666667   37.209270129114
0.000067333333   37.209470024591
0.000068000000   37.209661486160
0.000068666667   37.209844605555
0.000069333333   37.210019473261
0.000070000000   37.210186178530
0.000070666667   37.210344809388
0.000071333333   37.210495452657
0.000072000000   37.210638193960
0.000072666667   37.210773117738
0.000073333333   37.210900307262
0.000074000000   37.211019844646
0.000074666667   37.211131810857
0.000075333333   37.211236285730
0.000076000000   37.211333347978
0.000076666667   37.211423075205
0.000077333333   37.211505543915
0.000078000000   37.211580829527
0.000078666667   37.211649006386
0.000079333333   37.211710147771
0.000080000000   37.211764325908
0.000080666667   37.211811611982
0.000081333333   37.211852076144
0.000082000000   37.211885787526
0.000082666667   37.211912814248
0.000083333333   37.211933223430
0.000084000000   37.211947081202
0.000084666667   37.211954452711
0.000085333333   37.211955402135
0.000086000000   37.211949992691
0.000086666667   37.211938286643
0.000087333333   37.211920345312
0.000088000000   37.211896229086
0.000088666667   37.211865997431
0.000089333333   37.211829708894
0.000090000000   37.211787421118
0.000090666667   37.211739190846
0.000091333333   37.211685073934
0.000092000000   37.211625125353
0.000092666667   37.211559399205
0.000093333333   37.211487948725
0.000094000000   37.211410826291
0.000094666667   37.211328083433
0.000095333333   37.211239770839
0.000096000000   37.211145938363
0.000096666667   37.211046635034
0.000097333333   37.210941909062
0.000098000000   37.210831807842
0.000098666667   37.210716377969
0.000099333333   37.210595665237
0.000100000000   37.210469714651
0.000100666667   37.210338570431
0.000101333333   37.210202276021
0.000102000000   37.210060874091
0.000102666667   37.209914406549
0.000103333333   37.209762914546
0.000104000000   37.209606438476
0.000104666667   37.209445017993
0.000105333333   37.209278692005
0.000106000000   37.209107498691
0.000106666667   37.208931475497
0.000107333333   37.208750659149
0.000108000000   37.208565085654
0.000108666667   37.208374790307
0.000109333333   37.208179807697
0.000110000000   37.207980171711
0.000110666667   37.207775915539
0.000111333333   37.207567071680
0.000112000000   37.207353671945
0.000112666667   37.207135747465
0.000113333333   37.206913328692
0.000114000000   37.206686445406
0.000114666667   37.206455126718
0.000115333333   37.206219401077
0.000116000000   37.205979296270
0.000116666667   37.205734839430
0.000117333333   37.205486057038
0.000118000000   37.205232974927
0.000118666667   37.204975618287
0.000119333333   37.204714011668
0.000120000000   37.204448178984


0.000120000000   37.204448178984
0.000122500000   37.203443237542
0.000125000000   37.202437925832
0.000127500000   37.201432250792
0.000130000000   37.200426219253
0.000132500000   37.199419837942
0.000135000000   37.198413113484
0.000137500000   37.197406052400
0.000140000000   37.196398661108
0.000142500000   37.195390945927
0.000145000000   37.194382913073
0.000147500000   37.193374568662
0.000150000000   37.192365918714
0.000152500000   37.191356969146
0.000155000000   37.190347725780
0.000157500000   37.189338194341
0.000160000000   37.188328380457
0.000162500000   37.187318289660
0.000165000000   37.186307927387
0.000167500000   37.185297298983
0.000170000000   37.184286409695
0.000172500000   37.183275264682
0.000175000000   37.182263869008
0.000177500000   37.181252227645
0.000180000000   37.180240345476
0.000182500000   37.179228227294
0.000185000000   37.178215877800
0.000187500000   37.177203301609
0.000190000000   37.176190503246
0.000192500000   37.175177487149
0.000195000000   37.174164257669
0.000197500000   37.173150819071
0.000200000000   37.172137175535
0.000202500000   37.171123331156
0.000205000000   37.170109289942
0.000207500000   37.169095055821
0.000210000000   37.168080632636
0.000212500000   37.167066024148
0.000215000000   37.166051234036
0.000217500000   37.165036265898
0.000220000000   37.164021123252
0.000222500000   37.163005809534
0.000225000000   37.161990328103
0.000227500000   37.160974682238
0.000230000000   37.159958875139
0.000232500000   37.158942909931
0.000235000000   37.157926789660
0.000237500000   37.156910517295
0.000240000000   37.155894095732
0.000242500000   37.154877527788
0.000245000000   37.153860816209
0.000247500000   37.152843963663
0.000250000000   37.151826972749
0.000252500000   37.150809845989
0.000255000000   37.149792585835
0.000257500000   37.148775194666
0.000260000000   37.147757674790
0.000262500000   37.146740028445
0.000265000000   37.145722257797
0.000267500000   37.144704364944
0.000270000000   37.143686351914
0.000272500000   37.142668220668
0.000275000000   37.141649973096
0.000277500000   37.140631611023
0.000280000000   37.139613136206
0.000282500000   37.138594550337
0.000285000000   37.137575855039
0.000287500000   37.136557051872
0.000290000000   37.135538142331
0.000292500000   37.134519127846
0.000295000000   37.133500009783
0.000297500000   37.132480789445
0.000300000000   37.131461468072
0.000302500000   37.130442046842
0.000305000000   37.129422526870
0.000307500000   37.128402909211
0.000310000000   37.127383194859
0.000312500000   37.126363384747
0.000315000000   37.125343479748
0.000317500000   37.124323480676
0.000320000000   37.123303388285
0.000322500000   37.122283203273
0.000325000000   37.121262926278
0.000327500000   37.120242557881
0.000330000000   37.119222098606
0.000332500000   37.118201548921
0.000335000000   37.117180909236
0.000337500000   37.116160179908
0.000340000000   37.115139361238
0.000342500000   37.114118453470
0.000345000000   37.113097456796
0.000347500000   37.112076371355
0.000350000000   37.111055197231
0.000352500000   37.110033934455
0.000355000000   37.109012583006
0.000357500000   37.107991142812
0.000360000000   37.106969613747
0.000362500000   37.105947995637
0.000365000000   37.104926288254
0.000367500000   37.103904491323
0.000370000000   37.102882604516
0.000372500000   37.101860627458
0.000375000000   37.100838559724
0.000377500000   37.099816400840
0.000380000000   37.098794150285
0.000382500000   37.097771807489
0.000385000000   37.096749371837
0.000387500000   37.095726842664
0.000390000000   37.094704219260
0.000392500000   37.093681500870
0.000395000000   37.092658686692
0.000397500000   37.091635775878
0.000400000000   37.090612767538
0.000402500000   37.089589660734
0.000405000000   37.088566454488
0.000407500000   37.087543147774
0.000410000000   37.086519739525
0.000412500000   37.085496228632
0.000415000000   37.084472613943
0.000417500000   37.083448894262
0.000420000000   37.082425068354
0.000422500000   37.081401134941
0.000425000000   37.080377092705
0.000427500000   37.079352940287
0.000430000000   37.078328676287
0.000432500000   37.077304299267
0.000435000000   37.076279807749
0.000437500000   37.075255200216
0.000440000000   37.074230475111
0.000442500000   37.073205630842
0.000445000000   37.072180665774
0.000447500000   37.071155578240
0.000450000000   37.070130366533
0.000452500000   37.069105028908
0.000455000000   37.068079563587
0.000457500000   37.067053968753
0.000460000000   37.066028242555
0.000462500000   37.065002383105
0.000465000000   37.063976388481
0.000467500000   37.062950256727
0.000470000000   37.061923985853
0.000472500000   37.060897573832
0.000475000000   37.059871018606
0.000477500000   37.058844318085
0.000480000000   37.057817470143
0.000482500000   37.056790472622
0.000485000000   37.055763323335
0.000487500000   37.054736020059
0.000490000000   37.053708560542
0.000492500000   37.052680942500
0.000495000000   37.051653163619
0.000497500000   37.050625221552
0.000500000000   37.049597113926
0.000502500000   37.048568838334
0.000505000000   37.047540392342
0.000507500000   37.046511773485
0.000510000000   37.045482979273
0.000512500000   37.044454007182
0.000515000000   37.043424854665
0.000517500000   37.042395519143
0.000520000000   37.041365998013
0.000522500000   37.040336288641
0.000525000000   37.039306388371
0.000527500000   37.038276294515
0.000530000000   37.037246004363
0.000532500000   37.036215515177
0.000535000000   37.035184824195
0.000537500000   37.034153928627
0.000540000000   37.033122825661
0.000542500000   37.032091512458
0.000545000000   37.031059986157
0.000547500000   37.030028243872
0.000550000000   37.028996282691
0.000552500000   37.027964099682
0.000555000000   37.026931691889
0.000557500000   37.025899056332
0.000560000000   37.024866190010
0.000562500000   37.023833089899
0.000565000000   37.022799752953
0.000567500000   37.021766176104
0.000570000000   37.020732356266
0.000572500000   37.019698290327
0.000575000000   37.018663975159
0.000577500000   37.017629407611
0.000580000000   37.016594584512
0.000582500000   37.015559502672
0.000585000000   37.014524158883
0.000587500000   37.013488549914
0.000590000000   37.012452672519
0.000592500000   37.011416523431
0.000595000000   37.010380099367
0.000597500000   37.009343397023
0.000600000000   37.008306413081
0.000602500000   37.007269144203
0.000605000000   37.006231587034
0.000607500000   37.005193738203
0.000610000000   37.004155594323
0.000612500000   37.003117151991
0.000615000000   37.002078407785
0.000617500000   37.001039358272
0.000620000000   37.000000000000


