0.000000000000   471.168185090258
0.000000133333   470.260886071438
0.000000266667   469.356792426885
0.000000400000   468.455894576098
0.000000533333   467.558182972453
0.000000666667   466.663648103104
0.000000800000   465.772280488880
0.000000933333   464.884070684184
0.000001066667   463.999009276896
0.000001200000   463.117086888270
0.000001333333   462.238294172836
0.000001466667   461.362621818303
0.000001600000   460.490060545454
0.000001733333   459.620601108056
0.000001866667   458.754234292756
0.000002000000   457.890950918983
0.000002133333   457.030741838857
0.000002266667   456.173597937085
0.000002400000   455.319510130867
0.000002533333   454.468469369801
0.000002666667   453.620466635786
0.000002800000   452.775492942925
0.000002933333   451.933539337432
0.000003066667   451.094596897538
0.000003200000   450.258656733390
0.000003333333   449.425709986967
0.000003466667   448.595747831975
0.000003600000   447.768761473764
0.000003733333   446.944742149225
0.000003866667   446.123681126704
0.000004000000   445.305569705909
0.000004133333   444.490399217812
0.000004266667   443.678161024565
0.000004400000   442.868846519401
0.000004533333   442.062447126550
0.000004666667   441.258954301140
0.000004800000   440.458359529116
0.000004933333   439.660654327139
0.000005066667   438.865830242506
0.000005200000   438.073878853054
0.000005333333   437.284791767073
0.000005466667   436.498560623216
0.000005600000   435.715177090414
0.000005733333   434.934632867781
0.000005866667   434.156919684532
0.000006000000   433.382029299893
0.000006133333   432.609953503014
0.000006266667   431.840684112881
0.000006400000   431.074212978230
0.000006533333   430.310531977462
0.000006666667   429.549633018553
0.000006800000   428.791508038973
0.000006933333   428.036149005597
0.000007066667   427.283547914623
0.000007200000   426.533696791483
0.000007333333   425.786587690762
0.000007466667   425.042212696112
0.000007600000   424.300563920168
0.000007733333   423.561633504467
0.000007866667   422.825413619362
0.000008000000   422.091896463937
0.000008133333   421.361074265931
0.000008266667   420.632939281648
0.000008400000   419.907483795882
0.000008533333   419.184700121830
0.000008666667   418.464580601010
0.000008800000   417.747117603187
0.000008933333   417.032303526283
0.000009066667   416.320130796301
0.000009200000   415.610591867248
0.000009333333   414.903679221046
0.000009466667   414.199385367462
0.000009600000   413.497702844021
0.000009733333   412.798624215933
0.000009866667   412.102142076008
0.000010000000   411.408249044584
0.000010133333   410.716937769444
0.000010266667   410.028200925739
0.000010400000   409.342031215912
0.000010533333   408.658421369620
0.000010666667   407.977364143654
0.000010800000   407.298852321868
0.000010933333   406.622878715096
0.000011066667   405.949436161083
0.000011200000   405.278517524401
0.000011333333   404.610115696380
0.000011466667   403.944223595030
0.000011600000   403.280834164964
0.000011733333   402.619940377328
0.000011866667   401.961535229722
0.000012000000   401.305611746128
0.000012133333   400.652162976836
0.000012266667   400.001181998368
0.000012400000   399.352661913408
0.000012533333   398.706595850729
0.000012666667   398.062976965115
0.000012800000   397.421798437294
0.000012933333   396.783053473864
0.000013066667   396.146735307219
0.000013200000   395.512837195482
0.000013333333   394.881352422426
0.000013466667   394.252274297411
0.000013600000   393.625596155308
0.000013733333   393.001311356430
0.000013866667   392.379413286460
0.000014000000   391.759895356384
0.000014133333   391.142751002418
0.000014266667   390.527973685940
0.000014400000   389.915556893422
0.000014533333   389.305494136357
0.000014666667   388.697778951194
0.000014800000   388.092404899268
0.000014933333   387.489365566731
0.000015066667   386.888654564486
0.000015200000   386.290265528118
0.000015333333   385.694192117825
0.000015466667   385.100428018354
0.000015600000   384.508966938932
0.000015733333   383.919802613201
0.000015866667   383.332928799149
0.000016000000   382.748339279045
0.000016133333   382.166027859374
0.000016266667   381.585988370770
0.000016400000   381.008214667953
0.000016533333   380.432700629660
0.000016666667   379.859440158583
0.000016800000   379.288427181304
0.000016933333   378.719655648230
0.000017066667   378.153119533528
0.000017200000   377.588812835063
0.000017333333   377.026729574335
0.000017466667   376.466863796411
0.000017600000   375.909209569868
0.000017733333   375.353760986727
0.000017866667   374.800512162387
0.000018000000   374.249457235571
0.000018133333   373.700590368256
0.000018266667   373.153905745615
0.000018400000   372.609397575954
0.000018533333   372.067060090652
0.000018666667   371.526887544099
0.000018800000   370.988874213633
0.000018933333   370.453014399485
0.000019066667   369.919302424711
0.000019200000   369.387732635139
0.000019333333   368.858299399305
0.000019466667   368.330997108392
0.000019600000   367.805820176176
0.000019733333   367.282763038961
0.000019866667   366.761820155523
0.000020000000   366.242986007053


0.000020000000   366.242986007053
0.000020666667   363.873893578961
0.000021333333   361.534175921380
0.000022000000   359.223482934960
0.000022666667   356.941468865085
0.000023333333   354.687792250123
0.000024000000   352.462115870310
0.000024666667   350.264106697269
0.000025333333   348.093435844162
0.000026000000   345.949778516459
0.000026666667   343.832813963314
0.000027333333   341.742225429559
0.000028000000   339.677700108282
0.000028666667   337.638929094008
0.000029333333   335.625607336453
0.000030000000   333.637433594867
0.000030666667   331.674110392937
0.000031333333   329.735343974258
0.000032000000   327.820844258361
0.000032666667   325.930324797290
0.000033333333   324.063502732724
0.000034000000   322.220098753636
0.000034666667   320.399837054481
0.000035333333   318.602445293912
0.000036000000   316.827654554012
0.000036666667   315.075199300041
0.000037333333   313.344817340685
0.000038000000   311.636249788812
0.000038666667   309.949241022714
0.000039333333   308.283538647848
0.000040000000   306.638893459052
0.000040666667   305.015059403241
0.000041333333   303.411793542577
0.000042000000   301.828856018101
0.000042666667   300.266010013829
0.000043333333   298.723021721304
0.000044000000   297.199660304595
0.000044666667   295.695697865746
0.000045333333   294.210909410659
0.000046000000   292.745072815413
0.000046666667   291.297968793018
0.000047333333   289.869380860589
0.000048000000   288.459095306936
0.000048666667   287.066901160580
0.000049333333   285.692590158167
0.000050000000   284.335956713295
0.000050666667   282.996797885739
0.000051333333   281.674913351075
0.000052000000   280.370105370690
0.000052666667   279.082178762182
0.000053333333   277.810940870147
0.000054000000   276.556201537337
0.000054666667   275.317773076194
0.000055333333   274.095470240759
0.000056000000   272.889110198938
0.000056666667   271.698512505137
0.000057333333   270.523499073249
0.000058000000   269.363894149995
0.000058666667   268.219524288619
0.000059333333   267.090218322921
0.000060000000   265.975807341638
0.000060666667   264.876124663154
0.000061333333   263.791005810557
0.000062000000   262.720288487012
0.000062666667   261.663812551469
0.000063333333   260.621419994692
0.000064000000   259.592954915604
0.000064666667   258.578263497952
0.000065333333   257.577193987283
0.000066000000   256.589596668224
0.000066666667   255.615323842073
0.000067333333   254.654229804692
0.000068000000   253.706170824692
0.000068666667   252.771005121922
0.000069333333   251.848592846242
0.000070000000   250.938796056591
0.000070666667   250.041478700337
0.000071333333   249.156506592913
0.000072000000   248.283747397727
0.000072666667   247.423070606359
0.000073333333   246.574347519018
0.000074000000   245.737451225280
0.000074666667   244.912256585091
0.000075333333   244.098640210033
0.000076000000   243.296480444857
0.000076666667   242.505657349266
0.000077333333   241.726052679969
0.000078000000   240.957549872974
0.000078666667   240.200034026145
0.000079333333   239.453391881997
0.000080000000   238.717511810746
0.000080666667   237.992283793599
0.000081333333   237.277599406281
0.000082000000   236.573351802811
0.000082666667   235.879435699503
0.000083333333   235.195747359207
0.000084000000   234.522184575783
0.000084666667   233.858646658800
0.000085333333   233.205034418462
0.000086000000   232.561250150761
0.000086666667   231.927197622855
0.000087333333   231.302782058656
0.000088000000   230.687910124650
0.000088666667   230.082489915921
0.000089333333   229.486430942393
0.000090000000   228.899644115291
0.000090666667   228.322041733797
0.000091333333   227.753537471927
0.000092000000   227.194046365607
0.000092666667   226.643484799954
0.000093333333   226.101770496763
0.000094000000   225.568822502185
0.000094666667   225.044561174615
0.000095333333   224.528908172764
0.000096000000   224.021786443940
0.000096666667   223.523120212504
0.000097333333   223.032834968536
0.000098000000   222.550857456677
0.000098666667   222.077115665163
0.000099333333   221.611538815046
0.000100000000   221.154057349603
0.000100666667   220.704602923916
0.000101333333   220.263108394649
0.000102000000   219.829507809992
0.000102666667   219.403736399793
0.000103333333   218.985730565856
0.000104000000   218.575427872429
0.000104666667   218.172767036852
0.000105333333   217.777687920386
0.000106000000   217.390131519209
0.000106666667   217.010039955585
0.000107333333   216.637356469201
0.000108000000   216.272025408669
0.000108666667   215.913992223194
0.000109333333   215.563203454413
0.000110000000   215.219606728387
0.000110666667   214.883150747765
0.000111333333   214.553785284105
0.000112000000   214.231461170353
0.000112666667   213.916130293484
0.000113333333   213.607745587302
0.000114000000   213.306261025391
0.000114666667   213.011631614228
0.000115333333   212.723813386447
0.000116000000   212.442763394257
0.000116666667   212.168439703013
0.000117333333   211.900801384941
0.000118000000   211.639808513008
0.000118666667   211.385422154947
0.000119333333   211.137604367429
0.000120000000   210.896318190385


0.000120000000   210.896318190385
0.000122500000   210.604260462680
0.000125000000   210.313690895162
0.000127500000   210.024599544732
0.000130000000   209.736976519285
0.000132500000   209.450811977362
0.000135000000   209.166096127817
0.000137500000   208.882819229471
0.000140000000   208.600971590782
0.000142500000   208.320543569507
0.000145000000   208.041525572371
0.000147500000   207.763908054734
0.000150000000   207.487681520263
0.000152500000   207.212836520604
0.000155000000   206.939363655055
0.000157500000   206.667253570241
0.000160000000   206.396496959793
0.000162500000   206.127084564026
0.000165000000   205.859007169617
0.000167500000   205.592255609292
0.000170000000   205.326820761504
0.000172500000   205.062693550122
0.000175000000   204.799864944116
0.000177500000   204.538325957244
0.000180000000   204.278067647746
0.000182500000   204.019081118032
0.000185000000   203.761357514375
0.000187500000   203.504888026607
0.000190000000   203.249663887812
0.000192500000   202.995676374027
0.000195000000   202.742916803940
0.000197500000   202.491376538587
0.000200000000   202.241046981060
0.000202500000   201.991919576204
0.000205000000   201.743985810325
0.000207500000   201.497237210896
0.000210000000   201.251665346266
0.000212500000   201.007261825363
0.000215000000   200.764018297414
0.000217500000   200.521926451648
0.000220000000   200.280978017014
0.000222500000   200.041164761893
0.000225000000   199.802478493817
0.000227500000   199.564911059185
0.000230000000   199.328454342979
0.000232500000   199.093100268488
0.000235000000   198.858840797026
0.000237500000   198.625667927658
0.000240000000   198.393573696921
0.000242500000   198.162550178550
0.000245000000   197.932589483206
0.000247500000   197.703683758201
0.000250000000   197.475825187230
0.000252500000   197.249005990100
0.000255000000   197.023218422460
0.000257500000   196.798454775538
0.000260000000   196.574707375871
0.000262500000   196.351968585040
0.000265000000   196.130230799412
0.000267500000   195.909486449871
0.000270000000   195.689728001561
0.000272500000   195.470947953624
0.000275000000   195.253138838943
0.000277500000   195.036293223883
0.000280000000   194.820403708036
0.000282500000   194.605462923964
0.000285000000   194.391463536944
0.000287500000   194.178398244721
0.000290000000   193.966259777249
0.000292500000   193.755040896442
0.000295000000   193.544734395927
0.000297500000   193.335333100795
0.000300000000   193.126829867351
0.000302500000   192.919217582868
0.000305000000   192.712489165344
0.000307500000   192.506637563257
0.000310000000   192.301655755320
0.000312500000   192.097536750241
0.000315000000   191.894273586480
0.000317500000   191.691859332011
0.000320000000   191.490287084082
0.000322500000   191.289549968976
0.000325000000   191.089641141775
0.000327500000   190.890553786123
0.000330000000   190.692281113994
0.000332500000   190.494816365454
0.000335000000   190.298152808429
0.000337500000   190.102283738474
0.000340000000   189.907202478543
0.000342500000   189.712902378754
0.000345000000   189.519376816166
0.000347500000   189.326619194543
0.000350000000   189.134622944136
0.000352500000   188.943381521448
0.000355000000   188.752888409012
0.000357500000   188.563137115169
0.000360000000   188.374121173837
0.000362500000   188.185834144297
0.000365000000   187.998269610963
0.000367500000   187.811421183166
0.000370000000   187.625282494930
0.000372500000   187.439847204757
0.000375000000   187.255108995404
0.000377500000   187.071061573668
0.000380000000   186.887698670167
0.000382500000   186.705014039126
0.000385000000   186.523001458161
0.000387500000   186.341654728063
0.000390000000   186.160967672587
0.000392500000   185.980934138237
0.000395000000   185.801547994054
0.000397500000   185.622803131407
0.000400000000   185.444693463778
0.000402500000   185.267212926558
0.000405000000   185.090355476833
0.000407500000   184.914115093178
0.000410000000   184.738485775450
0.000412500000   184.563461544579
0.000415000000   184.389036442364
0.000417500000   184.215204531267
0.000420000000   184.041959894209
0.000422500000   183.869296634364
0.000425000000   183.697208874958
0.000427500000   183.525690759066
0.000430000000   183.354736449410
0.000432500000   183.184340128157
0.000435000000   183.014495996719
0.000437500000   182.845198275555
0.000440000000   182.676441203968
0.000442500000   182.508219039913
0.000445000000   182.340526059789
0.000447500000   182.173356558253
0.000450000000   182.006704848015
0.000452500000   181.840565259647
0.000455000000   181.674932141386
0.000457500000   181.509799858937
0.000460000000   181.345162795283
0.000462500000   181.181015350490
0.000465000000   181.017351941511
0.000467500000   180.854167002000
0.000470000000   180.691454982112
0.000472500000   180.529210348321
0.000475000000   180.367427583221
0.000477500000   180.206101185341
0.000480000000   180.045225668956
0.000482500000   179.884795563892
0.000485000000   179.724805415345
0.000487500000   179.565249783688
0.000490000000   179.406123244287
0.000492500000   179.247420387312
0.000495000000   179.089135817551
0.000497500000   178.931264154223
0.000500000000   178.773800030796
0.000502500000   178.616738094800
0.000505000000   178.460073007641
0.000507500000   178.303799444422
0.000510000000   178.147912093755
0.000512500000   177.992405657578
0.000515000000   177.837274850976
0.000517500000   177.682514401998
0.000520000000   177.528119051472
0.000522500000   177.374083552828
0.000525000000   177.220402671916
0.000527500000   177.067071186825
0.000530000000   176.914083887703
0.000532500000   176.761435576579
0.000535000000   176.609121067184
0.000537500000   176.457135184770
0.000540000000   176.305472765935
0.000542500000   176.154128658441
0.000545000000   176.003097721043
0.000547500000   175.852374823305
0.000550000000   175.701954845427
0.000552500000   175.551832678071
0.000555000000   175.402003222178
0.000557500000   175.252461388799
0.000560000000   175.103202098918
0.000562500000   174.954220283276
0.000565000000   174.805510882195
0.000567500000   174.657068845409
0.000570000000   174.508889131884
0.000572500000   174.360966709651
0.000575000000   174.213296555625
0.000577500000   174.065873655438
0.000580000000   173.918693003265
0.000582500000   173.771749601651
0.000585000000   173.625038461338
0.000587500000   173.478554601095
0.000590000000   173.332293047546
0.000592500000   173.186248834998
0.000595000000   173.040417005271
0.000597500000   172.894792607527
0.000600000000   172.749370698100
0.000602500000   172.604146340324
0.000605000000   172.459114604364
0.000607500000   172.314270567049
0.000610000000   172.169609311698
0.000612500000   172.025125927954
0.000615000000   171.880815511612
0.000617500000   171.736673164456
0.000620000000   171.592693994081


