0.000000000000   1101.228816155741
0.000000133333   1100.784973980236
0.000000266667   1100.341210127663
0.000000400000   1099.897524548672
0.000000533333   1099.453917193920
0.000000666667   1099.010388014074
0.000000800000   1098.566936959809
0.000000933333   1098.123563981810
0.000001066667   1097.680269030769
0.000001200000   1097.237052057387
0.000001333333   1096.793913012375
0.000001466667   1096.350851846451
0.000001600000   1095.907868510343
0.000001733333   1095.464962954787
0.000001866667   1095.022135130528
0.000002000000   1094.579384988319
0.000002133333   1094.136712478922
0.000002266667   1093.694117553109
0.000002400000   1093.251600161657
0.000002533333   1092.809160255356
0.000002666667   1092.366797785002
0.000002800000   1091.924512701400
0.000002933333   1091.482304955364
0.000003066667   1091.040174497718
0.000003200000   1090.598121279291
0.000003333333   1090.156145250924
0.000003466667   1089.714246363465
0.000003600000   1089.272424567771
0.000003733333   1088.830679814707
0.000003866667   1088.389012055148
0.000004000000   1087.947421239976
0.000004133333   1087.505907320082
0.000004266667   1087.064470246367
0.000004400000   1086.623109969737
0.000004533333   1086.181826441112
0.000004666667   1085.740619611415
0.000004800000   1085.299489431581
0.000004933333   1084.858435852552
0.000005066667   1084.417458825279
0.000005200000   1083.976558300723
0.000005333333   1083.535734229851
0.000005466667   1083.094986563639
0.000005600000   1082.654315253073
0.000005733333   1082.213720249146
0.000005866667   1081.773201502861
0.000006000000   1081.332758965228
0.000006133333   1080.892392587266
0.000006266667   1080.452102320003
0.000006400000   1080.011888114475
0.000006533333   1079.571749921727
0.000006666667   1079.131687692811
0.000006800000   1078.691701378790
0.000006933333   1078.251790930732
0.000007066667   1077.811956299717
0.000007200000   1077.372197436831
0.000007333333   1076.932514293170
0.000007466667   1076.492906819836
0.000007600000   1076.053374967944
0.000007733333   1075.613918688612
0.000007866667   1075.174537932969
0.000008000000   1074.735232652154
0.000008133333   1074.296002797312
0.000008266667   1073.856848319597
0.000008400000   1073.417769170172
0.000008533333   1072.978765300208
0.000008666667   1072.539836660883
0.000008800000   1072.100983203387
0.000008933333   1071.662204878915
0.000009066667   1071.223501638670
0.000009200000   1070.784873433867
0.000009333333   1070.346320215727
0.000009466667   1069.907841935479
0.000009600000   1069.469438544360
0.000009733333   1069.031109993618
0.000009866667   1068.592856234506
0.000010000000   1068.154677218288
0.000010133333   1067.716572896235
0.000010266667   1067.278543219626
0.000010400000   1066.840588139749
0.000010533333   1066.402707607901
0.000010666667   1065.964901575386
0.000010800000   1065.527169993516
0.000010933333   1065.089512813613
0.000011066667   1064.651929987006
0.000011200000   1064.214421465032
0.000011333333   1063.776987199039
0.000011466667   1063.339627140379
0.000011600000   1062.902341240414
0.000011733333   1062.465129450517
0.000011866667   1062.027991722066
0.000012000000   1061.590928006447
0.000012133333   1061.153938255057
0.000012266667   1060.717022419299
0.000012400000   1060.280180450586
0.000012533333   1059.843412300336
0.000012666667   1059.406717919980
0.000012800000   1058.970097260952
0.000012933333   1058.533550274698
0.000013066667   1058.097076912671
0.000013200000   1057.660677126332
0.000013333333   1057.224350867151
0.000013466667   1056.788098086605
0.000013600000   1056.351918736179
0.000013733333   1055.915812767368
0.000013866667   1055.479780131675
0.000014000000   1055.043820780608
0.000014133333   1054.607934665687
0.000014266667   1054.172121738439
0.000014400000   1053.736381950398
0.000014533333   1053.300715253107
0.000014666667   1052.865121598117
0.000014800000   1052.429600936987
0.000014933333   1051.994153221284
0.000015066667   1051.558778402585
0.000015200000   1051.123476432472
0.000015333333   1050.688247262538
0.000015466667   1050.253090844381
0.000015600000   1049.818007129610
0.000015733333   1049.382996069840
0.000015866667   1048.948057616697
0.000016000000   1048.513191721813
0.000016133333   1048.078398336826
0.000016266667   1047.643677413387
0.000016400000   1047.209028903150
0.000016533333   1046.774452757780
0.000016666667   1046.339948928951
0.000016800000   1045.905517368342
0.000016933333   1045.471158027642
0.000017066667   1045.036870858548
0.000017200000   1044.602655812765
0.000017333333   1044.168512842004
0.000017466667   1043.734441897988
0.000017600000   1043.300442932445
0.000017733333   1042.866515897111
0.000017866667   1042.432660743732
0.000018000000   1041.998877424060
0.000018133333   1041.565165889856
0.000018266667   1041.131526092889
0.000018400000   1040.697957984936
0.000018533333   1040.264461517781
0.000018666667   1039.831036643217
0.000018800000   1039.397683313045
0.000018933333   1038.964401479074
0.000019066667   1038.531191093121
0.000019200000   1038.098052107010
0.000019333333   1037.664984472573
0.000019466667   1037.231988141651
0.000019600000   1036.799063066092
0.000019733333   1036.366209197753
0.000019866667   1035.933426488499
0.000020000000   1035.500714890201


0.000020000000   867.009014133365
0.000020666667   862.498782254005
0.000021333333   858.029741783884
0.000022000000   853.601548329657
0.000022666667   849.213860647102
0.000023333333   844.866340614813
0.000024000000   840.558653208125
0.000024666667   836.290466473296
0.000025333333   832.061451501906
0.000026000000   827.871282405506
0.000026666667   823.719636290491
0.000027333333   819.606193233208
0.000028000000   815.530636255289
0.000028666667   811.492651299218
0.000029333333   807.491927204113
0.000030000000   803.528155681745
0.000030666667   799.601031292763
0.000031333333   795.710251423150
0.000032000000   791.855516260893
0.000032666667   788.036528772869
0.000033333333   784.252994681943
0.000034000000   780.504622444284
0.000034666667   776.791123226888
0.000035333333   773.112210885308
0.000036000000   769.467601941597
0.000036666667   765.857015562449
0.000037333333   762.280173537555
0.000038000000   758.736800258147
0.000038666667   755.226622695754
0.000039333333   751.749370381153
0.000040000000   748.304775383516
0.000040666667   744.892572289754
0.000041333333   741.512498184057
0.000042000000   738.164292627621
0.000042666667   734.847697638571
0.000043333333   731.562457672074
0.000044000000   728.308319600636
0.000044666667   725.085032694585
0.000045333333   721.892348602744
0.000046000000   718.730021333286
0.000046666667   715.597807234764
0.000047333333   712.495464977330
0.000048000000   709.422755534130
0.000048666667   706.379442162874
0.000049333333   703.365290387587
0.000050000000   700.380067980530
0.000050666667   697.423544944297
0.000051333333   694.495493494083
0.000052000000   691.595688040125
0.000052666667   688.723905170308
0.000053333333   685.879923632939
0.000054000000   683.063524319696
0.000054666667   680.274490248728
0.000055333333   677.512606547934
0.000056000000   674.777660438391
0.000056666667   672.069441217955
0.000057333333   669.387740245013
0.000058000000   666.732350922401
0.000058666667   664.103068681472
0.000059333333   661.499690966331
0.000060000000   658.922017218212
0.000060666667   656.369848860020
0.000061333333   653.842989281024
0.000062000000   651.341243821691
0.000062666667   648.864419758686
0.000063333333   646.412326290014
0.000064000000   643.984774520303
0.000064666667   641.581577446249
0.000065333333   639.202549942196
0.000066000000   636.847508745861
0.000066666667   634.516272444209
0.000067333333   632.208661459465
0.000068000000   629.924498035272
0.000068666667   627.663606222981
0.000069333333   625.425811868094
0.000070000000   623.210942596829
0.000070666667   621.018827802840
0.000071333333   618.849298634055
0.000072000000   616.702187979665
0.000072666667   614.577330457237
0.000073333333   612.474562399965
0.000074000000   610.393721844051
0.000074666667   608.334648516220
0.000075333333   606.297183821363
0.000076000000   604.281170830308
0.000076666667   602.286454267726
0.000077333333   600.312880500155
0.000078000000   598.360297524159
0.000078666667   596.428554954606
0.000079333333   594.517504013079
0.000080000000   592.626997516399
0.000080666667   590.756889865286
0.000081333333   588.907037033127
0.000082000000   587.077296554873
0.000082666667   585.267527516061
0.000083333333   583.477590541945
0.000084000000   581.707347786751
0.000084666667   579.956662923053
0.000085333333   578.225401131258
0.000086000000   576.513429089218
0.000086666667   574.820614961946
0.000087333333   573.146828391453
0.000088000000   571.491940486704
0.000088666667   569.855823813670
0.000089333333   568.238352385515
0.000090000000   566.639401652874
0.000090666667   565.058848494255
0.000091333333   563.496571206549
0.000092000000   561.952449495641
0.000092666667   560.426364467142
0.000093333333   558.918198617217
0.000094000000   557.427835823532
0.000094666667   555.955161336296
0.000095333333   554.500061769420
0.000096000000   553.062425091768
0.000096666667   551.642140618527
0.000097333333   550.239099002669
0.000098000000   548.853192226525
0.000098666667   547.484313593452
0.000099333333   546.132357719610
0.000100000000   544.797220525841
0.000100666667   543.478799229636
0.000101333333   542.176992337220
0.000102000000   540.891699635722
0.000102666667   539.622822185450
0.000103333333   538.370262312264
0.000104000000   537.133923600045
0.000104666667   535.913710883263
0.000105333333   534.709530239638
0.000106000000   533.521288982900
0.000106666667   532.348895655644
0.000107333333   531.192260022278
0.000108000000   530.051293062067
0.000108666667   528.925906962270
0.000109333333   527.816015111367
0.000110000000   526.721532092386
0.000110666667   525.642373676316
0.000111333333   524.578456815613
0.000112000000   523.529699637797
0.000112666667   522.496021439139
0.000113333333   521.477342678443
0.000114000000   520.473584970909
0.000114666667   519.484671082093
0.000115333333   518.510524921952
0.000116000000   517.551071538977
0.000116666667   516.606237114413
0.000117333333   515.675948956572
0.000118000000   514.760135495226
0.000118666667   513.858726276089
0.000119333333   512.971651955387
0.000120000000   512.098844294509


0.000120000000   512.098844294509
0.000122500000   511.219053892496
0.000125000000   510.341555381311
0.000127500000   509.466337808864
0.000130000000   508.593390251746
0.000132500000   507.722701815100
0.000135000000   506.854261632475
0.000137500000   505.988058865695
0.000140000000   505.124082704723
0.000142500000   504.262322367520
0.000145000000   503.402767099913
0.000147500000   502.545406175459
0.000150000000   501.690228895308
0.000152500000   500.837224588072
0.000155000000   499.986382609687
0.000157500000   499.137692343280
0.000160000000   498.291143199038
0.000162500000   497.446724614069
0.000165000000   496.604426052276
0.000167500000   495.764237004217
0.000170000000   494.926146986979
0.000172500000   494.090145544044
0.000175000000   493.256222245154
0.000177500000   492.424366686184
0.000180000000   491.594568489010
0.000182500000   490.766817301378
0.000185000000   489.941102796772
0.000187500000   489.117414674287
0.000190000000   488.295742658496
0.000192500000   487.476076499325
0.000195000000   486.658405971921
0.000197500000   485.842720876521
0.000200000000   485.029011038329
0.000202500000   484.217266307385
0.000205000000   483.407476558437
0.000207500000   482.599631690815
0.000210000000   481.793721628302
0.000212500000   480.989736319008
0.000215000000   480.187665735244
0.000217500000   479.387499873397
0.000220000000   478.589228753799
0.000222500000   477.792842420609
0.000225000000   476.998330941680
0.000227500000   476.205684408441
0.000230000000   475.414892935766
0.000232500000   474.625946661854
0.000235000000   473.838835748104
0.000237500000   473.053550378989
0.000240000000   472.270080761936
0.000242500000   471.488417127200
0.000245000000   470.708549727742
0.000247500000   469.930468839105
0.000250000000   469.154164759297
0.000252500000   468.379627808660
0.000255000000   467.606848329756
0.000257500000   466.835816687242
0.000260000000   466.066523267750
0.000262500000   465.298958479763
0.000265000000   464.533112753501
0.000267500000   463.768976540793
0.000270000000   463.006540314960
0.000272500000   462.245794570698
0.000275000000   461.486729823953
0.000277500000   460.729336611807
0.000280000000   459.973605492355
0.000282500000   459.219527044588
0.000285000000   458.467091868274
0.000287500000   457.716290583840
0.000290000000   456.967113832255
0.000292500000   456.219552274908
0.000295000000   455.473596593499
0.000297500000   454.729237489911
0.000300000000   453.986465686103
0.000302500000   453.245271923986
0.000305000000   452.505646965311
0.000307500000   451.767581591551
0.000310000000   451.031066603785
0.000312500000   450.296092822582
0.000315000000   449.562651087888
0.000317500000   448.830732258908
0.000320000000   448.100327213992
0.000322500000   447.371426850519
0.000325000000   446.644022084787
0.000327500000   445.918103851892
0.000330000000   445.193663105621
0.000332500000   444.470690818333
0.000335000000   443.749177980848
0.000337500000   443.029115602332
0.000340000000   442.310494710185
0.000342500000   441.593306349931
0.000345000000   440.877541585099
0.000347500000   440.163191497117
0.000350000000   439.450247185195
0.000352500000   438.738699766217
0.000355000000   438.028540374625
0.000357500000   437.319760162313
0.000360000000   436.612350298511
0.000362500000   435.906301969677
0.000365000000   435.201606379383
0.000367500000   434.498254748209
0.000370000000   433.796238313628
0.000372500000   433.095548329898
0.000375000000   432.396176067953
0.000377500000   431.698112815291
0.000380000000   431.001349875868
0.000382500000   430.305878569982
0.000385000000   429.611690234172
0.000387500000   428.918776221105
0.000390000000   428.227127899466
0.000392500000   427.536736653852
0.000395000000   426.847593884663
0.000397500000   426.159691007994
0.000400000000   425.473019455525
0.000402500000   424.787570674419
0.000405000000   424.103336127206
0.000407500000   423.420307291685
0.000410000000   422.738475660808
0.000412500000   422.057832742581
0.000415000000   421.378370059951
0.000417500000   420.700079150703
0.000420000000   420.022951567354
0.000422500000   419.346978877044
0.000425000000   418.672152661432
0.000427500000   417.998464516590
0.000430000000   417.325906052897
0.000432500000   416.654468894934
0.000435000000   415.984144681378
0.000437500000   415.314925064899
0.000440000000   414.646801712052
0.000442500000   413.979766303173
0.000445000000   413.313810532280
0.000447500000   412.648926106958
0.000450000000   411.985104748264
0.000452500000   411.322338190620
0.000455000000   410.660618181708
0.000457500000   409.999936482366
0.000460000000   409.340284866489
0.000462500000   408.681655120919
0.000465000000   408.024039045348
0.000467500000   407.367428452209
0.000470000000   406.711815166578
0.000472500000   406.057191026071
0.000475000000   405.403547880738
0.000477500000   404.750877592962
0.000480000000   404.099172037360
0.000482500000   403.448423100676
0.000485000000   402.798622681682
0.000487500000   402.149762691077
0.000490000000   401.501835051382
0.000492500000   400.854831696842
0.000495000000   400.208744573322
0.000497500000   399.563565638209
0.000500000000   398.919286860306
0.000502500000   398.275900219738
0.000505000000   397.633397707844
0.000507500000   396.991771327083
0.000510000000   396.351013090926
0.000512500000   395.711115023765
0.000515000000   395.072069160804
0.000517500000   394.433867547965
0.000520000000   393.796502241786
0.000522500000   393.159965309319
0.000525000000   392.524248828036
0.000527500000   391.889344885722
0.000530000000   391.255245580384
0.000532500000   390.621943020144
0.000535000000   389.989429323145
0.000537500000   389.357696617450
0.000540000000   388.726737040943
0.000542500000   388.096542741232
0.000545000000   387.467105875547
0.000547500000   386.838418610646
0.000550000000   386.210473122713
0.000552500000   385.583261597261
0.000555000000   384.956776229035
0.000557500000   384.331009221911
0.000560000000   383.705952788801
0.000562500000   383.081599151555
0.000565000000   382.457940540862
0.000567500000   381.834969196152
0.000570000000   381.212677365500
0.000572500000   380.591057305530
0.000575000000   379.970101281313
0.000577500000   379.349801566276
0.000580000000   378.730150442099
0.000582500000   378.111140198622
0.000585000000   377.492763133747
0.000587500000   376.875011553344
0.000590000000   376.257877771146
0.000592500000   375.641354108665
0.000595000000   375.025432895084
0.000597500000   374.410106467167
0.000600000000   373.795367169163
0.000602500000   373.181207352707
0.000605000000   372.567619376724
0.000607500000   371.954595607336
0.000610000000   371.342128417765
0.000612500000   370.730210188235
0.000615000000   370.118833305880
0.000617500000   369.507990164644
0.000620000000   368.897673165190


