0.000000000000   36.772549969796
0.000000133333   36.773390609491
0.000000266667   36.774231070047
0.000000400000   36.775071351576
0.000000533333   36.775911454191
0.000000666667   36.776751378004
0.000000800000   36.777591123129
0.000000933333   36.778430689679
0.000001066667   36.779270077766
0.000001200000   36.780109287503
0.000001333333   36.780948319002
0.000001466667   36.781787172377
0.000001600000   36.782625847740
0.000001733333   36.783464345204
0.000001866667   36.784302664881
0.000002000000   36.785140806884
0.000002133333   36.785978771326
0.000002266667   36.786816558319
0.000002400000   36.787654167976
0.000002533333   36.788491600409
0.000002666667   36.789328855732
0.000002800000   36.790165934056
0.000002933333   36.791002835494
0.000003066667   36.791839560158
0.000003200000   36.792676108161
0.000003333333   36.793512479616
0.000003466667   36.794348674635
0.000003600000   36.795184693329
0.000003733333   36.796020535813
0.000003866667   36.796856202197
0.000004000000   36.797691692594
0.000004133333   36.798527007118
0.000004266667   36.799362145879
0.000004400000   36.800197108990
0.000004533333   36.801031896563
0.000004666667   36.801866508712
0.000004800000   36.802700945547
0.000004933333   36.803535207181
0.000005066667   36.804369293726
0.000005200000   36.805203205295
0.000005333333   36.806036942000
0.000005466667   36.806870503952
0.000005600000   36.807703891264
0.000005733333   36.808537104048
0.000005866667   36.809370142416
0.000006000000   36.810203006480
0.000006133333   36.811035696352
0.000006266667   36.811868212144
0.000006400000   36.812700553968
0.000006533333   36.813532721936
0.000006666667   36.814364716160
0.000006800000   36.815196536752
0.000006933333   36.816028183824
0.000007066667   36.816859657488
0.000007200000   36.817690957855
0.000007333333   36.818522085038
0.000007466667   36.819353039148
0.000007600000   36.820183820297
0.000007733333   36.821014428598
0.000007866667   36.821844864160
0.000008000000   36.822675127098
0.000008133333   36.823505217521
0.000008266667   36.824335135542
0.000008400000   36.825164881273
0.000008533333   36.825994454825
0.000008666667   36.826823856310
0.000008800000   36.827653085839
0.000008933333   36.828482143525
0.000009066667   36.829311029478
0.000009200000   36.830139743811
0.000009333333   36.830968286635
0.000009466667   36.831796658061
0.000009600000   36.832624858201
0.000009733333   36.833452887167
0.000009866667   36.834280745070
0.000010000000   36.835108432021
0.000010133333   36.835935948133
0.000010266667   36.836763293515
0.000010400000   36.837590468281
0.000010533333   36.838417472540
0.000010666667   36.839244306405
0.000010800000   36.840070969987
0.000010933333   36.840897463397
0.000011066667   36.841723786747
0.000011200000   36.842549940148
0.000011333333   36.843375923711
0.000011466667   36.844201737547
0.000011600000   36.845027381768
0.000011733333   36.845852856485
0.000011866667   36.846678161809
0.000012000000   36.847503297851
0.000012133333   36.848328264723
0.000012266667   36.849153062535
0.000012400000   36.849977691398
0.000012533333   36.850802151425
0.000012666667   36.851626442726
0.000012800000   36.852450565412
0.000012933333   36.853274519593
0.000013066667   36.854098305382
0.000013200000   36.854921922889
0.000013333333   36.855745372225
0.000013466667   36.856568653501
0.000013600000   36.857391766828
0.000013733333   36.858214712317
0.000013866667   36.859037490079
0.000014000000   36.859860100225
0.000014133333   36.860682542865
0.000014266667   36.861504818111
0.000014400000   36.862326926074
0.000014533333   36.863148866864
0.000014666667   36.863970640592
0.000014800000   36.864792247369
0.000014933333   36.865613687305
0.000015066667   36.866434960512
0.000015200000   36.867256067101
0.000015333333   36.868077007181
0.000015466667   36.868897780863
0.000015600000   36.869718388259
0.000015733333   36.870538829479
0.000015866667   36.871359104634
0.000016000000   36.872179213833
0.000016133333   36.872999157189
0.000016266667   36.873818934810
0.000016400000   36.874638546809
0.000016533333   36.875457993295
0.000016666667   36.876277274379
0.000016800000   36.877096390172
0.000016933333   36.877915340783
0.000017066667   36.878734126325
0.000017200000   36.879552746906
0.000017333333   36.880371202637
0.000017466667   36.881189493630
0.000017600000   36.882007619993
0.000017733333   36.882825581839
0.000017866667   36.883643379276
0.000018000000   36.884461012415
0.000018133333   36.885278481368
0.000018266667   36.886095786243
0.000018400000   36.886912927152
0.000018533333   36.887729904204
0.000018666667   36.888546717510
0.000018800000   36.889363367180
0.000018933333   36.890179853324
0.000019066667   36.890996176053
0.000019200000   36.891812335476
0.000019333333   36.892628331705
0.000019466667   36.893444164848
0.000019600000   36.894259835017
0.000019733333   36.895075342320
0.000019866667   36.895890686870
0.000020000000   36.896705868774


0.000020000000   36.896705868774
0.000020666667   36.898870629070
0.000021333333   36.901011362305
0.000022000000   36.903128269364
0.000022666667   36.905221549296
0.000023333333   36.907291399329
0.000024000000   36.909338014882
0.000024666667   36.911361589585
0.000025333333   36.913362315292
0.000026000000   36.915340382095
0.000026666667   36.917295978337
0.000027333333   36.919229290631
0.000028000000   36.921140503872
0.000028666667   36.923029801251
0.000029333333   36.924897364268
0.000030000000   36.926743372748
0.000030666667   36.928568004855
0.000031333333   36.930371437105
0.000032000000   36.932153844380
0.000032666667   36.933915399938
0.000033333333   36.935656275433
0.000034000000   36.937376640923
0.000034666667   36.939076664886
0.000035333333   36.940756514229
0.000036000000   36.942416354307
0.000036666667   36.944056348930
0.000037333333   36.945676660380
0.000038000000   36.947277449419
0.000038666667   36.948858875305
0.000039333333   36.950421095805
0.000040000000   36.951964267203
0.000040666667   36.953488544315
0.000041333333   36.954994080501
0.000042000000   36.956481027675
0.000042666667   36.957949536319
0.000043333333   36.959399755493
0.000044000000   36.960831832847
0.000044666667   36.962245914632
0.000045333333   36.963642145712
0.000046000000   36.965020669575
0.000046666667   36.966381628343
0.000047333333   36.967725162784
0.000048000000   36.969051412325
0.000048666667   36.970360515056
0.000049333333   36.971652607749
0.000050000000   36.972927825863
0.000050666667   36.974186303556
0.000051333333   36.975428173695
0.000052000000   36.976653567867
0.000052666667   36.977862616389
0.000053333333   36.979055448319
0.000054000000   36.980232191462
0.000054666667   36.981392972385
0.000055333333   36.982537916423
0.000056000000   36.983667147690
0.000056666667   36.984780789090
0.000057333333   36.985878962324
0.000058000000   36.986961787901
0.000058666667   36.988029385146
0.000059333333   36.989081872211
0.000060000000   36.990119366081
0.000060666667   36.991141982588
0.000061333333   36.992149836415
0.000062000000   36.993143041107
0.000062666667   36.994121709081
0.000063333333   36.995085951632
0.000064000000   36.996035878943
0.000064666667   36.996971600094
0.000065333333   36.997893223068
0.000066000000   36.998800854764
0.000066666667   36.999694601000
0.000067333333   37.000574566524
0.000068000000   37.001440855022
0.000068666667   37.002293569125
0.000069333333   37.003132810419
0.000070000000   37.003958679448
0.000070666667   37.004771275729
0.000071333333   37.005570697754
0.000072000000   37.006357042997
0.000072666667   37.007130407929
0.000073333333   37.007890888015
0.000074000000   37.008638577729
0.000074666667   37.009373570561
0.000075333333   37.010095959018
0.000076000000   37.010805834637
0.000076666667   37.011503287992
0.000077333333   37.012188408696
0.000078000000   37.012861285415
0.000078666667   37.013522005868
0.000079333333   37.014170656838
0.000080000000   37.014807324177
0.000080666667   37.015432092814
0.000081333333   37.016045046760
0.000082000000   37.016646269115
0.000082666667   37.017235842074
0.000083333333   37.017813846937
0.000084000000   37.018380364108
0.000084666667   37.018935473107
0.000085333333   37.019479252576
0.000086000000   37.020011780281
0.000086666667   37.020533133122
0.000087333333   37.021043387138
0.000088000000   37.021542617510
0.000088666667   37.022030898571
0.000089333333   37.022508303811
0.000090000000   37.022974905878
0.000090666667   37.023430776589
0.000091333333   37.023875986936
0.000092000000   37.024310607085
0.000092666667   37.024734706388
0.000093333333   37.025148353385
0.000094000000   37.025551615811
0.000094666667   37.025944560599
0.000095333333   37.026327253889
0.000096000000   37.026699761028
0.000096666667   37.027062146579
0.000097333333   37.027414474324
0.000098000000   37.027756807270
0.000098666667   37.028089207654
0.000099333333   37.028411736947
0.000100000000   37.028724455858
0.000100666667   37.029027424339
0.000101333333   37.029320701594
0.000102000000   37.029604346076
0.000102666667   37.029878415498
0.000103333333   37.030142966832
0.000104000000   37.030398056319
0.000104666667   37.030643739469
0.000105333333   37.030880071067
0.000106000000   37.031107105177
0.000106666667   37.031324895146
0.000107333333   37.031533493610
0.000108000000   37.031732952494
0.000108666667   37.031923323020
0.000109333333   37.032104655708
0.000110000000   37.032277000382
0.000110666667   37.032440406174
0.000111333333   37.032594921524
0.000112000000   37.032740594191
0.000112666667   37.032877471247
0.000113333333   37.033005599091
0.000114000000   37.033125023444
0.000114666667   37.033235789356
0.000115333333   37.033337941213
0.000116000000   37.033431522732
0.000116666667   37.033516576973
0.000117333333   37.033593146337
0.000118000000   37.033661272571
0.000118666667   37.033720996772
0.000119333333   37.033772359387
0.000120000000   37.033815400220


0.000120000000   37.033815400220
0.000122500000   37.033959011535
0.000125000000   37.034098124464
0.000127500000   37.034232764304
0.000130000000   37.034362956234
0.000132500000   37.034488725313
0.000135000000   37.034610096486
0.000137500000   37.034727094580
0.000140000000   37.034839744307
0.000142500000   37.034948070264
0.000145000000   37.035052096934
0.000147500000   37.035151848686
0.000150000000   37.035247349775
0.000152500000   37.035338624343
0.000155000000   37.035425696422
0.000157500000   37.035508589932
0.000160000000   37.035587328680
0.000162500000   37.035661936365
0.000165000000   37.035732436576
0.000167500000   37.035798852792
0.000170000000   37.035861208385
0.000172500000   37.035919526618
0.000175000000   37.035973830645
0.000177500000   37.036024143517
0.000180000000   37.036070488176
0.000182500000   37.036112887459
0.000185000000   37.036151364098
0.000187500000   37.036185940721
0.000190000000   37.036216639851
0.000192500000   37.036243483908
0.000195000000   37.036266495210
0.000197500000   37.036285695972
0.000200000000   37.036301108308
0.000202500000   37.036312754229
0.000205000000   37.036320655648
0.000207500000   37.036324834375
0.000210000000   37.036325312124
0.000212500000   37.036322110506
0.000215000000   37.036315251038
0.000217500000   37.036304755136
0.000220000000   37.036290644119
0.000222500000   37.036272939210
0.000225000000   37.036251661535
0.000227500000   37.036226832127
0.000230000000   37.036198471919
0.000232500000   37.036166601753
0.000235000000   37.036131242376
0.000237500000   37.036092414441
0.000240000000   37.036050138508
0.000242500000   37.036004435045
0.000245000000   37.035955324428
0.000247500000   37.035902826939
0.000250000000   37.035846962774
0.000252500000   37.035787752034
0.000255000000   37.035725214731
0.000257500000   37.035659370790
0.000260000000   37.035590240044
0.000262500000   37.035517842240
0.000265000000   37.035442197035
0.000267500000   37.035363323999
0.000270000000   37.035281242618
0.000272500000   37.035195972287
0.000275000000   37.035107532319
0.000277500000   37.035015941939
0.000280000000   37.034921220289
0.000282500000   37.034823386424
0.000285000000   37.034722459319
0.000287500000   37.034618457863
0.000290000000   37.034511400861
0.000292500000   37.034401307038
0.000295000000   37.034288195037
0.000297500000   37.034172083417
0.000300000000   37.034052990659
0.000302500000   37.033930935162
0.000305000000   37.033805935245
0.000307500000   37.033678009147
0.000310000000   37.033547175030
0.000312500000   37.033413450975
0.000315000000   37.033276854987
0.000317500000   37.033137404992
0.000320000000   37.032995118840
0.000322500000   37.032850014302
0.000325000000   37.032702109075
0.000327500000   37.032551420781
0.000330000000   37.032397966964
0.000332500000   37.032241765095
0.000335000000   37.032082832570
0.000337500000   37.031921186712
0.000340000000   37.031756844770
0.000342500000   37.031589823920
0.000345000000   37.031420141265
0.000347500000   37.031247813837
0.000350000000   37.031072858596
0.000352500000   37.030895292432
0.000355000000   37.030715132161
0.000357500000   37.030532394533
0.000360000000   37.030347096225
0.000362500000   37.030159253846
0.000365000000   37.029968883936
0.000367500000   37.029776002968
0.000370000000   37.029580627344
0.000372500000   37.029382773401
0.000375000000   37.029182457407
0.000377500000   37.028979695566
0.000380000000   37.028774504013
0.000382500000   37.028566898818
0.000385000000   37.028356895988
0.000387500000   37.028144511461
0.000390000000   37.027929761113
0.000392500000   37.027712660757
0.000395000000   37.027493226140
0.000397500000   37.027271472946
0.000400000000   37.027047416800
0.000402500000   37.026821073259
0.000405000000   37.026592457822
0.000407500000   37.026361585926
0.000410000000   37.026128472946
0.000412500000   37.025893134196
0.000415000000   37.025655584932
0.000417500000   37.025415840349
0.000420000000   37.025173915581
0.000422500000   37.024929825706
0.000425000000   37.024683585742
0.000427500000   37.024435210649
0.000430000000   37.024184715329
0.000432500000   37.023932114627
0.000435000000   37.023677423331
0.000437500000   37.023420656174
0.000440000000   37.023161827831
0.000442500000   37.022900952923
0.000445000000   37.022638046014
0.000447500000   37.022373121614
0.000450000000   37.022106194180
0.000452500000   37.021837278112
0.000455000000   37.021566387760
0.000457500000   37.021293537419
0.000460000000   37.021018741330
0.000462500000   37.020742013684
0.000465000000   37.020463368618
0.000467500000   37.020182820220
0.000470000000   37.019900382523
0.000472500000   37.019616069513
0.000475000000   37.019329895124
0.000477500000   37.019041873240
0.000480000000   37.018752017694
0.000482500000   37.018460342274
0.000485000000   37.018166860714
0.000487500000   37.017871586703
0.000490000000   37.017574533881
0.000492500000   37.017275715842
0.000495000000   37.016975146129
0.000497500000   37.016672838241
0.000500000000   37.016368805630
0.000502500000   37.016063061702
0.000505000000   37.015755619817
0.000507500000   37.015446493290
0.000510000000   37.015135695392
0.000512500000   37.014823239346
0.000515000000   37.014509138334
0.000517500000   37.014193405494
0.000520000000   37.013876053921
0.000522500000   37.013557096664
0.000525000000   37.013236546733
0.000527500000   37.012914417093
0.000530000000   37.012590720668
0.000532500000   37.012265470343
0.000535000000   37.011938678957
0.000537500000   37.011610359312
0.000540000000   37.011280524169
0.000542500000   37.010949186248
0.000545000000   37.010616358229
0.000547500000   37.010282052755
0.000550000000   37.009946282428
0.000552500000   37.009609059812
0.000555000000   37.009270397434
0.000557500000   37.008930307781
0.000560000000   37.008588803304
0.000562500000   37.008245896417
0.000565000000   37.007901599497
0.000567500000   37.007555924885
0.000570000000   37.007208884885
0.000572500000   37.006860491768
0.000575000000   37.006510757767
0.000577500000   37.006159695080
0.000580000000   37.005807315873
0.000582500000   37.005453632276
0.000585000000   37.005098656387
0.000587500000   37.004742400267
0.000590000000   37.004384875948
0.000592500000   37.004026095426
0.000595000000   37.003666070668
0.000597500000   37.003304813606
0.000600000000   37.002942336142
0.000602500000   37.002578650147
0.000605000000   37.002213767459
0.000607500000   37.001847699888
0.000610000000   37.001480459213
0.000612500000   37.001112057181
0.000615000000   37.000742505513
0.000617500000   37.000371815899
0.000620000000   37.000000000000


