0.000000000000   2760791.641421155073
0.000000133333   2759130.505255103577
0.000000266667   2757469.676402077544
0.000000400000   2755809.154677093495
0.000000533333   2754148.939895213116
0.000000666667   2752489.031871526502
0.000000800000   2750829.430421156343
0.000000933333   2749170.135359266307
0.000001066667   2747511.146501046140
0.000001200000   2745852.463661723770
0.000001333333   2744194.086656560190
0.000001466667   2742536.015300851315
0.000001600000   2740878.249409925658
0.000001733333   2739220.788799150381
0.000001866667   2737563.633283919189
0.000002000000   2735906.782679666765
0.000002133333   2734250.236801858060
0.000002266667   2732593.995465989225
0.000002400000   2730938.058487595059
0.000002533333   2729282.425682242494
0.000002666667   2727627.096865529660
0.000002800000   2725972.071853093803
0.000002933333   2724317.350460599642
0.000003066667   2722662.932503751013
0.000003200000   2721008.817798282485
0.000003333333   2719355.006159961689
0.000003466667   2717701.497404592577
0.000003600000   2716048.291348012164
0.000003733333   2714395.387806090526
0.000003866667   2712742.786594731268
0.000004000000   2711090.487529873382
0.000004133333   2709438.490427486598
0.000004266667   2707786.795103574172
0.000004400000   2706135.401374175213
0.000004533333   2704484.309055360500
0.000004666667   2702833.517963234335
0.000004800000   2701183.027913936414
0.000004933333   2699532.838723638561
0.000005066667   2697882.950208546128
0.000005200000   2696233.362184897065
0.000005333333   2694584.074468965642
0.000005466667   2692935.086877056397
0.000005600000   2691286.399225507863
0.000005733333   2689638.011330693495
0.000005866667   2687989.923009018414
0.000006000000   2686342.134076924063
0.000006133333   2684694.644350884017
0.000006266667   2683047.453647402115
0.000006400000   2681400.561783014331
0.000006533333   2679753.968574293423
0.000006666667   2678107.673837844748
0.000006800000   2676461.677390307188
0.000006933333   2674815.979048348032
0.000007066667   2673170.578628676943
0.000007200000   2671525.475948030129
0.000007333333   2669880.670823175926
0.000007466667   2668236.163070919458
0.000007600000   2666591.952508098911
0.000007733333   2664948.038951584138
0.000007866667   2663304.422218278050
0.000008000000   2661661.102125115693
0.000008133333   2660018.078489067033
0.000008266667   2658375.351127135567
0.000008400000   2656732.919856354594
0.000008533333   2655090.784493793733
0.000008666667   2653448.944856553338
0.000008800000   2651807.400761765894
0.000008933333   2650166.152026599273
0.000009066667   2648525.198468252085
0.000009200000   2646884.539903952740
0.000009333333   2645244.176150967833
0.000009466667   2643604.107026593294
0.000009600000   2641964.332348160446
0.000009733333   2640324.851933036931
0.000009866667   2638685.665598614141
0.000010000000   2637046.773162318394
0.000010133333   2635408.174441613723
0.000010266667   2633769.869253992103
0.000010400000   2632131.857416981366
0.000010533333   2630494.138748140540
0.000010666667   2628856.713065059390
0.000010800000   2627219.580185364000
0.000010933333   2625582.739926707931
0.000011066667   2623946.192106785718
0.000011200000   2622309.936543317977
0.000011333333   2620673.973054056522
0.000011466667   2619038.301456789952
0.000011600000   2617402.921569338068
0.000011733333   2615767.833209551871
0.000011866667   2614133.036195311695
0.000012000000   2612498.530344538391
0.000012133333   2610864.315475177951
0.000012266667   2609230.391405208968
0.000012400000   2607596.757952648681
0.000012533333   2605963.414935539477
0.000012666667   2604330.362171958201
0.000012800000   2602697.599480018020
0.000012933333   2601065.126677857712
0.000013066667   2599432.943583654240
0.000013200000   2597801.050015615299
0.000013333333   2596169.445791977923
0.000013466667   2594538.130731015000
0.000013600000   2592907.104651026893
0.000013733333   2591276.367370349821
0.000013866667   2589645.918707353529
0.000014000000   2588015.758480438031
0.000014133333   2586385.886508031283
0.000014266667   2584756.302608598489
0.000014400000   2583127.006600634195
0.000014533333   2581497.998302665073
0.000014666667   2579869.277533255052
0.000014800000   2578240.844110990874
0.000014933333   2576612.697854499333
0.000015066667   2574984.838582436554
0.000015200000   2573357.266113485210
0.000015333333   2571729.980266369879
0.000015466667   2570102.980859839357
0.000015600000   2568476.267712680157
0.000015733333   2566849.840643703472
0.000015866667   2565223.699471757747
0.000016000000   2563597.844015719369
0.000016133333   2561972.274094500113
0.000016266667   2560346.989527039696
0.000016400000   2558721.990132312290
0.000016533333   2557097.275729325600
0.000016666667   2555472.846137113869
0.000016800000   2553848.701174748596
0.000016933333   2552224.840661324561
0.000017066667   2550601.264415974729
0.000017200000   2548977.972257864196
0.000017333333   2547354.964006189723
0.000017466667   2545732.239480177872
0.000017600000   2544109.798499084078
0.000017733333   2542487.640882198699
0.000017866667   2540865.766448843293
0.000018000000   2539244.175018370617
0.000018133333   2537622.866410164163
0.000018266667   2536001.840443639550
0.000018400000   2534381.096938243601
0.000018533333   2532760.635713454802
0.000018666667   2531140.456588781439
0.000018800000   2529520.559383765794
0.000018933333   2527900.943917979486
0.000019066667   2526281.610011027195
0.000019200000   2524662.557482544333
0.000019333333   2523043.786152197048
0.000019466667   2521425.295839680359
0.000019600000   2519807.086364720948
0.000019733333   2518189.157547081821
0.000019866667   2516571.509206555784
0.000020000000   2514954.141162964515


0.000020000000   26662130.061684336513
0.000020666667   26439043.742381811142
0.000021333333   26217995.753137838095
0.000022000000   25998969.052386615425
0.000022666667   25781946.754388492554
0.000023333333   25566912.127928245813
0.000024000000   25353848.595025237650
0.000024666667   25142739.729655537754
0.000025333333   24933569.256485637277
0.000026000000   24726321.049617778510
0.000026666667   24520979.131346855313
0.000027333333   24317527.670928791165
0.000028000000   24115950.983360037208
0.000028666667   23916233.528168525547
0.000029333333   23718359.908215664327
0.000030000000   23522314.868509363383
0.000030666667   23328083.295028146356
0.000031333333   23135650.213555838913
0.000032000000   22945000.788527410477
0.000032666667   22756120.321885190904
0.000033333333   22568994.251945853233
0.000034000000   22383608.152277916670
0.000034666667   22199947.730589561164
0.000035333333   22017998.827626876533
0.000036000000   21837747.416082296520
0.000036666667   21659179.599513307214
0.000037333333   21482281.611271128058
0.000038000000   21307039.813439454883
0.000038666667   21133440.695783134550
0.000039333333   20961470.874706666917
0.000040000000   20791117.092222429812
0.000040666667   20622366.214928679168
0.000041333333   20455205.232997078449
0.000042000000   20289621.259169746190
0.000042666667   20125601.527765814215
0.000043333333   19963133.393697328866
0.000044000000   19802204.331494357437
0.000044666667   19642801.934339553118
0.000045333333   19484913.913111589849
0.000046000000   19328528.095437813550
0.000046666667   19173632.424755908549
0.000047333333   19020214.959384400398
0.000048000000   18868263.871602121741
0.000048666667   18717767.446736387908
0.000049333333   18568714.082259871066
0.000050000000   18421092.286896232516
0.000050666667   18274890.679734151810
0.000051333333   18130097.989350099117
0.000052000000   17986703.052939277142
0.000052666667   17844694.815455168486
0.000053333333   17704062.328757233918
0.000054000000   17564794.750767007470
0.000054666667   17426881.344632141292
0.000055333333   17290311.477898817509
0.000056000000   17155074.621691953391
0.000056666667   17021160.349903602153
0.000057333333   16888558.338389240205
0.000058000000   16757258.364171767607
0.000058666667   16627250.304653452709
0.000059333333   16498524.136835539714
0.000060000000   16371069.936545619741
0.000060666667   16244877.877672560513
0.000061333333   16119938.231408903375
0.000062000000   15996241.365500969812
0.000062666667   15873777.743506276980
0.000063333333   15752537.924058314413
0.000064000000   15632512.560138726607
0.000064666667   15513692.398356713355
0.000065333333   15396068.278235683218
0.000066000000   15279631.131507098675
0.000066666667   15164371.981411335990
0.000067333333   15050281.942005665973
0.000068000000   14937352.217479245737
0.000068666667   14825574.101474970579
0.000069333333   14714938.976418370381
0.000070000000   14605438.312853218988
0.000070666667   14497063.668783986941
0.000071333333   14389806.689025022089
0.000072000000   14283659.104556452483
0.000072666667   14178612.731886688620
0.000073333333   14074659.472421567887
0.000074000000   13971791.311840035021
0.000074666667   13870000.319476267323
0.000075333333   13769278.647708244622
0.000076000000   13669618.531352844089
0.000076666667   13571012.287067204714
0.000077333333   13473452.312756314874
0.000078000000   13376931.086986949667
0.000078666667   13281441.168407965451
0.000079333333   13186975.195176474750
0.000080000000   13093525.884390365332
0.000080666667   13001086.031526895240
0.000081333333   12909648.509887203574
0.000082000000   12819206.270046928898
0.000082666667   12729752.339312728494
0.000083333333   12641279.821184754372
0.000084000000   12553781.894825026393
0.000084666667   12467251.814531512558
0.000085333333   12381682.909218147397
0.000086000000   12297068.581900499761
0.000086666667   12213402.309187235311
0.000087333333   12130677.640777172521
0.000088000000   12048888.198962027207
0.000088666667   11968027.678134771064
0.000089333333   11888089.844303421676
0.000090000000   11809068.534610575065
0.000090666667   11730957.656858174130
0.000091333333   11653751.189037922770
0.000092000000   11577443.178867006674
0.000092666667   11502027.743329225108
0.000093333333   11427499.068221416324
0.000094000000   11353851.407705267891
0.000094666667   11281079.083864279091
0.000095333333   11209176.486266113818
0.000096000000   11138138.071530023590
0.000096666667   11067958.362899590284
0.000097333333   10998631.949820352718
0.000098000000   10930153.487522836775
0.000098666667   10862517.696610391140
0.000099333333   10795719.362652260810
0.000100000000   10729753.335781499743
0.000100666667   10664614.530298082158
0.000101333333   10600297.924276730046
0.000102000000   10536798.559179788455
0.000102666667   10474111.539474926889
0.000103333333   10412232.032257821411
0.000104000000   10351155.266879413277
0.000104666667   10290876.534578260034
0.000105333333   10231391.188117465004
0.000106000000   10172694.641426432878
0.000106666667   10114782.369247270748
0.000107333333   10057649.906785937026
0.000108000000   10001292.849368056282
0.000108666667   9945706.852099334821
0.000109333333   9890887.629530571401
0.000110000000   9836830.955327322707
0.000110666667   9783532.661944022402
0.000111333333   9730988.640302775428
0.000112000000   9679194.839476462454
0.000112666667   9628147.266376551241
0.000113333333   9577841.985445147380
0.000114000000   9528275.118351716548
0.000114666667   9479442.843693980947
0.000115333333   9431341.396703308448
0.000116000000   9383967.068954560906
0.000116666667   9337316.208080125973
0.000117333333   9291385.217488396913
0.000118000000   9246170.556086421013
0.000118666667   9201668.738006969914
0.000119333333   9157876.332339787856
0.000120000000   9114789.962867069989


0.000120000000   387378.573421850451
0.000122500000   385531.043065046077
0.000125000000   383688.363606333151
0.000127500000   381850.511824478337
0.000130000000   380017.464559530548
0.000132500000   378189.198712529207
0.000135000000   376365.691245206399
0.000137500000   374546.919179696823
0.000140000000   372732.859598246054
0.000142500000   370923.489642916538
0.000145000000   369118.786515300686
0.000147500000   367318.727476228843
0.000150000000   365523.289845481107
0.000152500000   363732.451001498615
0.000155000000   361946.188381094835
0.000157500000   360164.479479172849
0.000160000000   358387.301848435251
0.000162500000   356614.633099101658
0.000165000000   354846.450898621406
0.000167500000   353082.732971393038
0.000170000000   351323.457098479732
0.000172500000   349568.601117324550
0.000175000000   347818.142921472725
0.000177500000   346072.060460289125
0.000180000000   344330.331738677167
0.000182500000   342592.934816800640
0.000185000000   340859.847809805942
0.000187500000   339131.048887541518
0.000190000000   337406.516274280730
0.000192500000   335686.228248448111
0.000195000000   333970.163142339734
0.000197500000   332258.299341851089
0.000200000000   330550.615286198386
0.000202500000   328847.089467650163
0.000205000000   327147.700431249221
0.000207500000   325452.426774544700
0.000210000000   323761.247147311922
0.000212500000   322074.140251292381
0.000215000000   320391.084839914925
0.000217500000   318712.059718027769
0.000220000000   317037.043741631089
0.000222500000   315366.015817607520
0.000225000000   313698.954903452832
0.000227500000   312035.840007012943
0.000230000000   310376.650186209765
0.000232500000   308721.364548781887
0.000235000000   307069.962252016354
0.000237500000   305422.422502484056
0.000240000000   303778.724555776163
0.000242500000   302138.847716242017
0.000245000000   300502.771336722944
0.000247500000   298870.474818292190
0.000250000000   297241.937609991932
0.000252500000   295617.139208576293
0.000255000000   293996.059158244985
0.000257500000   292378.677050388185
0.000260000000   290764.972523324483
0.000262500000   289154.925262044242
0.000265000000   287548.514997950115
0.000267500000   285945.721508600691
0.000270000000   284346.524617453397
0.000272500000   282750.904193608207
0.000275000000   281158.840151552868
0.000277500000   279570.312450906320
0.000280000000   277985.301096164912
0.000282500000   276403.786136449955
0.000285000000   274825.747665250266
0.000287500000   273251.165820173628
0.000290000000   271680.020782691776
0.000292500000   270112.292777893133
0.000295000000   268547.962074224721
0.000297500000   266987.008983248379
0.000300000000   265429.413859385939
0.000302500000   263875.157099673816
0.000305000000   262324.219143511029
0.000307500000   260776.580472411704
0.000310000000   259232.221609757777
0.000312500000   257691.123120550968
0.000315000000   256153.265611169132
0.000317500000   254618.629729115055
0.000320000000   253087.196162771783
0.000322500000   251558.945641161932
0.000325000000   250033.858933699492
0.000327500000   248511.916849944886
0.000330000000   246993.100239362800
0.000332500000   245477.389991080214
0.000335000000   243964.767033642187
0.000337500000   242455.212334769923
0.000340000000   240948.706901118683
0.000342500000   239445.231778039131
0.000345000000   237944.768049332866
0.000347500000   236447.296837015951
0.000350000000   234952.799301077466
0.000352500000   233461.256639240310
0.000355000000   231972.650086724956
0.000357500000   230486.960916007753
0.000360000000   229004.170436586428
0.000362500000   227524.259994738124
0.000365000000   226047.210973288689
0.000367500000   224573.004791370797
0.000370000000   223101.622904192685
0.000372500000   221633.046802800993
0.000375000000   220167.258013846731
0.000377500000   218704.238099346752
0.000380000000   217243.968656456273
0.000382500000   215786.431317230512
0.000385000000   214331.607748394192
0.000387500000   212879.479651106347
0.000390000000   211430.028760731599
0.000392500000   209983.236846604850
0.000395000000   208539.085711800639
0.000397500000   207097.557192905195
0.000400000000   205658.633159782912
0.000402500000   204222.295515348233
0.000405000000   202788.526195332845
0.000407500000   201357.307168059488
0.000410000000   199928.620434214012
0.000412500000   198502.448026614235
0.000415000000   197078.772009982524
0.000417500000   195657.574480720301
0.000420000000   194238.837566678150
0.000422500000   192822.543426929275
0.000425000000   191408.674251546094
0.000427500000   189997.212261372479
0.000430000000   188588.139707796217
0.000432500000   187181.438872527797
0.000435000000   185777.092067372490
0.000437500000   184375.081634007161
0.000440000000   182975.389943756891
0.000442500000   181577.999397369247
0.000445000000   180182.892424792168
0.000447500000   178790.051484951749
0.000450000000   177399.459065532079
0.000452500000   176011.097682745312
0.000455000000   174624.949881119159
0.000457500000   173240.998233267921
0.000460000000   171859.225339676108
0.000462500000   170479.613828475762
0.000465000000   169102.146355227160
0.000467500000   167726.805602697947
0.000470000000   166353.574280643283
0.000472500000   164982.435125589051
0.000475000000   163613.370900609123
0.000477500000   162246.364395108947
0.000480000000   160881.398424606305
0.000482500000   159518.455830514926
0.000485000000   158157.519479925453
0.000487500000   156798.572265388619
0.000490000000   155441.597104698361
0.000492500000   154086.576940674247
0.000495000000   152733.494740947266
0.000497500000   151382.333497740532
0.000500000000   150033.076227656245
0.000502500000   148685.705971460760
0.000505000000   147340.205793867353
0.000507500000   145996.558783321409
0.000510000000   144654.748051788512
0.000512500000   143314.756734538008
0.000515000000   141976.567989931791
0.000517500000   140640.164999205532
0.000520000000   139305.530966260674
0.000522500000   137972.649117448978
0.000525000000   136641.502701361576
0.000527500000   135312.074988613545
0.000530000000   133984.349271634506
0.000532500000   132658.308864456660
0.000535000000   131333.937102500757
0.000537500000   130011.217342367308
0.000540000000   128690.132961624782
0.000542500000   127370.667358598294
0.000545000000   126052.803952159564
0.000547500000   124736.526181515830
0.000550000000   123421.817506002772
0.000552500000   122108.661404871469
0.000555000000   120797.041377079513
0.000557500000   119486.940941085035
0.000560000000   118178.343634631863
0.000562500000   116871.233014545462
0.000565000000   115565.592656523469
0.000567500000   114261.406154927172
0.000570000000   112958.657122572869
0.000572500000   111657.329190526842
0.000575000000   110357.406007891666
0.000577500000   109058.871241606976
0.000580000000   107761.708576235687
0.000582500000   106465.901713762098
0.000585000000   105171.434373381169
0.000587500000   103878.290291294354
0.000590000000   102586.453220503870
0.000592500000   101295.906930604760
0.000595000000   100006.635207581276
0.000597500000   98718.621853601901
0.000600000000   97431.850686809208
0.000602500000   96146.305541120775
0.000605000000   94861.970266020813
0.000607500000   93578.828726355874
0.000610000000   92296.864802129770
0.000612500000   91016.062388301027
0.000615000000   89736.405394578105
0.000617500000   88457.877745214995
0.000620000000   87180.463378806424


