0.000000000000   2682067.709673695266
0.000000133333   2680378.520787399262
0.000000266667   2678689.630439416971
0.000000400000   2677001.038441640791
0.000000533333   2675312.744605998974
0.000000666667   2673624.748744447250
0.000000800000   2671937.050668977667
0.000000933333   2670249.650191619992
0.000001066667   2668562.547124431934
0.000001200000   2666875.741279504728
0.000001333333   2665189.232468961738
0.000001466667   2663503.020504964050
0.000001600000   2661817.105199702550
0.000001733333   2660131.486365398392
0.000001866667   2658446.163814310450
0.000002000000   2656761.137358726468
0.000002133333   2655076.406810974237
0.000002266667   2653391.971983403433
0.000002400000   2651707.832688403316
0.000002533333   2650023.988738393877
0.000002666667   2648340.439945829101
0.000002800000   2646657.186123197898
0.000002933333   2644974.227083019447
0.000003066667   2643291.562637850177
0.000003200000   2641609.192600273062
0.000003333333   2639927.116782904137
0.000003466667   2638245.334998394828
0.000003600000   2636563.847059427295
0.000003733333   2634882.652778718155
0.000003866667   2633201.751969017088
0.000004000000   2631521.144443103578
0.000004133333   2629840.830013794359
0.000004266667   2628160.808493934106
0.000004400000   2626481.079696401954
0.000004533333   2624801.643434110563
0.000004666667   2623122.499520001002
0.000004800000   2621443.647767052986
0.000004933333   2619765.087988272775
0.000005066667   2618086.819996703416
0.000005200000   2616408.843605417293
0.000005333333   2614731.158627521712
0.000005466667   2613053.764876153320
0.000005600000   2611376.662164483685
0.000005733333   2609699.850305719301
0.000005866667   2608023.329113094136
0.000006000000   2606347.098399876151
0.000006133333   2604671.157979365904
0.000006266667   2602995.507664894685
0.000006400000   2601320.147269827779
0.000006533333   2599645.076607561205
0.000006666667   2597970.295491522644
0.000006800000   2596295.803735174704
0.000006933333   2594621.601152012590
0.000007066667   2592947.687555559911
0.000007200000   2591274.062759376131
0.000007333333   2589600.726577051915
0.000007466667   2587927.678822205402
0.000007600000   2586254.919308493380
0.000007733333   2584582.447849600576
0.000007866667   2582910.264259244315
0.000008000000   2581238.368351177778
0.000008133333   2579566.759939181618
0.000008266667   2577895.438837069552
0.000008400000   2576224.404858687893
0.000008533333   2574553.657817918342
0.000008666667   2572883.197528665885
0.000008800000   2571213.023804874625
0.000008933333   2569543.136460514739
0.000009066667   2567873.535309593659
0.000009200000   2566204.220166146755
0.000009333333   2564535.190844241064
0.000009466667   2562866.447157981340
0.000009600000   2561197.988921497483
0.000009733333   2559529.815948954783
0.000009866667   2557861.928054546937
0.000010000000   2556194.325052500702
0.000010133333   2554527.006757077295
0.000010266667   2552859.972982569598
0.000010400000   2551193.223543297034
0.000010533333   2549526.758253615815
0.000010666667   2547860.576927911025
0.000010800000   2546194.679380602669
0.000010933333   2544529.065426133573
0.000011066667   2542863.734878985211
0.000011200000   2541198.687553667929
0.000011333333   2539533.923264728859
0.000011466667   2537869.441826738417
0.000011600000   2536205.243054306135
0.000011733333   2534541.326762067154
0.000011866667   2532877.692764687818
0.000012000000   2531214.340876874514
0.000012133333   2529551.270913356449
0.000012266667   2527888.482688895892
0.000012400000   2526225.976018287241
0.000012533333   2524563.750716354698
0.000012666667   2522901.806597955059
0.000012800000   2521240.143477979116
0.000012933333   2519578.761171342805
0.000013066667   2517917.659492996987
0.000013200000   2516256.838257925119
0.000013333333   2514596.297281140462
0.000013466667   2512936.036377684213
0.000013600000   2511276.055362633429
0.000013733333   2509616.354051093105
0.000013866667   2507956.932258202229
0.000014000000   2506297.789799127262
0.000014133333   2504638.926489066333
0.000014266667   2502980.342143252026
0.000014400000   2501322.036576945800
0.000014533333   2499664.009605439380
0.000014666667   2498006.261044055223
0.000014800000   2496348.790708146058
0.000014933333   2494691.598413098603
0.000015066667   2493034.683974330779
0.000015200000   2491378.047207287978
0.000015333333   2489721.687927448191
0.000015466667   2488065.605950318743
0.000015600000   2486409.801091441419
0.000015733333   2484754.273166385014
0.000015866667   2483099.021990753710
0.000016000000   2481444.047380176373
0.000016133333   2479789.349150320049
0.000016266667   2478134.927116875537
0.000016400000   2476480.781095564365
0.000016533333   2474826.910902143922
0.000016666667   2473173.316352396272
0.000016800000   2471519.997262140736
0.000016933333   2469866.953447223175
0.000017066667   2468214.184723520186
0.000017200000   2466561.690906937700
0.000017333333   2464909.471813417505
0.000017466667   2463257.527258925140
0.000017600000   2461605.857059465256
0.000017733333   2459954.461031064857
0.000017866667   2458303.338989784941
0.000018000000   2456652.490751711652
0.000018133333   2455001.916132969782
0.000018266667   2453351.614949707408
0.000018400000   2451701.587018109392
0.000018533333   2450051.832154388074
0.000018666667   2448402.350174786523
0.000018800000   2446753.140895580407
0.000018933333   2445104.204133069143
0.000019066667   2443455.539703588933
0.000019200000   2441807.147423498798
0.000019333333   2440159.027109196410
0.000019466667   2438511.178577105049
0.000019600000   2436863.601643677801
0.000019733333   2435216.296125401277
0.000019866667   2433569.261838791426
0.000020000000   2431922.498600392602


0.000020000000   27149490.066537193954
0.000020666667   26922322.188535712659
0.000021333333   26697229.900515221059
0.000022000000   26474195.849107645452
0.000022666667   26253202.839619405568
0.000023333333   26034233.834705982357
0.000024000000   25817271.953058529645
0.000024666667   25602300.468102525920
0.000025333333   25389302.806708328426
0.000026000000   25178262.547913614661
0.000026666667   24969163.421657480299
0.000027333333   24761989.307526264340
0.000028000000   24556724.233510758728
0.000028666667   24353352.374775063246
0.000029333333   24151858.052436619997
0.000030000000   23952225.732357509434
0.000030666667   23754440.023947007954
0.000031333333   23558485.678975056857
0.000032000000   23364347.590396918356
0.000032666667   23172010.791188511997
0.000033333333   22981460.453192587942
0.000034000000   22792681.885975778103
0.000034666667   22605660.535695932806
0.000035333333   22420381.983980350196
0.000036000000   22236831.946814134717
0.000036666667   22054996.273439165205
0.000037333333   21874860.945263132453
0.000038000000   21696412.074778962880
0.000038666667   21519635.904494103044
0.000039333333   21344518.805870082229
0.000040000000   21171047.278271771967
0.000040666667   20999207.947926759720
0.000041333333   20828987.566894263029
0.000042000000   20660373.012043900788
0.000042666667   20493351.284044045955
0.000043333333   20327909.506359629333
0.000044000000   20164034.924259603024
0.000044666667   20001714.903833556920
0.000045333333   19840936.931017879397
0.000046000000   19681688.610630977899
0.000046666667   19523957.665417753160
0.000047333333   19367731.935103122145
0.000048000000   19212999.375454664230
0.000048666667   19059748.057353954762
0.000049333333   18907966.165877129883
0.000050000000   18757641.999383941293
0.000050666667   18608763.968615796417
0.000051333333   18461320.595802187920
0.000052000000   18315300.513775944710
0.000052666667   18170692.465096950531
0.000053333333   18027485.301184251904
0.000054000000   17885667.981456615031
0.000054666667   17745229.572481475770
0.000055333333   17606159.247131887823
0.000056000000   17468446.283752083778
0.000056666667   17332080.065330766141
0.000057333333   17197050.078682672232
0.000058000000   17063345.913638107479
0.000058666667   16930957.262240443379
0.000059333333   16799873.917951419950
0.000060000000   16670085.774864375591
0.000060666667   16541582.826925056055
0.000061333333   16414355.167160375044
0.000062000000   16288392.986914560199
0.000062666667   16163686.575093051419
0.000063333333   16040226.317413818091
0.000064000000   15918002.695666207001
0.000064666667   15797006.286977233365
0.000065333333   15677227.763085003942
0.000066000000   15558657.889619739726
0.000066666667   15441287.525391766801
0.000067333333   15325107.621686883271
0.000068000000   15210109.221568746492
0.000068666667   15096283.459188358858
0.000069333333   14983621.559100618586
0.000070000000   14872114.835587807000
0.000070666667   14761754.691989907995
0.000071333333   14652532.620042011142
0.000072000000   14544440.199218261987
0.000072666667   14437469.096082791686
0.000073333333   14331611.063647216186
0.000074000000   14226857.940734934062
0.000074666667   14123201.651351898909
0.000075333333   14020634.204064076766
0.000076000000   13919147.691381288692
0.000076666667   13818734.289147697389
0.000077333333   13719386.255938556045
0.000078000000   13621095.932463428006
0.000078666667   13523855.740975752473
0.000079333333   13427658.184688605368
0.000080000000   13332495.847196782008
0.000080666667   13238361.391905046999
0.000081333333   13145247.561462517828
0.000082000000   13053147.177203206345
0.000082666667   12962053.138592572883
0.000083333333   12871958.422680146992
0.000084000000   12782856.083558084443
0.000084666667   12694739.251825733110
0.000085333333   12607601.134059995413
0.000086000000   12521435.012291662395
0.000086666667   12436234.243487495929
0.000087333333   12351992.259038057178
0.000088000000   12268702.564251398668
0.000088666667   12186358.737852228805
0.000089333333   12104954.431487036869
0.000090000000   12024483.369234558195
0.000090666667   11944939.347122024745
0.000091333333   11866316.232646828517
0.000092000000   11788607.964303797111
0.000092666667   11711808.551117848605
0.000093333333   11635912.072182185948
0.000094000000   11560912.676201779395
0.000094666667   11486804.581042246893
0.000095333333   11413582.073284216225
0.000096000000   11341239.507782742381
0.000096666667   11269771.307232176885
0.000097333333   11199171.961736185476
0.000098000000   11129436.028382878751
0.000098666667   11060558.130825337023
0.000099333333   10992532.958867043257
0.000100000000   10925355.268052553758
0.000100666667   10859019.879263147712
0.000101333333   10793521.678317539394
0.000102000000   10728855.615577666089
0.000102666667   10665016.705559337512
0.000103333333   10602000.026547905058
0.000104000000   10539800.720218881965
0.000104666667   10478413.991263302043
0.000105333333   10417835.107018109411
0.000106000000   10358059.397101301700
0.000106666667   10299082.253051824868
0.000107333333   10240899.127974338830
0.000108000000   10183505.536188626662
0.000108666667   10126897.052883792669
0.000109333333   10071069.313777212054
0.000110000000   10016018.014777949080
0.000110666667   9961738.911655046046
0.000111333333   9908227.819710277021
0.000112000000   9855480.613455522805
0.000112666667   9803493.226294683293
0.000113333333   9752261.650210294873
0.000114000000   9701781.935454424471
0.000114666667   9652050.190244194120
0.000115333333   9603062.580461772159
0.000116000000   9554815.329358804971
0.000116666667   9507304.717265192419
0.000117333333   9460527.081302320585
0.000118000000   9414478.815100759268
0.000118666667   9369156.368522139266
0.000119333333   9324556.247385507450
0.000120000000   9280675.013197954744


0.000120000000   394428.688060913060
0.000122500000   392547.911226979515
0.000125000000   390672.071099720430
0.000127500000   388801.144054329779
0.000130000000   386935.106528337637
0.000132500000   385073.935021312675
0.000135000000   383217.606094564893
0.000137500000   381366.096370847430
0.000140000000   379519.382534056494
0.000142500000   377677.441328938585
0.000145000000   375840.249560793745
0.000147500000   374007.784095181793
0.000150000000   372180.021857628075
0.000152500000   370356.939833329932
0.000155000000   368538.515066864260
0.000157500000   366724.724661896704
0.000160000000   364915.545780890272
0.000162500000   363110.955644817674
0.000165000000   361310.931532867078
0.000167500000   359515.450782158528
0.000170000000   357724.490787451738
0.000172500000   355938.029000863549
0.000175000000   354156.042931576259
0.000177500000   352378.510145559150
0.000180000000   350605.408265276870
0.000182500000   348836.714969409397
0.000185000000   347072.407992566761
0.000187500000   345312.465125005401
0.000190000000   343556.864212349581
0.000192500000   341805.583155305765
0.000195000000   340058.599909384036
0.000197500000   338315.892484618467
0.000200000000   336577.438945289003
0.000202500000   334843.217409641540
0.000205000000   333113.206049607485
0.000207500000   331387.383090533258
0.000210000000   329665.726810897351
0.000212500000   327948.215542037680
0.000215000000   326234.827667875099
0.000217500000   324525.541624640988
0.000220000000   322820.335900601756
0.000222500000   321119.189035785617
0.000225000000   319422.079621712386
0.000227500000   317728.986301117926
0.000230000000   316039.887767686101
0.000232500000   314354.762765777763
0.000235000000   312673.590090160142
0.000237500000   310996.348585737403
0.000240000000   309323.017147284874
0.000242500000   307653.574719175114
0.000245000000   305988.000295120000
0.000247500000   304326.272917893075
0.000250000000   302668.371679072152
0.000252500000   301014.275718770106
0.000255000000   299363.964225371368
0.000257500000   297717.416435266030
0.000260000000   296074.611632588028
0.000262500000   294435.529148952628
0.000265000000   292800.148363192391
0.000267500000   291168.448701095709
0.000270000000   289540.409635147487
0.000272500000   287916.010684265406
0.000275000000   286295.231413543224
0.000277500000   284678.051433990418
0.000280000000   283064.450402272050
0.000282500000   281454.408020454168
0.000285000000   279847.904035740125
0.000287500000   278244.918240219995
0.000290000000   276645.430470609979
0.000292500000   275049.420607998560
0.000295000000   273456.868577589397
0.000297500000   271867.754348449991
0.000300000000   270282.057933253585
0.000302500000   268699.759388027596
0.000305000000   267120.838811900117
0.000307500000   265545.276346848637
0.000310000000   263973.052177444391
0.000312500000   262404.146530606027
0.000315000000   260838.539675343403
0.000317500000   259276.211922513146
0.000320000000   257717.143624563731
0.000322500000   256161.315175288095
0.000325000000   254608.707009574835
0.000327500000   253059.299603162013
0.000330000000   251513.073472386051
0.000332500000   249970.009173937084
0.000335000000   248430.087304610381
0.000337500000   246893.288501061470
0.000340000000   245359.593439560267
0.000342500000   243828.982835746079
0.000345000000   242301.437444380397
0.000347500000   240776.938059108361
0.000350000000   239255.465512210270
0.000352500000   237737.000674358831
0.000355000000   236221.524454379774
0.000357500000   234709.017799007212
0.000360000000   233199.461692642828
0.000362500000   231692.837157112139
0.000365000000   230189.125251427293
0.000367500000   228688.307071545540
0.000370000000   227190.363750129152
0.000372500000   225695.276456306223
0.000375000000   224203.026395432156
0.000377500000   222713.594808849797
0.000380000000   221226.962973654969
0.000382500000   219743.112202456105
0.000385000000   218262.023843136994
0.000387500000   216783.679278621654
0.000390000000   215308.059926637390
0.000392500000   213835.147239481332
0.000395000000   212364.922703782009
0.000397500000   210897.367840265419
0.000400000000   209432.464203523559
0.000402500000   207970.193381776306
0.000405000000   206510.536996640003
0.000407500000   205053.476702894841
0.000410000000   203598.994188251876
0.000412500000   202147.071173119766
0.000415000000   200697.689410376101
0.000417500000   199250.830685131165
0.000420000000   197806.476814499823
0.000422500000   196364.609647371719
0.000425000000   194925.211064181087
0.000427500000   193488.262976674101
0.000430000000   192053.747327682213
0.000432500000   190621.646090893162
0.000435000000   189191.941270621202
0.000437500000   187764.614901579916
0.000440000000   186339.649048654333
0.000442500000   184917.025806672988
0.000445000000   183496.727300181723
0.000447500000   182078.735683214822
0.000450000000   180663.033139073639
0.000452500000   179249.601880095055
0.000455000000   177838.424147429178
0.000457500000   176429.482210813236
0.000460000000   175022.758368348586
0.000462500000   173618.234946274286
0.000465000000   172215.894298742845
0.000467500000   170815.718807598372
0.000470000000   169417.690882152150
0.000472500000   168021.792958960054
0.000475000000   166628.007501600718
0.000477500000   165236.317000448849
0.000480000000   163846.703972459451
0.000482500000   162459.150960941566
0.000485000000   161073.640535342478
0.000487500000   159690.155291018047
0.000490000000   158308.677849020896
0.000492500000   156929.190855874796
0.000495000000   155551.676983357000
0.000497500000   154176.118928278476
0.000500000000   152802.499412263860
0.000502500000   151430.801181532588
0.000505000000   150061.007006680680
0.000507500000   148693.099682463246
0.000510000000   147327.062027571548
0.000512500000   145962.876884424652
0.000515000000   144600.527118942322
0.000517500000   143239.995620332600
0.000520000000   141881.265300874657
0.000522500000   140524.319095702755
0.000525000000   139169.139962588379
0.000527500000   137815.710881725361
0.000530000000   136464.014855514455
0.000532500000   135114.034908346919
0.000535000000   133765.754086389323
0.000537500000   132419.155457369488
0.000540000000   131074.222110362258
0.000542500000   129730.937155574575
0.000545000000   128389.283724130641
0.000547500000   127049.244967862091
0.000550000000   125710.804059089482
0.000552500000   124373.944190410970
0.000555000000   123038.648574489431
0.000557500000   121704.900443840699
0.000560000000   120372.683050620122
0.000562500000   119041.979666410392
0.000565000000   117712.773582008769
0.000567500000   116385.048107219001
0.000570000000   115058.786570634635
0.000572500000   113733.972319431297
0.000575000000   112410.588719155159
0.000577500000   111088.619153512918
0.000580000000   109768.047024157262
0.000582500000   108448.855750482981
0.000585000000   107131.028769412034
0.000587500000   105814.549535184080
0.000590000000   104499.401519150008
0.000592500000   103185.568209559686
0.000595000000   101873.033111351862
0.000597500000   100561.779745950174
0.000600000000   99251.791651049425
0.000602500000   97943.052380407695
0.000605000000   96635.545503643007
0.000607500000   95329.254606016970
0.000610000000   94024.163288233365
0.000612500000   92720.255166228919
0.000615000000   91417.513870963870
0.000617500000   90115.923048216064
0.000620000000   88815.466358373218


