0.000000000000   479.297385087250
0.000000133333   479.110957566947
0.000000266667   478.924564488153
0.000000400000   478.738205830139
0.000000533333   478.551881572175
0.000000666667   478.365591693538
0.000000800000   478.179336173508
0.000000933333   477.993114991368
0.000001066667   477.806928126406
0.000001200000   477.620775557913
0.000001333333   477.434657265184
0.000001466667   477.248573227518
0.000001600000   477.062523424218
0.000001733333   476.876507834590
0.000001866667   476.690526437945
0.000002000000   476.504579213597
0.000002133333   476.318666140863
0.000002266667   476.132787199066
0.000002400000   475.946942367531
0.000002533333   475.761131625587
0.000002666667   475.575354952569
0.000002800000   475.389612327812
0.000002933333   475.203903730657
0.000003066667   475.018229140449
0.000003200000   474.832588536536
0.000003333333   474.646981898271
0.000003466667   474.461409205009
0.000003600000   474.275870436110
0.000003733333   474.090365570937
0.000003866667   473.904894588858
0.000004000000   473.719457469243
0.000004133333   473.534054191468
0.000004266667   473.348684734911
0.000004400000   473.163349078955
0.000004533333   472.978047202984
0.000004666667   472.792779086390
0.000004800000   472.607544708565
0.000004933333   472.422344048908
0.000005066667   472.237177086819
0.000005200000   472.052043801703
0.000005333333   471.866944172968
0.000005466667   471.681878180028
0.000005600000   471.496845802299
0.000005733333   471.311847019199
0.000005866667   471.126881810153
0.000006000000   470.941950154588
0.000006133333   470.757052031936
0.000006266667   470.572187421630
0.000006400000   470.387356303110
0.000006533333   470.202558655817
0.000006666667   470.017794459199
0.000006800000   469.833063692704
0.000006933333   469.648366335786
0.000007066667   469.463702367902
0.000007200000   469.279071768513
0.000007333333   469.094474517083
0.000007466667   468.909910593082
0.000007600000   468.725379975980
0.000007733333   468.540882645255
0.000007866667   468.356418580384
0.000008000000   468.171987760852
0.000008133333   467.987590166145
0.000008266667   467.803225775754
0.000008400000   467.618894569173
0.000008533333   467.434596525900
0.000008666667   467.250331625437
0.000008800000   467.066099847289
0.000008933333   466.881901170965
0.000009066667   466.697735575977
0.000009200000   466.513603041843
0.000009333333   466.329503548082
0.000009466667   466.145437074218
0.000009600000   465.961403599778
0.000009733333   465.777403104294
0.000009866667   465.593435567301
0.000010000000   465.409500968336
0.000010133333   465.225599286942
0.000010266667   465.041730502664
0.000010400000   464.857894595053
0.000010533333   464.674091543661
0.000010666667   464.490321328046
0.000010800000   464.306583927767
0.000010933333   464.122879322388
0.000011066667   463.939207491478
0.000011200000   463.755568414608
0.000011333333   463.571962071352
0.000011466667   463.388388441290
0.000011600000   463.204847504004
0.000011733333   463.021339239080
0.000011866667   462.837863626108
0.000012000000   462.654420644680
0.000012133333   462.471010274394
0.000012266667   462.287632494850
0.000012400000   462.104287285652
0.000012533333   461.920974626408
0.000012666667   461.737694496729
0.000012800000   461.554446876231
0.000012933333   461.371231744532
0.000013066667   461.188049081254
0.000013200000   461.004898866023
0.000013333333   460.821781078470
0.000013466667   460.638695698226
0.000013600000   460.455642704929
0.000013733333   460.272622078218
0.000013866667   460.089633797739
0.000014000000   459.906677843137
0.000014133333   459.723754194065
0.000014266667   459.540862830178
0.000014400000   459.358003731133
0.000014533333   459.175176876592
0.000014666667   458.992382246221
0.000014800000   458.809619819689
0.000014933333   458.626889576669
0.000015066667   458.444191496837
0.000015200000   458.261525559873
0.000015333333   458.078891745460
0.000015466667   457.896290033285
0.000015600000   457.713720403039
0.000015733333   457.531182834417
0.000015866667   457.348677307115
0.000016000000   457.166203800835
0.000016133333   456.983762295283
0.000016266667   456.801352770166
0.000016400000   456.618975205196
0.000016533333   456.436629580089
0.000016666667   456.254315874565
0.000016800000   456.072034068345
0.000016933333   455.889784141156
0.000017066667   455.707566072728
0.000017200000   455.525379842794
0.000017333333   455.343225431091
0.000017466667   455.161102817359
0.000017600000   454.979011981343
0.000017733333   454.796952902789
0.000017866667   454.614925561449
0.000018000000   454.432929937078
0.000018133333   454.250966009433
0.000018266667   454.069033758276
0.000018400000   453.887133163373
0.000018533333   453.705264204491
0.000018666667   453.523426861404
0.000018800000   453.341621113886
0.000018933333   453.159846941718
0.000019066667   452.978104324681
0.000019200000   452.796393242563
0.000019333333   452.614713675153
0.000019466667   452.433065602243
0.000019600000   452.251449003632
0.000019733333   452.069863859119
0.000019866667   451.888310148508
0.000020000000   451.706787851606


0.000020000000   437.351291721870
0.000020666667   435.091569201733
0.000021333333   432.852485451299
0.000022000000   430.633867916725
0.000022666667   428.435545622023
0.000023333333   426.257349155876
0.000024000000   424.099110658578
0.000024666667   421.960663809090
0.000025333333   419.841843812222
0.000026000000   417.742487385925
0.000026666667   415.662432748705
0.000027333333   413.601519607149
0.000028000000   411.559589143567
0.000028666667   409.536484003749
0.000029333333   407.532048284835
0.000030000000   405.546127523292
0.000030666667   403.578568683011
0.000031333333   401.629220143502
0.000032000000   399.697931688212
0.000032666667   397.784554492939
0.000033333333   395.888941114361
0.000034000000   394.010945478667
0.000034666667   392.150422870298
0.000035333333   390.307229920787
0.000036000000   388.481224597708
0.000036666667   386.672266193728
0.000037333333   384.880215315756
0.000038000000   383.104933874195
0.000038666667   381.346285072302
0.000039333333   379.604133395637
0.000040000000   377.878344601616
0.000040666667   376.168785709164
0.000041333333   374.475324988459
0.000042000000   372.797831950781
0.000042666667   371.136177338447
0.000043333333   369.490233114851
0.000044000000   367.859872454587
0.000044666667   366.244969733679
0.000045333333   364.645400519889
0.000046000000   363.061041563127
0.000046666667   361.491770785949
0.000047333333   359.937467274147
0.000048000000   358.398011267422
0.000048666667   356.873284150157
0.000049333333   355.363168442269
0.000050000000   353.867547790153
0.000050666667   352.386306957711
0.000051333333   350.919331817467
0.000052000000   349.466509341771
0.000052666667   348.027727594085
0.000053333333   346.602875720348
0.000054000000   345.191843940437
0.000054666667   343.794523539698
0.000055333333   342.410806860569
0.000056000000   341.040587294275
0.000056666667   339.683759272615
0.000057333333   338.340218259816
0.000058000000   337.009860744482
0.000058666667   335.692584231607
0.000059333333   334.388287234675
0.000060000000   333.096869267840
0.000060666667   331.818230838173
0.000061333333   330.552273437995
0.000062000000   329.298899537280
0.000062666667   328.058012576140
0.000063333333   326.829516957377
0.000064000000   325.613318039116
0.000064666667   324.409322127503
0.000065333333   323.217436469489
0.000066000000   322.037569245673
0.000066666667   320.869629563229
0.000067333333   319.713527448892
0.000068000000   318.569173842027
0.000068666667   317.436480587758
0.000069333333   316.315360430177
0.000070000000   315.205727005614
0.000070666667   314.107494835978
0.000071333333   313.020579322167
0.000072000000   311.944896737551
0.000072666667   310.880364221508
0.000073333333   309.826899773044
0.000074000000   308.784422244466
0.000074666667   307.752851335130
0.000075333333   306.732107585245
0.000076000000   305.722112369753
0.000076666667   304.722787892262
0.000077333333   303.734057179051
0.000078000000   302.755844073136
0.000078666667   301.788073228398
0.000079333333   300.830670103773
0.000080000000   299.883560957507
0.000080666667   298.946672841470
0.000081333333   298.019933595531
0.000082000000   297.103271841997
0.000082666667   296.196616980110
0.000083333333   295.299899180601
0.000084000000   294.413049380310
0.000084666667   293.535999276858
0.000085333333   292.668681323386
0.000086000000   291.811028723342
0.000086666667   290.962975425335
0.000087333333   290.124456118042
0.000088000000   289.295406225173
0.000088666667   288.475761900490
0.000089333333   287.665460022888
0.000090000000   286.864438191526
0.000090666667   286.072634721020
0.000091333333   285.289988636681
0.000092000000   284.516439669820
0.000092666667   283.751928253101
0.000093333333   282.996395515944
0.000094000000   282.249783279990
0.000094666667   281.512034054617
0.000095333333   280.783091032504
0.000096000000   280.062898085254
0.000096666667   279.351399759065
0.000097333333   278.648541270456
0.000098000000   277.954268502044
0.000098666667   277.268527998370
0.000099333333   276.591266961779
0.000100000000   275.922433248349
0.000100666667   275.261975363871
0.000101333333   274.609842459881
0.000102000000   273.965984329734
0.000102666667   273.330351404741
0.000103333333   272.702894750342
0.000104000000   272.083566062336
0.000104666667   271.472317663155
0.000105333333   270.869102498190
0.000106000000   270.273874132162
0.000106666667   269.686586745542
0.000107333333   269.107195131021
0.000108000000   268.535654690022
0.000108666667   267.971921429261
0.000109333333   267.415951957359
0.000110000000   266.867703481493
0.000110666667   266.327133804098
0.000111333333   265.794201319615
0.000112000000   265.268865011283
0.000112666667   264.751084447975
0.000113333333   264.240819781081
0.000114000000   263.738031741440
0.000114666667   263.242681636307
0.000115333333   262.754731346374
0.000116000000   262.274143322829
0.000116666667   261.800880584460
0.000117333333   261.334906714809
0.000118000000   260.876185859358
0.000118666667   260.424682722770
0.000119333333   259.980362566164
0.000120000000   259.543191204439


0.000120000000   259.543191204439
0.000122500000   259.102524050328
0.000125000000   258.663005326240
0.000127500000   258.224629543154
0.000130000000   257.787391226428
0.000132500000   257.351284915734
0.000135000000   256.916305164984
0.000137500000   256.482446542266
0.000140000000   256.049703629775
0.000142500000   255.618071023742
0.000145000000   255.187543334368
0.000147500000   254.758115185755
0.000150000000   254.329781215842
0.000152500000   253.902536076330
0.000155000000   253.476374432621
0.000157500000   253.051290963750
0.000160000000   252.627280362316
0.000162500000   252.204337334414
0.000165000000   251.782456599572
0.000167500000   251.361632890683
0.000170000000   250.941860953938
0.000172500000   250.523135548758
0.000175000000   250.105451447733
0.000177500000   249.688803436552
0.000180000000   249.273186313938
0.000182500000   248.858594891584
0.000185000000   248.445023994086
0.000187500000   248.032468458880
0.000190000000   247.620923136172
0.000192500000   247.210382888881
0.000195000000   246.800842592567
0.000197500000   246.392297135369
0.000200000000   245.984741417944
0.000202500000   245.578170353396
0.000205000000   245.172578867218
0.000207500000   244.767961897226
0.000210000000   244.364314393493
0.000212500000   243.961631318290
0.000215000000   243.559907646016
0.000217500000   243.159138363144
0.000220000000   242.759318468149
0.000222500000   242.360442971448
0.000225000000   241.962506895340
0.000227500000   241.565505273940
0.000230000000   241.169433153118
0.000232500000   240.774285590435
0.000235000000   240.380057655083
0.000237500000   239.986744427821
0.000240000000   239.594341000914
0.000242500000   239.202842478072
0.000245000000   238.812243974386
0.000247500000   238.422540616269
0.000250000000   238.033727541392
0.000252500000   237.645799898628
0.000255000000   237.258752847982
0.000257500000   236.872581560540
0.000260000000   236.487281218401
0.000262500000   236.102847014619
0.000265000000   235.719274153143
0.000267500000   235.336557848756
0.000270000000   234.954693327014
0.000272500000   234.573675824188
0.000275000000   234.193500587202
0.000277500000   233.814162873572
0.000280000000   233.435657951352
0.000282500000   233.057981099068
0.000285000000   232.681127605660
0.000287500000   232.305092770427
0.000290000000   231.929871902963
0.000292500000   231.555460323099
0.000295000000   231.181853360847
0.000297500000   230.809046356335
0.000300000000   230.437034659757
0.000302500000   230.065813631308
0.000305000000   229.695378641125
0.000307500000   229.325725069234
0.000310000000   228.956848305489
0.000312500000   228.588743749512
0.000315000000   228.221406810639
0.000317500000   227.854832907859
0.000320000000   227.489017469759
0.000322500000   227.123955934464
0.000325000000   226.759643749580
0.000327500000   226.396076372141
0.000330000000   226.033249268543
0.000332500000   225.671157914497
0.000335000000   225.309797794965
0.000337500000   224.949164404105
0.000340000000   224.589253245217
0.000342500000   224.230059830683
0.000345000000   223.871579681910
0.000347500000   223.513808329278
0.000350000000   223.156741312082
0.000352500000   222.800374178471
0.000355000000   222.444702485399
0.000357500000   222.089721798566
0.000360000000   221.735427692363
0.000362500000   221.381815749813
0.000365000000   221.028881562520
0.000367500000   220.676620730612
0.000370000000   220.325028862685
0.000372500000   219.974101575748
0.000375000000   219.623834495167
0.000377500000   219.274223254612
0.000380000000   218.925263496001
0.000382500000   218.576950869445
0.000385000000   218.229281033193
0.000387500000   217.882249653579
0.000390000000   217.535852404965
0.000392500000   217.190084969688
0.000395000000   216.844943038007
0.000397500000   216.500422308046
0.000400000000   216.156518485743
0.000402500000   215.813227284792
0.000405000000   215.470544426593
0.000407500000   215.128465640196
0.000410000000   214.786986662248
0.000412500000   214.446103236940
0.000415000000   214.105811115951
0.000417500000   213.766106058399
0.000420000000   213.426983830782
0.000422500000   213.088440206929
0.000425000000   212.750470967947
0.000427500000   212.413071902164
0.000430000000   212.076238805081
0.000432500000   211.739967479315
0.000435000000   211.404253734548
0.000437500000   211.069093387475
0.000440000000   210.734482261751
0.000442500000   210.400416187937
0.000445000000   210.066891003449
0.000447500000   209.733902552506
0.000450000000   209.401446686077
0.000452500000   209.069519261829
0.000455000000   208.738116144073
0.000457500000   208.407233203717
0.000460000000   208.076866318209
0.000462500000   207.747011371487
0.000465000000   207.417664253927
0.000467500000   207.088820862295
0.000470000000   206.760477099689
0.000472500000   206.432628875490
0.000475000000   206.105272105314
0.000477500000   205.778402710955
0.000480000000   205.452016620340
0.000482500000   205.126109767471
0.000485000000   204.800678092379
0.000487500000   204.475717541071
0.000490000000   204.151224065479
0.000492500000   203.827193623411
0.000495000000   203.503622178495
0.000497500000   203.180505700136
0.000500000000   202.857840163459
0.000502500000   202.535621549260
0.000505000000   202.213845843958
0.000507500000   201.892509039540
0.000510000000   201.571607133517
0.000512500000   201.251136128867
0.000515000000   200.931092033988
0.000517500000   200.611470862649
0.000520000000   200.292268633937
0.000522500000   199.973481372209
0.000525000000   199.655105107042
0.000527500000   199.337135873182
0.000530000000   199.019569710494
0.000532500000   198.702402663913
0.000535000000   198.385630783397
0.000537500000   198.069250123872
0.000540000000   197.753256745184
0.000542500000   197.437646712054
0.000545000000   197.122416094021
0.000547500000   196.807560965401
0.000550000000   196.493077405230
0.000552500000   196.178961497219
0.000555000000   195.865209329704
0.000557500000   195.551816995597
0.000560000000   195.238780592337
0.000562500000   194.926096221839
0.000565000000   194.613759990447
0.000567500000   194.301768008887
0.000570000000   193.990116392212
0.000572500000   193.678801259759
0.000575000000   193.367818735100
0.000577500000   193.057164945987
0.000580000000   192.746836024312
0.000582500000   192.436828106053
0.000585000000   192.127137331225
0.000587500000   191.817759843836
0.000590000000   191.508691791833
0.000592500000   191.199929327059
0.000595000000   190.891468605200
0.000597500000   190.583305785739
0.000600000000   190.275437031909
0.000602500000   189.967858510642
0.000605000000   189.660566392522
0.000607500000   189.353556851737
0.000610000000   189.046826066031
0.000612500000   188.740370216657
0.000615000000   188.434185488326
0.000617500000   188.128268069163
0.000620000000   187.822614150655


