0.000000000000   470.429670706028
0.000000133333   470.240067486965
0.000000266667   470.050497726371
0.000000400000   469.860961403166
0.000000533333   469.671458496271
0.000000666667   469.481988984610
0.000000800000   469.292552847114
0.000000933333   469.103150062715
0.000001066667   468.913780610350
0.000001200000   468.724444468959
0.000001333333   468.535141617487
0.000001466667   468.345872034880
0.000001600000   468.156635700091
0.000001733333   467.967432592075
0.000001866667   467.778262689789
0.000002000000   467.589125972198
0.000002133333   467.400022418267
0.000002266667   467.210952006967
0.000002400000   467.021914717270
0.000002533333   466.832910528154
0.000002666667   466.643939418600
0.000002800000   466.455001367594
0.000002933333   466.266096354122
0.000003066667   466.077224357178
0.000003200000   465.888385355757
0.000003333333   465.699579328858
0.000003466667   465.510806255485
0.000003600000   465.322066114644
0.000003733333   465.133358885346
0.000003866667   464.944684546605
0.000004000000   464.756043077439
0.000004133333   464.567434456868
0.000004266667   464.378858663918
0.000004400000   464.190315677619
0.000004533333   464.001805477001
0.000004666667   463.813328041102
0.000004800000   463.624883348960
0.000004933333   463.436471379620
0.000005066667   463.248092112128
0.000005200000   463.059745525534
0.000005333333   462.871431598894
0.000005466667   462.683150311264
0.000005600000   462.494901641707
0.000005733333   462.306685569288
0.000005866667   462.118502073075
0.000006000000   461.930351132140
0.000006133333   461.742232725561
0.000006266667   461.554146832416
0.000006400000   461.366093431789
0.000006533333   461.178072502767
0.000006666667   460.990084024440
0.000006800000   460.802127975902
0.000006933333   460.614204336252
0.000007066667   460.426313084590
0.000007200000   460.238454200022
0.000007333333   460.050627661656
0.000007466667   459.862833448604
0.000007600000   459.675071539982
0.000007733333   459.487341914910
0.000007866667   459.299644552509
0.000008000000   459.111979431908
0.000008133333   458.924346532236
0.000008266667   458.736745832627
0.000008400000   458.549177312218
0.000008533333   458.361640950151
0.000008666667   458.174136725569
0.000008800000   457.986664617620
0.000008933333   457.799224605457
0.000009066667   457.611816668235
0.000009200000   457.424440785111
0.000009333333   457.237096935250
0.000009466667   457.049785097817
0.000009600000   456.862505251980
0.000009733333   456.675257376914
0.000009866667   456.488041451795
0.000010000000   456.300857455803
0.000010133333   456.113705368121
0.000010266667   455.926585167938
0.000010400000   455.739496834444
0.000010533333   455.552440346833
0.000010666667   455.365415684303
0.000010800000   455.178422826056
0.000010933333   454.991461751298
0.000011066667   454.804532439235
0.000011200000   454.617634869081
0.000011333333   454.430769020052
0.000011466667   454.243934871365
0.000011600000   454.057132402245
0.000011733333   453.870361591916
0.000011866667   453.683622419610
0.000012000000   453.496914864560
0.000012133333   453.310238906001
0.000012266667   453.123594523175
0.000012400000   452.936981695325
0.000012533333   452.750400401699
0.000012666667   452.563850621547
0.000012800000   452.377332334125
0.000012933333   452.190845518689
0.000013066667   452.004390154501
0.000013200000   451.817966220826
0.000013333333   451.631573696933
0.000013466667   451.445212562093
0.000013600000   451.258882795583
0.000013733333   451.072584376679
0.000013866667   450.886317284666
0.000014000000   450.700081498829
0.000014133333   450.513876998457
0.000014266667   450.327703762843
0.000014400000   450.141561771284
0.000014533333   449.955451003079
0.000014666667   449.769371437531
0.000014800000   449.583323053948
0.000014933333   449.397305831639
0.000015066667   449.211319749919
0.000015200000   449.025364788104
0.000015333333   448.839440925515
0.000015466667   448.653548141476
0.000015600000   448.467686415314
0.000015733333   448.281855726362
0.000015866667   448.096056053953
0.000016000000   447.910287377424
0.000016133333   447.724549676119
0.000016266667   447.538842929380
0.000016400000   447.353167116558
0.000016533333   447.167522217002
0.000016666667   446.981908210069
0.000016800000   446.796325075117
0.000016933333   446.610772791508
0.000017066667   446.425251338608
0.000017200000   446.239760695786
0.000017333333   446.054300842413
0.000017466667   445.868871757866
0.000017600000   445.683473421524
0.000017733333   445.498105812769
0.000017866667   445.312768910988
0.000018000000   445.127462695570
0.000018133333   444.942187145908
0.000018266667   444.756942241398
0.000018400000   444.571727961440
0.000018533333   444.386544285438
0.000018666667   444.201391192796
0.000018800000   444.016268662927
0.000018933333   443.831176675242
0.000019066667   443.646115209159
0.000019200000   443.461084244098
0.000019333333   443.276083759483
0.000019466667   443.091113734739
0.000019600000   442.906174149298
0.000019733333   442.721264982594
0.000019866667   442.536386214062
0.000020000000   442.351537823145


0.000020000000   442.351537823145
0.000020666667   440.050399109186
0.000021333333   437.770276420349
0.000022000000   435.510994045743
0.000022666667   433.272377881175
0.000023333333   431.054255415721
0.000024000000   428.856455718431
0.000024666667   426.678809425151
0.000025333333   424.521148725462
0.000026000000   422.383307349748
0.000026666667   420.265120556373
0.000027333333   418.166425118984
0.000028000000   416.087059313923
0.000028666667   414.026862907764
0.000029333333   411.985677144956
0.000030000000   409.963344735584
0.000030666667   407.959709843247
0.000031333333   405.974618073036
0.000032000000   404.007916459639
0.000032666667   402.059453455545
0.000033333333   400.129078919359
0.000034000000   398.216644104227
0.000034666667   396.322001646372
0.000035333333   394.445005553729
0.000036000000   392.585511194692
0.000036666667   390.743375286964
0.000037333333   388.918455886508
0.000038000000   387.110612376605
0.000038666667   385.319705457017
0.000039333333   383.545597133241
0.000040000000   381.788150705875
0.000040666667   380.047230760079
0.000041333333   378.322703155131
0.000042000000   376.614435014092
0.000042666667   374.922294713557
0.000043333333   373.246151873507
0.000044000000   371.585877347263
0.000044666667   369.941343211523
0.000045333333   368.312422756502
0.000046000000   366.698990476167
0.000046666667   365.100922058553
0.000047333333   363.518094376189
0.000048000000   361.950385476597
0.000048666667   360.397674572895
0.000049333333   358.859842034483
0.000050000000   357.336769377821
0.000050666667   355.828339257294
0.000051333333   354.334435456165
0.000052000000   352.854942877615
0.000052666667   351.389747535871
0.000053333333   349.938736547418
0.000054000000   348.501798122294
0.000054666667   347.078821555474
0.000055333333   345.669697218334
0.000056000000   344.274316550200
0.000056666667   342.892572049977
0.000057333333   341.524357267864
0.000058000000   340.169566797143
0.000058666667   338.828096266057
0.000059333333   337.499842329761
0.000060000000   336.184702662353
0.000060666667   334.882575948990
0.000061333333   333.593361878073
0.000062000000   332.316961133516
0.000062666667   331.053275387085
0.000063333333   329.802207290823
0.000064000000   328.563660469542
0.000064666667   327.337539513392
0.000065333333   326.123749970508
0.000066000000   324.922198339725
0.000066666667   323.732792063372
0.000067333333   322.555439520135
0.000068000000   321.390050017996
0.000068666667   320.236533787235
0.000069333333   319.094801973517
0.000070000000   317.964766631036
0.000070666667   316.846340715735
0.000071333333   315.739438078600
0.000072000000   314.643973459013
0.000072666667   313.559862478182
0.000073333333   312.487021632635
0.000074000000   311.425368287781
0.000074666667   310.374820671541
0.000075333333   309.335297868042
0.000076000000   308.306719811382
0.000076666667   307.289007279452
0.000077333333   306.282081887834
0.000078000000   305.285866083755
0.000078666667   304.300283140105
0.000079333333   303.325257149530
0.000080000000   302.360713018571
0.000080666667   301.406576461881
0.000081333333   300.462773996493
0.000082000000   299.529232936160
0.000082666667   298.605881385746
0.000083333333   297.692648235686
0.000084000000   296.789463156506
0.000084666667   295.896256593394
0.000085333333   295.012959760846
0.000086000000   294.139504637356
0.000086666667   293.275823960176
0.000087333333   292.421851220129
0.000088000000   291.577520656482
0.000088666667   290.742767251873
0.000089333333   289.917526727303
0.000090000000   289.101735537180
0.000090666667   288.295330864416
0.000091333333   287.498250615586
0.000092000000   286.710433416144
0.000092666667   285.931818605685
0.000093333333   285.162346233274
0.000094000000   284.401957052822
0.000094666667   283.650592518519
0.000095333333   282.908194780316
0.000096000000   282.174706679473
0.000096666667   281.450071744146
0.000097333333   280.734234185035
0.000098000000   280.027138891084
0.000098666667   279.328731425230
0.000099333333   278.638958020209
0.000100000000   277.957765574409
0.000100666667   277.285101647774
0.000101333333   276.620914457765
0.000102000000   275.965152875368
0.000102666667   275.317766421148
0.000103333333   274.678705261359
0.000104000000   274.047920204105
0.000104666667   273.425362695543
0.000105333333   272.810984816142
0.000106000000   272.204739276990
0.000106666667   271.606579416145
0.000107333333   271.016459195040
0.000108000000   270.434333194932
0.000108666667   269.860156613403
0.000109333333   269.293885260901
0.000110000000   268.735475557340
0.000110666667   268.184884528733
0.000111333333   267.642069803884
0.000112000000   267.106989611121
0.000112666667   266.579602775071
0.000113333333   266.059868713491
0.000114000000   265.547747434137
0.000114666667   265.043199531680
0.000115333333   264.546186184670
0.000116000000   264.056669152539
0.000116666667   263.574610772660
0.000117333333   263.099973957435
0.000118000000   262.632722191442
0.000118666667   262.172819528617
0.000119333333   261.720230589483
0.000120000000   261.274920558423


0.000120000000   261.274920558423
0.000122500000   260.826047904335
0.000125000000   260.378344582302
0.000127500000   259.931805004522
0.000130000000   259.486423597830
0.000132500000   259.042194803622
0.000135000000   258.599113077793
0.000137500000   258.157172890661
0.000140000000   257.716368726900
0.000142500000   257.276695085469
0.000145000000   256.838146479548
0.000147500000   256.400717436459
0.000150000000   255.964402497606
0.000152500000   255.529196218404
0.000155000000   255.095093168208
0.000157500000   254.662087930245
0.000160000000   254.230175101550
0.000162500000   253.799349292893
0.000165000000   253.369605128712
0.000167500000   252.940937247050
0.000170000000   252.513340299479
0.000172500000   252.086808951043
0.000175000000   251.661337880180
0.000177500000   251.236921778665
0.000180000000   250.813555351536
0.000182500000   250.391233317030
0.000185000000   249.969950406516
0.000187500000   249.549701364432
0.000190000000   249.130480948212
0.000192500000   248.712283928227
0.000195000000   248.295105087715
0.000197500000   247.878939222715
0.000200000000   247.463781142005
0.000202500000   247.049625667033
0.000205000000   246.636467631856
0.000207500000   246.224301883069
0.000210000000   245.813123279746
0.000212500000   245.402926693371
0.000215000000   244.993707007778
0.000217500000   244.585459119080
0.000220000000   244.178177935612
0.000222500000   243.771858377862
0.000225000000   243.366495378408
0.000227500000   242.962083881858
0.000230000000   242.558618844779
0.000232500000   242.156095235640
0.000235000000   241.754508034747
0.000237500000   241.353852234178
0.000240000000   240.954122837723
0.000242500000   240.555314860816
0.000245000000   240.157423330480
0.000247500000   239.760443285258
0.000250000000   239.364369775151
0.000252500000   238.969197861561
0.000255000000   238.574922617222
0.000257500000   238.181539126144
0.000260000000   237.789042483546
0.000262500000   237.397427795798
0.000265000000   237.006690180358
0.000267500000   236.616824765711
0.000270000000   236.227826691306
0.000272500000   235.839691107499
0.000275000000   235.452413175486
0.000277500000   235.065988067249
0.000280000000   234.680410965487
0.000282500000   234.295677063565
0.000285000000   233.911781565446
0.000287500000   233.528719685633
0.000290000000   233.146486649109
0.000292500000   232.765077691280
0.000295000000   232.384488057907
0.000297500000   232.004713005057
0.000300000000   231.625747799032
0.000302500000   231.247587716319
0.000305000000   230.870228043526
0.000307500000   230.493664077322
0.000310000000   230.117891124380
0.000312500000   229.742904501317
0.000315000000   229.368699534637
0.000317500000   228.995271560667
0.000320000000   228.622615925506
0.000322500000   228.250727984959
0.000325000000   227.879603104483
0.000327500000   227.509236659129
0.000330000000   227.139624033480
0.000332500000   226.770760621599
0.000335000000   226.402641826963
0.000337500000   226.035263062414
0.000340000000   225.668619750095
0.000342500000   225.302707321393
0.000345000000   224.937521216888
0.000347500000   224.573056886284
0.000350000000   224.209309788365
0.000352500000   223.846275390927
0.000355000000   223.483949170727
0.000357500000   223.122326613425
0.000360000000   222.761403213526
0.000362500000   222.401174474325
0.000365000000   222.041635907849
0.000367500000   221.682783034801
0.000370000000   221.324611384504
0.000372500000   220.967116494846
0.000375000000   220.610293912221
0.000377500000   220.254139191475
0.000380000000   219.898647895851
0.000382500000   219.543815596930
0.000385000000   219.189637874578
0.000387500000   218.836110316890
0.000390000000   218.483228520136
0.000392500000   218.130988088700
0.000395000000   217.779384635032
0.000397500000   217.428413779589
0.000400000000   217.078071150778
0.000402500000   216.728352384908
0.000405000000   216.379253126126
0.000407500000   216.030769026370
0.000410000000   215.682895745310
0.000412500000   215.335628950296
0.000415000000   214.988964316301
0.000417500000   214.642897525869
0.000420000000   214.297424269058
0.000422500000   213.952540243390
0.000425000000   213.608241153792
0.000427500000   213.264522712546
0.000430000000   212.921380639233
0.000432500000   212.578810660681
0.000435000000   212.236808510907
0.000437500000   211.895369931071
0.000440000000   211.554490669414
0.000442500000   211.214166481211
0.000445000000   210.874393128714
0.000447500000   210.535166381101
0.000450000000   210.196482014420
0.000452500000   209.858335811541
0.000455000000   209.520723562096
0.000457500000   209.183641062432
0.000460000000   208.847084115556
0.000462500000   208.511048531081
0.000465000000   208.175530125177
0.000467500000   207.840524720515
0.000470000000   207.506028146213
0.000472500000   207.172036237791
0.000475000000   206.838544837111
0.000477500000   206.505549792328
0.000480000000   206.173046957837
0.000482500000   205.841032194222
0.000485000000   205.509501368205
0.000487500000   205.178450352590
0.000490000000   204.847875026215
0.000492500000   204.517771273899
0.000495000000   204.188134986389
0.000497500000   203.858962060311
0.000500000000   203.530248398116
0.000502500000   203.201989908030
0.000505000000   202.874182504002
0.000507500000   202.546822105654
0.000510000000   202.219904638228
0.000512500000   201.893426032533
0.000515000000   201.567382224900
0.000517500000   201.241769157125
0.000520000000   200.916582776421
0.000522500000   200.591819035367
0.000525000000   200.267473891855
0.000527500000   199.943543309042
0.000530000000   199.620023255298
0.000532500000   199.296909704155
0.000535000000   198.974198634258
0.000537500000   198.651886029311
0.000540000000   198.329967878032
0.000542500000   198.008440174098
0.000545000000   197.687298916096
0.000547500000   197.366540107473
0.000550000000   197.046159756486
0.000552500000   196.726153876154
0.000555000000   196.406518484201
0.000557500000   196.087249603016
0.000560000000   195.768343259592
0.000562500000   195.449795485487
0.000565000000   195.131602316766
0.000567500000   194.813759793955
0.000570000000   194.496263961990
0.000572500000   194.179110870168
0.000575000000   193.862296572099
0.000577500000   193.545817125651
0.000580000000   193.229668592908
0.000582500000   192.913847040113
0.000585000000   192.598348537626
0.000587500000   192.283169159869
0.000590000000   191.968304985279
0.000592500000   191.653752096258
0.000595000000   191.339506579124
0.000597500000   191.025564524065
0.000600000000   190.711922025083
0.000602500000   190.398575179952
0.000605000000   190.085520090165
0.000607500000   189.772752860886
0.000610000000   189.460269600901
0.000612500000   189.148066422569
0.000615000000   188.836139441775
0.000617500000   188.524484777880
0.000620000000   188.213098553668


