0.000000000000   907.629139181309
0.000000060000   904.174015268131
0.000000120000   900.784091007461
0.000000180000   897.456526640111
0.000000240000   894.188611781175
0.000000300000   890.977759501877
0.000000360000   887.821500682233
0.000000420000   884.717478622140
0.000000480000   881.663443899060
0.000000540000   878.657249461029
0.000000600000   875.696845944210
0.000000660000   872.780277204734
0.000000720000   869.905676055012
0.000000780000   867.071260195167
0.000000840000   864.275328330665
0.000000900000   861.516256467623
0.000000960000   858.792494377663
0.000001020000   856.102562224564
0.000001080000   853.445047345301
0.000001140000   850.818601178419
0.000001200000   848.221936332993
0.000001260000   845.653823791753
0.000001320000   843.113090242230
0.000001380000   840.598615530070
0.000001440000   838.109330228934
0.000001500000   835.644213321643
0.000001560000   833.202289987484
0.000001620000   830.782629490832
0.000001680000   828.384343166440
0.000001740000   826.006582496987
0.000001800000   823.648537278664
0.000001860000   821.309433870771
0.000001920000   818.988533525494
0.000001980000   816.685130794178
0.000002040000   814.398552006627
0.000002100000   812.128153820066
0.000002160000   809.873321834604
0.000002220000   807.633469272153
0.000002280000   805.408035715894
0.000002340000   803.196485907543
0.000002400000   800.998308599768
0.000002460000   798.813015461239
0.000002520000   796.640140031908
0.000002580000   794.479236726235
0.000002640000   792.329879882168
0.000002700000   790.191662853783
0.000002760000   788.064197145611
0.000002820000   785.947111586735
0.000002880000   783.840051542855
0.000002940000   781.742678164596
0.000003000000   779.654667670395


0.000003000000   766.886895239262
0.000003170000   765.121585522336
0.000003340000   763.364643287324
0.000003510000   761.615998744104
0.000003680000   759.875583385812
0.000003850000   758.143329958603
0.000004020000   756.419172432181
0.000004190000   754.703045971069
0.000004360000   752.994886906613
0.000004530000   751.294632709688
0.000004700000   749.602221964100
0.000004870000   747.917594340658
0.000005040000   746.240690571902
0.000005210000   744.571452427473
0.000005380000   742.909822690103
0.000005550000   741.255745132214
0.000005720000   739.609164493111
0.000005890000   737.970026456747
0.000006060000   736.338277630055
0.000006230000   734.713865521826
0.000006400000   733.096738522122
0.000006570000   731.486845882210
0.000006740000   729.884137695000
0.000006910000   728.288564875987
0.000007080000   726.700079144663
0.000007250000   725.118633006410
0.000007420000   723.544179734844
0.000007590000   721.976673354609
0.000007760000   720.416068624605
0.000007930000   718.862321021643
0.000008100000   717.315386724509
0.000008270000   715.775222598437
0.000008440000   714.241786179971
0.000008610000   712.715035662211
0.000008780000   711.194929880435
0.000008950000   709.681428298083
0.000009120000   708.174490993096
0.000009290000   706.674078644604
0.000009460000   705.180152519946
0.000009630000   703.692674462028
0.000009800000   702.211606876992
0.000009970000   700.736912722205
0.000010140000   699.268555494549
0.000010310000   697.806499219015
0.000010480000   696.350708437573
0.000010650000   694.901148198344
0.000010820000   693.457784045031
0.000010990000   692.020582006629
0.000011160000   690.589508587394
0.000011330000   689.164530757068
0.000011500000   687.745615941351
0.000011670000   686.332732012623
0.000011840000   684.925847280899
0.000012010000   683.524930485011
0.000012180000   682.129950784027
0.000012350000   680.740877748880
0.000012520000   679.357681354218
0.000012690000   677.980331970461
0.000012860000   676.608800356063
0.000013030000   675.243057649975
0.000013200000   673.883075364301
0.000013370000   672.528825377145
0.000013540000   671.180279925645
0.000013710000   669.837411599184
0.000013880000   668.500193332781
0.000014050000   667.168598400656
0.000014220000   665.842600409957
0.000014390000   664.522173294661
0.000014560000   663.207291309623
0.000014730000   661.897929024797
0.000014900000   660.594061319596
0.000015070000   659.295663377409
0.000015240000   658.002710680265
0.000015410000   656.715179003633
0.000015580000   655.433044411370
0.000015750000   654.156283250797
0.000015920000   652.884872147914
0.000016090000   651.618788002742
0.000016260000   650.358007984794
0.000016430000   649.102509528670
0.000016600000   647.852270329770
0.000016770000   646.607268340133
0.000016940000   645.367481764384
0.000017110000   644.132889055802
0.000017280000   642.903468912495
0.000017450000   641.679200273686
0.000017620000   640.460062316102
0.000017790000   639.246034450474
0.000017960000   638.037096318133
0.000018130000   636.833227787710
0.000018300000   635.634408951930
0.000018470000   634.440620124508
0.000018640000   633.251841837134
0.000018810000   632.068054836552
0.000018980000   630.889240081733
0.000019150000   629.715378741130
0.000019320000   628.546452190027
0.000019490000   627.382442007968
0.000019660000   626.223329976277
0.000019830000   625.069098075653
0.000020000000   623.919728483849


0.000020000000   498.145635842690
0.000020666667   493.206233163581
0.000021333333   488.320935273689
0.000022000000   483.489138033347
0.000022666667   478.710246411200
0.000023333333   473.983674246004
0.000024000000   469.308844019511
0.000024666667   464.685186639807
0.000025333333   460.112141234519
0.000026000000   455.589154953306
0.000026666667   451.115682779132
0.000027333333   446.691187347807
0.000028000000   442.315138775340
0.000028666667   437.987014492661
0.000029333333   433.706299087305
0.000030000000   429.472484151668
0.000030666667   425.285068137470
0.000031333333   421.143556216087
0.000032000000   417.047460144428
0.000032666667   412.996298136055
0.000033333333   408.989594737260
0.000034000000   405.026880707835
0.000034666667   401.107692906281
0.000035333333   397.231574179223
0.000036000000   393.398073254797
0.000036666667   389.606744639822
0.000037333333   385.857148520533
0.000038000000   382.148850666711
0.000038666667   378.481422339026
0.000039333333   374.854440199430
0.000040000000   371.267486224449
0.000040666667   367.720147621219
0.000041333333   364.212016746146
0.000042000000   360.742691026040
0.000042666667   357.311772881627
0.000043333333   353.918869653295
0.000044000000   350.563593528993
0.000044666667   347.245561474168
0.000045333333   343.964395163646
0.000046000000   340.719720915368
0.000046666667   337.511169625898
0.000047333333   334.338376707618
0.000048000000   331.200982027546
0.000048666667   328.098629847688
0.000049333333   325.030968766871
0.000050000000   321.997651663996
0.000050666667   318.998335642631
0.000051333333   316.032681976917
0.000052000000   313.100356058707
0.000052666667   310.201027345906
0.000053333333   307.334369311955
0.000054000000   304.500059396417
0.000054666667   301.697778956627
0.000055333333   298.927213220354
0.000056000000   296.188051239453
0.000056666667   293.479985844458
0.000057333333   290.802713600093
0.000058000000   288.155934761655
0.000058666667   285.539353232255
0.000059333333   282.952676520876
0.000060000000   280.395615701231
0.000060666667   277.867885371377
0.000061333333   275.369203614091
0.000062000000   272.899291957949
0.000062666667   270.457875339117
0.000063333333   268.044682063815
0.000064000000   265.659443771438
0.000064666667   263.301895398319
0.000065333333   260.971775142112
0.000066000000   258.668824426782
0.000066666667   256.392787868180
0.000067333333   254.143413240195
0.000068000000   251.920451441459
0.000068666667   249.723656462603
0.000069333333   247.552785354040
0.000070000000   245.407598194266
0.000070666667   243.287858058671
0.000071333333   241.193330988842
0.000072000000   239.123785962348
0.000072666667   237.078994863006
0.000073333333   235.058732451601
0.000074000000   233.062776337062
0.000074666667   231.090906948091
0.000075333333   229.142907505213
0.000076000000   227.218563993264
0.000076666667   225.317665134292
0.000077333333   223.440002360877
0.000078000000   221.585369789843
0.000078666667   219.753564196375
0.000079333333   217.944384988523
0.000080000000   216.157634182092
0.000080666667   214.393116375900
0.000081333333   212.650638727418
0.000082000000   210.930010928764
0.000082666667   209.231045183063
0.000083333333   207.553556181159
0.000084000000   205.897361078670
0.000084666667   204.262279473392
0.000085333333   202.648133383038
0.000086000000   201.054747223312
0.000086666667   199.481947786307
0.000087333333   197.929564219233
0.000088000000   196.397428003461
0.000088666667   194.885372933884
0.000089333333   193.393235098588
0.000090000000   191.920852858831
0.000090666667   190.468066829327
0.000091333333   189.034719858831
0.000092000000   187.620657011015
0.000092666667   186.225725545641
0.000093333333   184.849774900026
0.000094000000   183.492656670787
0.000094666667   182.154224595874
0.000095333333   180.834334536881
0.000096000000   179.532844461633
0.000096666667   178.249614427049
0.000097333333   176.984506562276
0.000098000000   175.737385052088
0.000098666667   174.508116120555
0.000099333333   173.296568014971
0.000100000000   172.102610990048
0.000100666667   170.926117292359
0.000101333333   169.766961145046
0.000102000000   168.625018732771
0.000102666667   167.500168186930
0.000103333333   166.392289571102
0.000104000000   165.301264866756
0.000104666667   164.226977959190
0.000105333333   163.169314623726
0.000106000000   162.128162512131
0.000106666667   161.103411139285
0.000107333333   160.094951870081
0.000108000000   159.102677906561
0.000108666667   158.126484275282
0.000109333333   157.166267814909
0.000110000000   156.221927164050
0.000110666667   155.293362749299
0.000111333333   154.380476773516
0.000112000000   153.483173204331
0.000112666667   152.601357762861
0.000113333333   151.734937912656
0.000114000000   150.883822848859
0.000114666667   150.047923487585
0.000115333333   149.227152455511
0.000116000000   148.421424079689
0.000116666667   147.630654377567
0.000117333333   146.854761047217
0.000118000000   146.093663457781
0.000118666667   145.347282640122
0.000119333333   144.615541277682
0.000120000000   143.898363697552


0.000120000000   143.898363697552
0.000122500000   143.122827185775
0.000125000000   142.350106660973
0.000127500000   141.580185592681
0.000130000000   140.813047520658
0.000132500000   140.048676054441
0.000135000000   139.287054872913
0.000137500000   138.528167723858
0.000140000000   137.771998423529
0.000142500000   137.018530856215
0.000145000000   136.267748973808
0.000147500000   135.519636795373
0.000150000000   134.774178406724
0.000152500000   134.031357959992
0.000155000000   133.291159673209
0.000157500000   132.553567829881
0.000160000000   131.818566778569
0.000162500000   131.086140932476
0.000165000000   130.356274769024
0.000167500000   129.628952829447
0.000170000000   128.904159718372
0.000172500000   128.181880103416
0.000175000000   127.462098714774
0.000177500000   126.744800344811
0.000180000000   126.029969847662
0.000182500000   125.317592138826
0.000185000000   124.607652194767
0.000187500000   123.900135052512
0.000190000000   123.195025809257
0.000192500000   122.492309621970
0.000195000000   121.791971706999
0.000197500000   121.093997339677
0.000200000000   120.398371853933
0.000202500000   119.705080641907
0.000205000000   119.014109153555
0.000207500000   118.325442896276
0.000210000000   117.639067434515
0.000212500000   116.954968389393
0.000215000000   116.273131438321
0.000217500000   115.593542314623
0.000220000000   114.916186807158
0.000222500000   114.241050759949
0.000225000000   113.568120071805
0.000227500000   112.897380695951
0.000230000000   112.228818639659
0.000232500000   111.562419963879
0.000235000000   110.898170782871
0.000237500000   110.236057263839
0.000240000000   109.576065626571
0.000242500000   108.918182143071
0.000245000000   108.262393137204
0.000247500000   107.608684984332
0.000250000000   106.957044110960
0.000252500000   106.307456994377
0.000255000000   105.659910162304
0.000257500000   105.014390192537
0.000260000000   104.370883712600
0.000262500000   103.729377399391
0.000265000000   103.089857978836
0.000267500000   102.452312225537
0.000270000000   101.816726962432
0.000272500000   101.183089060446
0.000275000000   100.551385438153
0.000277500000   99.921603061425
0.000280000000   99.293728943104
0.000282500000   98.667750142650
0.000285000000   98.043653765816
0.000287500000   97.421426964302
0.000290000000   96.801056935425
0.000292500000   96.182530921785
0.000295000000   95.565836210931
0.000297500000   94.950960135033
0.000300000000   94.337890070549
0.000302500000   93.726613437899
0.000305000000   93.117117701138
0.000307500000   92.509390367630
0.000310000000   91.903418987722
0.000312500000   91.299191154423
0.000315000000   90.696694503081
0.000317500000   90.095916711063
0.000320000000   89.496845497434
0.000322500000   88.899468622641
0.000325000000   88.303773888193
0.000327500000   87.709749136349
0.000330000000   87.117382249800
0.000332500000   86.526661151357
0.000335000000   85.937573803637
0.000337500000   85.350108208757
0.000340000000   84.764252408016
0.000342500000   84.179994481593
0.000345000000   83.597322548237
0.000347500000   83.016224764959
0.000350000000   82.436689326728
0.000352500000   81.858704466167
0.000355000000   81.282258453247
0.000357500000   80.707339594990
0.000360000000   80.133936235162
0.000362500000   79.562036753978
0.000365000000   78.991629567798
0.000367500000   78.422703128836
0.000370000000   77.855245924853
0.000372500000   77.289246478873
0.000375000000   76.724693348879
0.000377500000   76.161575127523
0.000380000000   75.599880441833
0.000382500000   75.039597952920
0.000385000000   74.480716355689
0.000387500000   73.923224378547
0.000390000000   73.367110783117
0.000392500000   72.812364363946
0.000395000000   72.258973948223
0.000397500000   71.706928395488
0.000400000000   71.156216597351
0.000402500000   70.606827477205
0.000405000000   70.058749989945
0.000407500000   69.511973121683
0.000410000000   68.966485889470
0.000412500000   68.422277341013
0.000415000000   67.879336554395
0.000417500000   67.337652637798
0.000420000000   66.797214729226
0.000422500000   66.258011996222
0.000425000000   65.720033635602
0.000427500000   65.183268873168
0.000430000000   64.647706963443
0.000432500000   64.113337189392
0.000435000000   63.580148862151
0.000437500000   63.048131320756
0.000440000000   62.517273931868
0.000442500000   61.987566089507
0.000445000000   61.458997214779
0.000447500000   60.931556755609
0.000450000000   60.405234186472
0.000452500000   59.880019008127
0.000455000000   59.355900747346
0.000457500000   58.832868956656
0.000460000000   58.310913214066
0.000462500000   57.790023122808
0.000465000000   57.270188311069
0.000467500000   56.751398431731
0.000470000000   56.233643162110
0.000472500000   55.716912203689
0.000475000000   55.201195281864
0.000477500000   54.686482145679
0.000480000000   54.172762567566
0.000482500000   53.660026343091
0.000485000000   53.148263290691
0.000487500000   52.637463251418
0.000490000000   52.127616088685
0.000492500000   51.618711688005
0.000495000000   51.110739956736
0.000497500000   50.603690823832
0.000500000000   50.097554239580
0.000502500000   49.592320175352
0.000505000000   49.087978623349
0.000507500000   48.584519596352
0.000510000000   48.081933127466
0.000512500000   47.580209269868
0.000515000000   47.079338096563
0.000517500000   46.579309700123
0.000520000000   46.080114192448
0.000522500000   45.581741704509
0.000525000000   45.084182386104
0.000527500000   44.587426405606
0.000530000000   44.091463949719
0.000532500000   43.596285223229
0.000535000000   43.101880448758
0.000537500000   42.608239866515
0.000540000000   42.115353734056
0.000542500000   41.623212326035
0.000545000000   41.131805933960
0.000547500000   40.641124865948
0.000550000000   40.151159446483
0.000552500000   39.661900016172
0.000555000000   39.173336931502
0.000557500000   38.685460564599
0.000560000000   38.198261302983
0.000562500000   37.711729549330
0.000565000000   37.225855721227
0.000567500000   36.740630250936
0.000570000000   36.256043585150
0.000572500000   35.772086184756
0.000575000000   35.288748524591
0.000577500000   34.806021093209
0.000580000000   34.323894392638
0.000582500000   33.842358938141
0.000585000000   33.361405257984
0.000587500000   32.881023893190
0.000590000000   32.401205397308
0.000592500000   31.921940336174
0.000595000000   31.443219287675
0.000597500000   30.965032841509
0.000600000000   30.487371598957
0.000602500000   30.010226172638
0.000605000000   29.533587186281
0.000607500000   29.057445274486
0.000610000000   28.581791082492
0.000612500000   28.106615265938
0.000615000000   27.631908490635
0.000617500000   27.157661432327
0.000620000000   26.683864776460


