0.000000000000   855.362942815100
0.000000133333   853.276888599018
0.000000266667   851.207127366765
0.000000400000   849.153411072574
0.000000533333   847.115496434504
0.000000666667   845.093144839728
0.000000800000   843.086122251727
0.000000933333   841.094199119348
0.000001066667   839.117150287686
0.000001200000   837.154754910753
0.000001333333   835.206796365904
0.000001466667   833.273062169979
0.000001600000   831.353343897128
0.000001733333   829.447437098286
0.000001866667   827.555141222269
0.000002000000   825.676259538446
0.000002133333   823.810599060972
0.000002266667   821.957970474538
0.000002400000   820.118188061613
0.000002533333   818.291069631146
0.000002666667   816.476436448705
0.000002800000   814.674113168010
0.000002933333   812.883927763851
0.000003066667   811.105711466348
0.000003200000   809.339298696533
0.000003333333   807.584527003224
0.000003466667   805.841237001171
0.000003600000   804.109272310444
0.000003733333   802.388479497037
0.000003866667   800.678708014665
0.000004000000   798.979810147738
0.000004133333   797.291640955468
0.000004266667   795.614058217116
0.000004400000   793.946922378323
0.000004533333   792.290096498535
0.000004666667   790.643446199474
0.000004800000   789.006839614652
0.000004933333   787.380147339896
0.000005066667   785.763242384876
0.000005200000   784.156000125593
0.000005333333   782.558298257844
0.000005466667   780.970016751603
0.000005600000   779.391037806334
0.000005733333   777.821245807200
0.000005866667   776.260527282146
0.000006000000   774.708770859864
0.000006133333   773.165867228582
0.000006266667   771.631709095705
0.000006400000   770.106191148251
0.000006533333   768.589210014099
0.000006666667   767.080664224007
0.000006800000   765.580454174403
0.000006933333   764.088482090924
0.000007066667   762.604651992692
0.000007200000   761.128869657304
0.000007333333   759.661042586541
0.000007466667   758.201079972759
0.000007600000   756.748892665963
0.000007733333   755.304393141546
0.000007866667   753.867495468677
0.000008000000   752.438115279336
0.000008133333   751.016169737965
0.000008266667   749.601577511742
0.000008400000   748.194258741448
0.000008533333   746.794135012934
0.000008666667   745.401129329156
0.000008800000   744.015166082784
0.000008933333   742.636171029365
0.000009066667   741.264071261025
0.000009200000   739.898795180714
0.000009333333   738.540272476965
0.000009466667   737.188434099171
0.000009600000   735.843212233369
0.000009733333   734.504540278501
0.000009866667   733.172352823178
0.000010000000   731.846585622903
0.000010133333   730.527175577765
0.000010266667   729.214060710586
0.000010400000   727.907180145515
0.000010533333   726.606474087056
0.000010666667   725.311883799532
0.000010800000   724.023351586963
0.000010933333   722.740820773357
0.000011066667   721.464235683407
0.000011200000   720.193541623587
0.000011333333   718.928684863626
0.000011466667   717.669612618377
0.000011600000   716.416273030048
0.000011733333   715.168615150805
0.000011866667   713.926588925732
0.000012000000   712.690145176146
0.000012133333   711.459235583252
0.000012266667   710.233812672141
0.000012400000   709.013829796119
0.000012533333   707.799241121365
0.000012666667   706.590001611896
0.000012800000   705.386067014866
0.000012933333   704.187393846148
0.000013066667   702.993939376242
0.000013200000   701.805661616457
0.000013333333   700.622519305398
0.000013466667   699.444471895730
0.000013600000   698.271479541222
0.000013733333   697.103503084070
0.000013866667   695.940504042477
0.000014000000   694.782444598513
0.000014133333   693.629287586216
0.000014266667   692.480996479962
0.000014400000   691.337535383072
0.000014533333   690.198869016672
0.000014666667   689.064962708788
0.000014800000   687.935782383676
0.000014933333   686.811294551388
0.000015066667   685.691466297560
0.000015200000   684.576265273420
0.000015333333   683.465659686027
0.000015466667   682.359618288706
0.000015600000   681.258110371711
0.000015733333   680.161105753085
0.000015866667   679.068574769724
0.000016000000   677.980488268643
0.000016133333   676.896817598438
0.000016266667   675.817534600938
0.000016400000   674.742611603046
0.000016533333   673.672021408771
0.000016666667   672.605737291435
0.000016800000   671.543732986063
0.000016933333   670.485982681951
0.000017066667   669.432461015404
0.000017200000   668.383143062645
0.000017333333   667.338004332892
0.000017466667   666.297020761601
0.000017600000   665.260168703865
0.000017733333   664.227424927983
0.000017866667   663.198766609171
0.000018000000   662.174171323440
0.000018133333   661.153617041619
0.000018266667   660.137082123528
0.000018400000   659.124545312296
0.000018533333   658.115985728830
0.000018666667   657.111382866417
0.000018800000   656.110716585471
0.000018933333   655.113967108421
0.000019066667   654.121115014726
0.000019200000   653.132141236032
0.000019333333   652.147027051458
0.000019466667   651.165754083006
0.000019600000   650.188304291114
0.000019733333   649.214659970316
0.000019866667   648.244803745043
0.000020000000   647.278718565535


0.000020000000   516.846284855920
0.000020666667   511.641550668267
0.000021333333   506.497473610487
0.000022000000   501.413165439888
0.000022666667   496.387763028868
0.000023333333   491.420427167330
0.000024000000   486.510341434458
0.000024666667   481.656711135677
0.000025333333   476.858762300861
0.000026000000   472.115740740107
0.000026666667   467.426911153596
0.000027333333   462.791556292304
0.000028000000   458.208976166486
0.000028666667   453.678487299077
0.000029333333   449.199422021307
0.000030000000   444.771127808000
0.000030666667   440.392966650163
0.000031333333   436.064314462663
0.000032000000   431.784560524855
0.000032666667   427.553106952215
0.000033333333   423.369368197122
0.000034000000   419.232770577040
0.000034666667   415.142751828478
0.000035333333   411.098760685185
0.000036000000   407.100256479145
0.000036666667   403.146708763014
0.000037333333   399.237596952727
0.000038000000   395.372409989084
0.000038666667   391.550646017184
0.000039333333   387.771812082670
0.000040000000   384.035423843772
0.000040666667   380.341005298235
0.000041333333   376.688088524248
0.000042000000   373.076213434563
0.000042666667   369.504927543019
0.000043333333   365.973785742754
0.000044000000   362.482350095431
0.000044666667   359.030189630820
0.000045333333   355.616880156147
0.000046000000   352.242004074655
0.000046666667   348.905150212814
0.000047333333   345.605913655721
0.000048000000   342.343895590188
0.000048666667   339.118703155101
0.000049333333   335.929949298619
0.000050000000   332.777252641837
0.000050666667   329.660237348538
0.000051333333   326.578533000699
0.000052000000   323.531774479417
0.000052666667   320.519601850963
0.000053333333   317.541660257669
0.000054000000   314.597599813391
0.000054666667   311.687075503278
0.000055333333   308.809747087631
0.000056000000   305.965279009617
0.000056666667   303.153340306621
0.000057333333   300.373604525061
0.000058000000   297.625749638461
0.000058666667   294.909457968614
0.000059333333   292.224416109673
0.000060000000   289.570314855016
0.000060666667   286.946849126736
0.000061333333   284.353717907621
0.000062000000   281.790624175499
0.000062666667   279.257274839824
0.000063333333   276.753380680390
0.000064000000   274.278656288063
0.000064666667   271.832820007437
0.000065333333   269.415593881316
0.000066000000   267.026703596930
0.000066666667   264.665878433801
0.000067333333   262.332851213191
0.000068000000   260.027358249036
0.000068666667   257.749139300325
0.000069333333   255.497937524821
0.000070000000   253.273499434104
0.000070666667   251.075574849837
0.000071333333   248.903916861232
0.000072000000   246.758281783639
0.000072666667   244.638429118232
0.000073333333   242.544121512721
0.000074000000   240.475124723068
0.000074666667   238.431207576155
0.000075333333   236.412141933362
0.000076000000   234.417702655033
0.000076666667   232.447667565773
0.000077333333   230.501817420566
0.000078000000   228.579935871669
0.000078666667   226.681809436258
0.000079333333   224.807227464794
0.000080000000   222.955982110090
0.000080666667   221.127868297051
0.000081333333   219.322683693057
0.000082000000   217.540228678984
0.000082666667   215.780306320821
0.000083333333   214.042722341877
0.000084000000   212.327285095564
0.000084666667   210.633805538716
0.000085333333   208.962097205455
0.000086000000   207.311976181567
0.000086666667   205.683261079383
0.000087333333   204.075773013151
0.000088000000   202.489335574879
0.000088666667   200.923774810643
0.000089333333   199.378919197342
0.000090000000   197.854599619901
0.000090666667   196.350649348883
0.000091333333   194.866904018542
0.000092000000   193.403201605260
0.000092666667   191.959382406398
0.000093333333   190.535289019532
0.000094000000   189.130766322060
0.000094666667   187.745661451195
0.000095333333   186.379823784313
0.000096000000   185.033104919663
0.000096666667   183.705358657420
0.000097333333   182.396440981090
0.000098000000   181.106210039244
0.000098666667   179.834526127590
0.000099333333   178.581251671360
0.000100000000   177.346251208028
0.000100666667   176.129391370330
0.000101333333   174.930540869603
0.000102000000   173.749570479421
0.000102666667   172.586353019531
0.000103333333   171.440763340085
0.000104000000   170.312678306166
0.000104666667   169.201976782592
0.000105333333   168.108539619009
0.000106000000   167.032249635258
0.000106666667   165.972991607022
0.000107333333   164.930652251739
0.000108000000   163.905120214788
0.000108666667   162.896286055935
0.000109333333   161.904042236044
0.000110000000   160.928283104046
0.000110666667   159.968904884165
0.000111333333   159.025805663397
0.000112000000   158.098885379235
0.000112666667   157.188045807651
0.000113333333   156.293190551315
0.000114000000   155.414225028067
0.000114666667   154.551056459617
0.000115333333   153.703593860498
0.000116000000   152.871748027247
0.000116666667   152.055431527825
0.000117333333   151.254558691270
0.000118000000   150.469045597576
0.000118666667   149.698810067812
0.000119333333   148.943771654461
0.000120000000   148.203851631985


0.000120000000   148.203851631985
0.000122500000   147.402009205377
0.000125000000   146.603102442284
0.000127500000   145.807114041617
0.000130000000   145.014026776282
0.000132500000   144.223823492716
0.000135000000   143.436487110420
0.000137500000   142.652000621495
0.000140000000   141.870347090185
0.000142500000   141.091509652418
0.000145000000   140.315471515346
0.000147500000   139.542215956898
0.000150000000   138.771726325322
0.000152500000   138.003986038740
0.000155000000   137.238978584696
0.000157500000   136.476687519714
0.000160000000   135.717096468854
0.000162500000   134.960189125270
0.000165000000   134.205949249769
0.000167500000   133.454360670377
0.000170000000   132.705407281902
0.000172500000   131.959073045501
0.000175000000   131.215341988250
0.000177500000   130.474198202710
0.000180000000   129.735625846507
0.000182500000   128.999609141899
0.000185000000   128.266132375360
0.000187500000   127.535179897152
0.000190000000   126.806736120908
0.000192500000   126.080785523217
0.000195000000   125.357312643203
0.000197500000   124.636302082114
0.000200000000   123.917738502910
0.000202500000   123.201606629853
0.000205000000   122.487891248095
0.000207500000   121.776577203276
0.000210000000   121.067649401119
0.000212500000   120.361092807020
0.000215000000   119.656892445658
0.000217500000   118.955033400586
0.000220000000   118.255500813837
0.000222500000   117.558279885529
0.000225000000   116.863355873468
0.000227500000   116.170714092759
0.000230000000   115.480339915412
0.000232500000   114.792218769954
0.000235000000   114.106336141043
0.000237500000   113.422677569078
0.000240000000   112.741228649821
0.000242500000   112.061975034009
0.000245000000   111.384902426977
0.000247500000   110.709996588276
0.000250000000   110.037243331297
0.000252500000   109.366628522895
0.000255000000   108.698138083014
0.000257500000   108.031757984314
0.000260000000   107.367474251801
0.000262500000   106.705272962456
0.000265000000   106.045140244866
0.000267500000   105.387062278860
0.000270000000   104.731025295142
0.000272500000   104.077015574927
0.000275000000   103.425019449582
0.000277500000   102.775023300260
0.000280000000   102.127013557546
0.000282500000   101.480976701097
0.000285000000   100.836899259284
0.000287500000   100.194767808841
0.000290000000   99.554568974510
0.000292500000   98.916289428687
0.000295000000   98.279915891075
0.000297500000   97.645435128332
0.000300000000   97.012833953725
0.000302500000   96.382099226782
0.000305000000   95.753217852948
0.000307500000   95.126176783243
0.000310000000   94.500963013916
0.000312500000   93.877563586107
0.000315000000   93.255965585505
0.000317500000   92.636156142012
0.000320000000   92.018122429405
0.000322500000   91.401851665000
0.000325000000   90.787331109317
0.000327500000   90.174548065748
0.000330000000   89.563489880225
0.000332500000   88.954143940887
0.000335000000   88.346497677755
0.000337500000   87.740538562398
0.000340000000   87.136254107614
0.000342500000   86.533631867094
0.000345000000   85.932659435106
0.000347500000   85.333324446168
0.000350000000   84.735614574726
0.000352500000   84.139517534833
0.000355000000   83.545021079830
0.000357500000   82.952113002026
0.000360000000   82.360781132382
0.000362500000   81.771013340192
0.000365000000   81.182797532771
0.000367500000   80.596121655138
0.000370000000   80.010973689705
0.000372500000   79.427341655964
0.000375000000   78.845213610173
0.000377500000   78.264577645055
0.000380000000   77.685421889478
0.000382500000   77.107734508156
0.000385000000   76.531503701338
0.000387500000   75.956717704503
0.000390000000   75.383364788058
0.000392500000   74.811433257029
0.000395000000   74.240911450764
0.000397500000   73.671787742628
0.000400000000   73.104050539705
0.000402500000   72.537688282495
0.000405000000   71.972689444619
0.000407500000   71.409042532519
0.000410000000   70.846736085160
0.000412500000   70.285758673740
0.000415000000   69.726098901388
0.000417500000   69.167745402875
0.000420000000   68.610686844320
0.000422500000   68.054911922896
0.000425000000   67.500409366542
0.000427500000   66.947167933669
0.000430000000   66.395176412873
0.000432500000   65.844423622648
0.000435000000   65.294898411094
0.000437500000   64.746589655635
0.000440000000   64.199486262729
0.000442500000   63.653577167585
0.000445000000   63.108851333879
0.000447500000   62.565297753470
0.000450000000   62.022905446117
0.000452500000   61.481663459196
0.000455000000   60.941560867424
0.000457500000   60.402586772573
0.000460000000   59.864730303193
0.000462500000   59.327980614332
0.000465000000   58.792326887263
0.000467500000   58.257758329199
0.000470000000   57.724264173023
0.000472500000   57.191833677010
0.000475000000   56.660456124552
0.000477500000   56.130120823882
0.000480000000   55.600817107804
0.000482500000   55.072534333420
0.000485000000   54.545261881854
0.000487500000   54.018989157984
0.000490000000   53.493705590172
0.000492500000   52.969400629988
0.000495000000   52.446063751950
0.000497500000   51.923684453248
0.000500000000   51.402252253476
0.000502500000   50.881756694371
0.000505000000   50.362187339538
0.000507500000   49.843533774190
0.000510000000   49.325785604880
0.000512500000   48.808932459234
0.000515000000   48.292963985691
0.000517500000   47.777869853237
0.000520000000   47.263639751141
0.000522500000   46.750263388693
0.000525000000   46.237730494942
0.000527500000   45.726030818438
0.000530000000   45.215154126962
0.000532500000   44.705090207277
0.000535000000   44.195828864859
0.000537500000   43.687359923643
0.000540000000   43.179673225761
0.000542500000   42.672758631288
0.000545000000   42.166606017979
0.000547500000   41.661205281014
0.000550000000   41.156546332744
0.000552500000   40.652619102428
0.000555000000   40.149413535985
0.000557500000   39.646919595734
0.000560000000   39.145127260139
0.000562500000   38.644026523556
0.000565000000   38.143607395980
0.000567500000   37.643859902787
0.000570000000   37.144774084486
0.000572500000   36.646339996466
0.000575000000   36.148547708737
0.000577500000   35.651387305688
0.000580000000   35.154848885828
0.000582500000   34.658922561536
0.000585000000   34.163598458816
0.000587500000   33.668866717039
0.000590000000   33.174717488697
0.000592500000   32.681140939153
0.000595000000   32.188127246392
0.000597500000   31.695666600771
0.000600000000   31.203749204772
0.000602500000   30.712365272751
0.000605000000   30.221505030695
0.000607500000   29.731158715968
0.000610000000   29.241316577069
0.000612500000   28.751968873383
0.000615000000   28.263105874933
0.000617500000   27.774717862137
0.000620000000   27.286795125558


