0.000000000000   148454021.848850786686
0.000000060000   143226066.901585757732
0.000000120000   138231280.498370051384
0.000000180000   133459005.282893061638
0.000000240000   128899071.538520455360
0.000000300000   124541774.877736732364
0.000000360000   120377854.952531099319
0.000000420000   116398475.139017879963
0.000000480000   112595203.151717633009
0.000000540000   108959992.544966906309
0.000000600000   105485165.060869753361
0.000000660000   102163393.785061687231
0.000000720000   98987687.073329761624
0.000000780000   95951373.213822662830
0.000000840000   93048085.791199535131
0.000000900000   90271749.720605984330
0.000000960000   87616567.920835345984
0.000001020000   85077008.597435340285
0.000001080000   82647793.107859447598
0.000001140000   80323884.382038235664
0.000001200000   78100475.872965142131
0.000001260000   75972981.013054206967
0.000001320000   73937023.153136074543
0.000001380000   71988425.962018802762
0.000001440000   70123204.265549078584
0.000001500000   68337555.305075019598
0.000001560000   66627850.396131142974
0.000001620000   64990626.969044275582
0.000001680000   63422580.973997339606
0.000001740000   61920559.633887529373
0.000001800000   60481554.529078297317
0.000001860000   59102694.998873010278
0.000001920000   57781241.845232717693
0.000001980000   56514581.324923984706
0.000002040000   55300219.416915319860
0.000002100000   54135776.352444425225
0.000002160000   53018981.395755574107
0.000002220000   51947667.864055424929
0.000002280000   50919768.375761076808
0.000002340000   49933310.316614970565
0.000002400000   48986411.513718955219
0.000002460000   48077276.107996337116
0.000002520000   47204190.616026014090
0.000002580000   46365520.172608092427
0.000002640000   45559704.945817179978
0.000002700000   44785256.716677792370
0.000002760000   44040755.615957655013
0.000002820000   43324847.010919310153
0.000002880000   42636238.535199396312
0.000002940000   41973697.255299150944
0.000003000000   41336046.967469342053


0.000003000000   32144448.977001477033
0.000003170000   31984813.524955023080
0.000003340000   31827024.588848389685
0.000003510000   31671045.839718632400
0.000003680000   31516841.840598594397
0.000003850000   31364378.023996029049
0.000004020000   31213620.669948548079
0.000004190000   31064536.884639784694
0.000004360000   30917094.579562436789
0.000004530000   30771262.451214410365
0.000004700000   30627009.961314320564
0.000004870000   30484307.317523311824
0.000005040000   30343125.454660195857
0.000005210000   30203436.016397494823
0.000005380000   30065211.337426073849
0.000005550000   29928424.426076445729
0.000005720000   29793048.947385296226
0.000005890000   29659059.206595744938
0.000006060000   29526430.133080422878
0.000006230000   29395137.264676649123
0.000006400000   29265156.732423175126
0.000006570000   29136465.245688475668
0.000006740000   29009040.077680390328
0.000006910000   28882859.051327753812
0.000007080000   28757900.525524359196
0.000007250000   28634143.381726197898
0.000007420000   28511567.010892964900
0.000007590000   28390151.300765223801
0.000007760000   28269876.623468603939
0.000007930000   28150723.823436841369
0.000008100000   28032674.205645609647
0.000008270000   27915709.524149291217
0.000008440000   27799811.970912989229
0.000008610000   27684964.164932411164
0.000008780000   27571149.141634281725
0.000008950000   27458350.342550326139
0.000009120000   27346551.605257779360
0.000009290000   27235737.153579931706
0.000009460000   27125891.588039927185
0.000009630000   27016999.876561667770
0.000009800000   26909047.345411468297
0.000009970000   26802019.670374535024
0.000010140000   26695902.868160288781
0.000010310000   26590683.288030918688
0.000010480000   26486347.603647403419
0.000010650000   26382882.805127814412
0.000010820000   26280276.191312376410
0.000010990000   26178515.362230267376
0.000011160000   26077588.211763110012
0.000011330000   25977482.920500222594
0.000011500000   25878187.948780912906
0.000011670000   25779692.029919192195
0.000011840000   25681984.163606330752
0.000012010000   25585053.609486956149
0.000012180000   25488889.880904279649
0.000012350000   25393482.738810446113
0.000012520000   25298822.185837831348
0.000012690000   25204898.460527390242
0.000012860000   25111702.031710177660
0.000013030000   25019223.593038372695
0.000013200000   24927454.057662073523
0.000013370000   24836384.553048390895
0.000013540000   24746006.415939342231
0.000013710000   24656311.187445249408
0.000013880000   24567290.608270291239
0.000014050000   24478936.614067129791
0.000014220000   24391241.330917425454
0.000014390000   24304197.070935331285
0.000014560000   24217796.327990923077
0.000014730000   24132031.773550897837
0.000014900000   24046896.252633519471
0.000015070000   23962382.779875412583
0.000015240000   23878484.535707339644
0.000015410000   23795194.862636584789
0.000015580000   23712507.261633388698
0.000015750000   23630415.388619080186
0.000015920000   23548913.051053501666
0.000016090000   23467994.204619571567
0.000016260000   23387652.950002659112
0.000016430000   23307883.529762744904
0.000016600000   23228680.325297184289
0.000016770000   23150037.853892143816
0.000016940000   23071950.765860725194
0.000017110000   22994413.841765813529
0.000017280000   22917421.989725962281
0.000017450000   22840970.242802325636
0.000017620000   22765053.756465069950
0.000017790000   22689667.806137513369
0.000017960000   22614807.784816384315
0.000018130000   22540469.200766541064
0.000018300000   22466647.675288818777
0.000018470000   22393338.940559279174
0.000018640000   22320538.837538622320
0.000018810000   22248243.313950311393
0.000018980000   22176448.422326002270
0.000019150000   22105150.318117126822
0.000019320000   22034345.257871262729
0.000019490000   21964029.597472086549
0.000019660000   21894199.790441919118
0.000019830000   21824852.386305380613
0.000020000000   21755984.029013544321


0.000020000000   26187590.979591645300
0.000020666667   25922416.756151832640
0.000021333333   25660365.484307456762
0.000022000000   25401390.057993799448
0.000022666667   25145444.756502144039
0.000023333333   24892485.177148465067
0.000024000000   24642468.171858973801
0.000024666667   24395351.787436123937
0.000025333333   24151095.209283031523
0.000026000000   23909658.708377674222
0.000026666667   23671003.591301038861
0.000027333333   23435092.153135277331
0.000028000000   23201887.633058983833
0.000028666667   22971354.172477461398
0.000029333333   22743456.775535449386
0.000030000000   22518161.271869197488
0.000030666667   22295434.281463485211
0.000031333333   22075243.181487224996
0.000032000000   21857556.074989117682
0.000032666667   21642341.761341907084
0.000033333333   21429569.708330631256
0.000034000000   21219210.025786582381
0.000034666667   21011233.440674647689
0.000035333333   20805611.273547340184
0.000036000000   20602315.416284065694
0.000036666667   20401318.311039138585
0.000037333333   20202592.930326648057
0.000038000000   20006112.758174724877
0.000038666667   19811851.772285729647
0.000039333333   19619784.427142903209
0.000040000000   19429885.638007353991
0.000040666667   19242130.765753082931
0.000041333333   19056495.602490343153
0.000042000000   18872956.357931237668
0.000042666667   18691489.646453775465
0.000043333333   18512072.474823571742
0.000044000000   18334682.230534624308
0.000044666667   18159296.670733127743
0.000045333333   17985893.911690272391
0.000046000000   17814452.418792195618
0.000046666667   17644950.997017119080
0.000047333333   17477368.781871415675
0.000048000000   17311685.230758268386
0.000048666667   17147880.114753924310
0.000049333333   16985933.510768298060
0.000050000000   16825825.794067867100
0.000050666667   16667537.631140254438
0.000051333333   16511049.972881138325
0.000052000000   16356344.048085194081
0.000052666667   16203401.357223985717
0.000053333333   16052203.666494682431
0.000054000000   15902733.002124473453
0.000054666667   15754971.644916417077
0.000055333333   15608902.125023415312
0.000056000000   15464507.216937672347
0.000056666667   15321769.934683851898
0.000057333333   15180673.527204809710
0.000058000000   15041201.473929429427
0.000058666667   14903337.480512760580
0.000059333333   14767065.474739218131
0.000060000000   14632369.602580122650
0.000060666667   14499234.224397428334
0.000061333333   14367643.911285940558
0.000062000000   14237583.441546801478
0.000062666667   14109037.797285415232
0.000063333333   13981992.161127435043
0.000064000000   13856431.913046792150
0.000064666667   13732342.627300027758
0.000065333333   13609710.069461725652
0.000066000000   13488520.193555880338
0.000066666667   13368759.139278592542
0.000067333333   13250413.229307549074
0.000068000000   13133468.966694168746
0.000068666667   13017913.032334424555
0.000069333333   12903732.282514654100
0.000070000000   12790913.746528830379
0.000070666667   12679444.624364022166
0.000071333333   12569312.284450940788
0.000072000000   12460504.261476624757
0.000072666667   12353008.254256490618
0.000073333333   12246812.123663220555
0.000074000000   12141903.890609959140
0.000074666667   12038271.734085531905
0.000075333333   11935903.989239538088
0.000076000000   11834789.145515203476
0.000076666667   11734915.844828113914
0.000077333333   11636272.879788942635
0.000078000000   11538849.191968496889
0.000078666667   11442633.870203390718
0.000079333333   11347616.148940876126
0.000080000000   11253785.406621308997
0.000080666667   11161131.164096925408
0.000081333333   11069643.083085596561
0.000082000000   10979310.964658349752
0.000082666667   10890124.747759491205
0.000083333333   10802074.507758235559
0.000084000000   10715150.455030789599
0.000084666667   10629342.933571930975
0.000085333333   10544642.419635122642
0.000086000000   10461039.520400306210
0.000086666667   10378524.972668517381
0.000087333333   10297089.641582556069
0.000088000000   10216724.519372954965
0.000088666667   10137420.724128497764
0.000089333333   10059169.498590668663
0.000090000000   9981962.208971377462
0.000090666667   9905790.343793321401
0.000091333333   9830645.512752436101
0.000092000000   9756519.445601889864
0.000092666667   9683403.991057081148
0.000093333333   9611291.115721154958
0.000094000000   9540172.903030578047
0.000094666667   9470041.552220297977
0.000095333333   9400889.377308081836
0.000096000000   9332708.806097632274
0.000096666667   9265492.379200058058
0.000097333333   9199232.749073378742
0.000098000000   9133922.679079681635
0.000098666667   9069555.042559605092
0.000099333333   9006122.821923818439
0.000100000000   8943619.107761204243
0.000100666667   8882037.097963461652
0.000101333333   8821370.096865817904
0.000102000000   8761611.514403620735
0.000102666667   8702754.865284521133
0.000103333333   8644793.768176039681
0.000104000000   8587721.944908250123
0.000104666667   8531533.219691386446
0.000105333333   8476221.518348127604
0.000106000000   8421780.867560392246
0.000106666667   8368205.394130412489
0.000107333333   8315489.324255930260
0.000108000000   8263626.982819316909
0.000108666667   8212612.792690439150
0.000109333333   8162441.274043133482
0.000110000000   8113107.043685099110
0.000110666667   8064604.814401077107
0.000111333333   8016929.394309166819
0.000112000000   7970075.686230127700
0.000112666667   7924038.687069550157
0.000113333333   7878813.487212764099
0.000114000000   7834395.269932337105
0.000114666667   7790779.310808079317
0.000115333333   7747960.977159421891
0.000116000000   7705935.727490068413
0.000116666667   7664699.110944798216
0.000117333333   7624246.766778346151
0.000118000000   7584574.423836249858
0.000118666667   7545677.900047574192
0.000119333333   7507553.101929423399
0.000120000000   7470196.024103173986


0.000120000000   337041.276321120095
0.000122500000   335186.682251775812
0.000125000000   333339.118855971203
0.000127500000   331498.544032920501
0.000130000000   329664.915866642667
0.000132500000   327838.192624784191
0.000135000000   326018.332757447730
0.000137500000   324205.294896025851
0.000140000000   322399.037852041016
0.000142500000   320599.520615990623
0.000145000000   318806.702356197580
0.000147500000   317020.542417666642
0.000150000000   315241.000320945808
0.000152500000   313468.035760993545
0.000155000000   311701.608606050722
0.000157500000   309941.678896518541
0.000160000000   308188.206843841472
0.000162500000   306441.152829395374
0.000165000000   304700.477403380675
0.000167500000   302966.141283721372
0.000170000000   301238.105354968109
0.000172500000   299516.330667207716
0.000175000000   297800.778434976353
0.000177500000   296091.410036179237
0.000180000000   294388.187011013855
0.000182500000   292691.071060899063
0.000185000000   291000.024047409417
0.000187500000   289315.007991213119
0.000190000000   287635.985071016301
0.000192500000   285962.917622511042
0.000195000000   284295.768137328792
0.000197500000   282634.499261998106
0.000200000000   280979.073796908255
0.000202500000   279329.454695275403
0.000205000000   277685.605062115821
0.000207500000   276047.488153221959
0.000210000000   274415.067374144332
0.000212500000   272788.306279177079
0.000215000000   271167.168570348469
0.000217500000   269551.618096416234
0.000220000000   267941.618851866690
0.000222500000   266337.134975918918
0.000225000000   264738.130751532794
0.000227500000   263144.570604421955
0.000230000000   261556.419102070824
0.000232500000   259973.640952755843
0.000235000000   258396.201004571456
0.000237500000   256824.064244459849
0.000240000000   255257.195797245193
0.000242500000   253695.560924671765
0.000245000000   252139.125024447043
0.000247500000   250587.853629287798
0.000250000000   249041.712405971135
0.000252500000   247500.667154389492
0.000255000000   245964.683806609421
0.000257500000   244433.728425934416
0.000260000000   242907.767205971992
0.000262500000   241386.766469704686
0.000265000000   239870.692668564618
0.000267500000   238359.512381512264
0.000270000000   236853.192314119136
0.000272500000   235351.699297654326
0.000275000000   233855.000288174371
0.000277500000   232363.062365617894
0.000280000000   230875.852732902800
0.000282500000   229393.338715028309
0.000285000000   227915.487758179748
0.000287500000   226442.267428837862
0.000290000000   224973.645412891114
0.000292500000   223509.589514751919
0.000295000000   222050.067656476458
0.000297500000   220595.047876888071
0.000300000000   219144.498330703907
0.000302500000   217698.387287665624
0.000305000000   216256.683131672849
0.000307500000   214819.354359920981
0.000310000000   213386.369582041400
0.000312500000   211957.697519246023
0.000315000000   210533.307003474649
0.000317500000   209113.166976545792
0.000320000000   207697.246489311045
0.000322500000   206285.514700812259
0.000325000000   204877.940877442656
0.000327500000   203474.494392110500
0.000330000000   202075.144723406556
0.000332500000   200679.861454774160
0.000335000000   199288.614273683226
0.000337500000   197901.372970806522
0.000340000000   196518.107439199812
0.000342500000   195138.787673484505
0.000345000000   193763.383769033739
0.000347500000   192391.865921161283
0.000350000000   191024.204424313793
0.000352500000   189660.369671265420
0.000355000000   188300.332152316085
0.000357500000   186944.062454492203
0.000360000000   185591.531260750548
0.000362500000   184242.709349184879
0.000365000000   182897.567592235573
0.000367500000   181556.076955901895
0.000370000000   180218.208498957276
0.000372500000   178883.933372167347
0.000375000000   177553.222817510454
0.000377500000   176226.048167401488
0.000380000000   174902.380843917781
0.000382500000   173582.192358028202
0.000385000000   172265.454308824555
0.000387500000   170952.138382755831
0.000390000000   169642.216352865129
0.000392500000   168335.660078028974
0.000395000000   167032.441502199392
0.000397500000   165732.532653648319
0.000400000000   164435.905644214712
0.000402500000   163142.532668554195
0.000405000000   161852.386003390973
0.000407500000   160565.438006772514
0.000410000000   159281.661117326265
0.000412500000   158001.027853519161
0.000415000000   156723.510812919238
0.000417500000   155449.082671459852
0.000420000000   154177.716182705917
0.000422500000   152909.384177122818
0.000425000000   151644.059561347472
0.000427500000   150381.715317461523
0.000430000000   149122.324502266943
0.000432500000   147865.860246563912
0.000435000000   146612.295754430641
0.000437500000   145361.604302505846
0.000440000000   144113.759239272709
0.000442500000   142868.733984345687
0.000445000000   141626.502027759037
0.000447500000   140387.036929257389
0.000450000000   139150.312317588599
0.000452500000   137916.301889798604
0.000455000000   136684.979410528176
0.000457500000   135456.318711311847
0.000460000000   134230.293689878716
0.000462500000   133006.878309455293
0.000465000000   131786.046598070185
0.000467500000   130567.772647860824
0.000470000000   129352.030614382005
0.000472500000   128138.794715916330
0.000475000000   126928.039232786585
0.000477500000   125719.738506669702
0.000480000000   124513.866939912958
0.000482500000   123310.398994851537
0.000485000000   122109.309193128051
0.000487500000   120910.572115013958
0.000490000000   119714.162398732442
0.000492500000   118520.054739783212
0.000495000000   117328.223890268782
0.000497500000   116138.644658222649
0.000500000000   114951.291906939005
0.000502500000   113766.140554304002
0.000505000000   112583.165572128826
0.000507500000   111402.341985484076
0.000510000000   110223.644872036035
0.000512500000   109047.049361384212
0.000515000000   107872.530634400566
0.000517500000   106700.063922570102
0.000520000000   105529.624507333094
0.000522500000   104361.187719428766
0.000525000000   103194.728938240223
0.000527500000   102030.223591141083
0.000530000000   100867.647152843230
0.000532500000   99706.975144746160
0.000535000000   98548.183134287669
0.000537500000   97391.246734295710
0.000540000000   96236.141602341871
0.000542500000   95082.843440095807
0.000545000000   93931.327992681225
0.000547500000   92781.571048033060
0.000550000000   91633.548436255791
0.000552500000   90487.236028983112
0.000555000000   89342.609738738785
0.000557500000   88199.645518298581
0.000560000000   87058.319360053574
0.000562500000   85918.607295374328
0.000565000000   84780.485393976429
0.000567500000   83643.929763287015
0.000570000000   82508.916547812420
0.000572500000   81375.421928506898
0.000575000000   80243.422122142380
0.000577500000   79112.893380679205
0.000580000000   77983.811990638045
0.000582500000   76856.154272472515
0.000585000000   75729.896579943103
0.000587500000   74605.015299491759
0.000590000000   73481.486849617577
0.000592500000   72359.287680253401
0.000595000000   71238.394272143181
0.000597500000   70118.783136220387
0.000600000000   69000.430812987121
0.000602500000   67883.313871894163
0.000605000000   66767.408910721861
0.000607500000   65652.692554961643
0.000610000000   64539.141457198537
0.000612500000   63426.732296494338
0.000615000000   62315.441777771441
0.000617500000   61205.246631197624
0.000620000000   60096.123611571253


