0.000000000000   55902375.056680068374
0.000000133333   55366850.303142584860
0.000000266667   54840491.285890296102
0.000000400000   54323120.069494038820
0.000000533333   53814562.277816630900
0.000000666667   53314647.022700525820
0.000000800000   52823206.834088549018
0.000000933333   52340077.591548748314
0.000001066667   51865098.457175672054
0.000001200000   51398111.809839934111
0.000001333333   50938963.180759467185
0.000001466667   50487501.190365687013
0.000001600000   50043577.486438877881
0.000001733333   49607046.683486968279
0.000001866667   49177766.303343206644
0.000002000000   48755596.716958053410
0.000002133333   48340401.087361328304
0.000002266667   47932045.313771359622
0.000002400000   47530397.976827934384
0.000002533333   47135330.284926719964
0.000002666667   46746716.021632902324
0.000002800000   46364431.494152627885
0.000002933333   45988355.482840843499
0.000003066667   45618369.191724956036
0.000003200000   45254356.200023829937
0.000003333333   44896202.414642296731
0.000003466667   44543796.023621588945
0.000003600000   44197027.450526542962
0.000003733333   43855789.309750825167
0.000003866667   43519976.362721890211
0.000004000000   43189485.474987506866
0.000004133333   42864215.574166297913
0.000004266667   42544067.608745075762
0.000004400000   42228944.507705859840
0.000004533333   41918751.140966109931
0.000004666667   41613394.280615881085
0.000004800000   41312782.562935918570
0.000004933333   41016826.451181158423
0.000005066667   40725438.199114151299
0.000005200000   40438531.815273769200
0.000005333333   40156023.027964055538
0.000005466667   39877829.250949151814
0.000005600000   39603869.549840115011
0.000005733333   39334064.609159737825
0.000005866667   39068336.700071871281
0.000006000000   38806609.648762024939
0.000006133333   38548808.805456139147
0.000006266667   38294861.014064960182
0.000006400000   38044694.582441315055
0.000006533333   37798239.253238283098
0.000006666667   37555426.175356090069
0.000006800000   37316187.875966124237
0.000006933333   37080458.233100578189
0.000007066667   36848172.448796182871
0.000007200000   36619267.022781468928
0.000007333333   36393679.726696282625
0.000007466667   36171349.578833170235
0.000007600000   35952216.819390319288
0.000007733333   35736222.886225648224
0.000007866667   35523310.391102276742
0.000008000000   35313423.096415571868
0.000008133333   35106505.892392121255
0.000008266667   34902504.774751342833
0.000008400000   34701366.822820469737
0.000008533333   34503040.178094051778
0.000008666667   34307474.023229025304
0.000008800000   34114618.561466693878
0.000008933333   33924424.996473319829
0.000009066667   33736845.512590929866
0.000009200000   33551833.255490168929
0.000009333333   33369342.313217390329
0.000009466667   33189327.697628058493
0.000009600000   33011745.326198928058
0.000009733333   32836552.004211407155
0.000009866667   32663705.407298959792
0.000010000000   32493164.064351178706
0.000010133333   32324887.340767614543
0.000010266667   32158835.422054484487
0.000010400000   31994969.297757450491
0.000010533333   31833250.745723884553
0.000010666667   31673642.316688213497
0.000010800000   31516107.319173920900
0.000010933333   31360609.804706055671
0.000011066667   31207114.553328126669
0.000011200000   31055587.059417489916
0.000011333333   30905993.517793327570
0.000011466667   30758300.810111571103
0.000011600000   30612476.491541117430
0.000011733333   30468488.777715943754
0.000011866667   30326306.531957630068
0.000012000000   30185899.252763211727
0.000012133333   30047237.061553020030
0.000012266667   29910290.690673656762
0.000012400000   29775031.471651054919
0.000012533333   29641431.323688849807
0.000012666667   29509462.742407295853
0.000012800000   29379098.788818147033
0.000012933333   29250313.078530937433
0.000013066667   29123079.771186254919
0.000013200000   28997373.560111582279
0.000013333333   28873169.662195619196
0.000013466667   28750443.807976689190
0.000013600000   28629172.231941428035
0.000013733333   28509331.663029551506
0.000013866667   28390899.315340869129
0.000014000000   28273852.879040785134
0.000014133333   28158170.511460475624
0.000014266667   28043830.828388061374
0.000014400000   27930812.895547360182
0.000014533333   27819096.220260441303
0.000014666667   27708660.743290886283
0.000014800000   27599486.830864086747
0.000014933333   27491555.266861535609
0.000015066667   27384847.245185770094
0.000015200000   27279344.362292930484
0.000015333333   27175028.609889730811
0.000015466667   27071882.367792014033
0.000015600000   26969888.396941758692
0.000015733333   26869029.832579899579
0.000015866667   26769290.177571892738
0.000016000000   26670653.295883525163
0.000016133333   26573103.406204167753
0.000016266667   26476625.075714811683
0.000016400000   26381203.213998459280
0.000016533333   26286823.067090246826
0.000016666667   26193470.211664918810
0.000016800000   26101130.549359232187
0.000016933333   26009790.301227021962
0.000017066667   25919436.002324528992
0.000017200000   25830054.496423918754
0.000017333333   25741632.930852670223
0.000017466667   25654158.751456841826
0.000017600000   25567619.697686064988
0.000017733333   25482003.797798268497
0.000017866667   25397299.364182163030
0.000018000000   25313494.988795619458
0.000018133333   25230579.538717918098
0.000018266667   25148542.151814248413
0.000018400000   25067372.232510488480
0.000018533333   24987059.447676666081
0.000018666667   24907593.722617320716
0.000018800000   24828965.237167187035
0.000018933333   24751164.421890534461
0.000019066667   24674181.954382669181
0.000019200000   24598008.755672000349
0.000019333333   24522635.986721284688
0.000019466667   24448055.045026525855
0.000019600000   24374257.561312198639
0.000019733333   24301235.396321408451
0.000019866667   24228980.637699656188
0.000020000000   24157485.596970982850


0.000020000000   27568896.286148935556
0.000020666667   27266905.414022639394
0.000021333333   26969757.279878940433
0.000022000000   26677306.279252626002
0.000022666667   26389414.123238764703
0.000023333333   26105949.410698421299
0.000024000000   25826787.226334758103
0.000024666667   25551808.763065740466
0.000025333333   25280900.967215158045
0.000026000000   25013956.205133944750
0.000026666667   24750871.949948266149
0.000027333333   24491550.487210243940
0.000028000000   24235898.638301730156
0.000028666667   23983827.500511646271
0.000029333333   23735252.202773019671
0.000030000000   23490091.676107726991
0.000030666667   23248268.437884911895
0.000031333333   23009708.389053381979
0.000032000000   22774340.623559601605
0.000032666667   22542097.249210827053
0.000033333333   22312913.219287998974
0.000034000000   22086726.174255333841
0.000034666667   21863476.292953565717
0.000035333333   21643106.152700699866
0.000036000000   21425560.597759604454
0.000036666667   21210786.615664523095
0.000037333333   20998733.220929525793
0.000038000000   20789351.345690920949
0.000038666667   20582593.736863091588
0.000039333333   20378414.859412580729
0.000040000000   20176770.805379550904
0.000040666667   19977619.208298102021
0.000041333333   19780919.162688344717
0.000042000000   19586631.148312889040
0.000042666667   19394716.958909198642
0.000043333333   19205139.635126799345
0.000044000000   19017863.401414785534
0.000044666667   18832853.606620676816
0.000045333333   18650076.668076060712
0.000046000000   18469500.018958259374
0.000046666667   18291092.058730009943
0.000047333333   18114822.106471180916
0.000048000000   17940660.356927946210
0.000048666667   17768577.839115373790
0.000049333333   17598546.377319429070
0.000050000000   17430538.554353654385
0.000050666667   17264527.676934748888
0.000051333333   17100487.743049394339
0.000052000000   16938393.411192521453
0.000052666667   16778219.971364364028
0.000053333333   16619943.317720742896
0.000054000000   16463539.922777161002
0.000054666667   16308986.813073489815
0.000055333333   16156261.546211682260
0.000056000000   16005342.189184274524
0.000056666667   15856207.297916289419
0.000057333333   15708835.897948145866
0.000058000000   15563207.466191230342
0.000058666667   15419301.913692262024
0.000059333333   15277099.569346189499
0.000060000000   15136581.164501208812
0.000060666667   14997727.818402823061
0.000061333333   14860521.024427082390
0.000062000000   14724942.637056220323
0.000062666667   14590974.859552696347
0.000063333333   14458600.232290327549
0.000064000000   14327801.621703743935
0.000064666667   14198562.209819642827
0.000065333333   14070865.484335681424
0.000066000000   13944695.229214780033
0.000066666667   13820035.515764631331
0.000067333333   13696870.694174034521
0.000068000000   13575185.385479398072
0.000068666667   13454964.473936289549
0.000069333333   13336193.099772546440
0.000070000000   13218856.652300830930
0.000070666667   13102940.763369798660
0.000071333333   12988431.301134400070
0.000072000000   12875314.364126941189
0.000072666667   12763576.275611683726
0.000073333333   12653203.578206751496
0.000074000000   12544183.028758164495
0.000074666667   12436501.593451660126
0.000075333333   12330146.443148875609
0.000076000000   12225104.948935231194
0.000076666667   12121364.677867699414
0.000077333333   12018913.388911217451
0.000078000000   11917739.029053349048
0.000078666667   11817829.729587236419
0.000079333333   11719173.802553657442
0.000080000000   11621759.737333431840
0.000080666667   11525576.197382010520
0.000081333333   11430612.017098534852
0.000082000000   11336856.198822118342
0.000082666667   11244297.909948594868
0.000083333333   11152926.480161253363
0.000084000000   11062731.398769637570
0.000084666667   10973702.312150670215
0.000085333333   10885829.021286834031
0.000086000000   10799101.479396376759
0.000086666667   10713509.789650857449
0.000087333333   10629044.202975582331
0.000088000000   10545695.115928787738
0.000088666667   10463453.068655638024
0.000089333333   10382308.742913361639
0.000090000000   10302252.960164058954
0.000090666667   10223276.679731898010
0.000091333333   10145370.997021675110
0.000092000000   10068527.141795793548
0.000092666667   9992736.476506985724
0.000093333333   9917990.494684191421
0.000094000000   9844280.819369204342
0.000094666667   9771599.201601795852
0.000095333333   9699937.518951207399
0.000096000000   9629287.774091975763
0.000096666667   9559642.093422215432
0.000097333333   9490992.725722556934
0.000098000000   9423332.040854100138
0.000098666667   9356652.528493739665
0.000099333333   9290946.796905446798
0.000100000000   9226207.571746032685
0.000100666667   9162427.694904128090
0.000101333333   9099600.123371105641
0.000102000000   9037717.928142772987
0.000102666667   8976774.293150749058
0.000103333333   8916762.514222461730
0.000104000000   8857675.998068783432
0.000104666667   8799508.261298429221
0.000105333333   8742252.929458161816
0.000106000000   8685903.736098080873
0.000106666667   8630454.521861135960
0.000107333333   8575899.233596192673
0.000108000000   8522231.923493949696
0.000108666667   8469446.748245060444
0.000109333333   8417537.968219861388
0.000110000000   8366499.946669107303
0.000110666667   8316327.148945230059
0.000111333333   8267014.141743555665
0.000112000000   8218555.592363063246
0.000112666667   8170946.267986185849
0.000113333333   8124181.034977279603
0.000114000000   8078254.858199350536
0.000114666667   8033162.800348671153
0.000115333333   7988900.021306954324
0.000116000000   7945461.777510754764
0.000116666667   7902843.421337807551
0.000117333333   7861040.400510026142
0.000118000000   7820048.257512906566
0.000118666667   7779862.629031080753
0.000119333333   7740479.245399836451
0.000120000000   7701893.930072367191


0.000120000000   348144.706553140422
0.000122500000   346221.177833675174
0.000125000000   344305.001150317141
0.000127500000   342396.132310402172
0.000130000000   340494.527316554217
0.000132500000   338600.142365435895
0.000135000000   336712.933846504311
0.000137500000   334832.858340773964
0.000140000000   332959.872619585076
0.000142500000   331093.933643377852
0.000145000000   329234.998560472624
0.000147500000   327383.024705856282
0.000150000000   325537.969599974342
0.000152500000   323699.790947528381
0.000155000000   321868.446636279870
0.000157500000   320043.894735859416
0.000160000000   318226.093496581889
0.000162500000   316415.001348266611
0.000165000000   314610.576899064006
0.000167500000   312812.778934287082
0.000170000000   311021.566415248904
0.000172500000   309236.898478105140
0.000175000000   307458.734432702593
0.000177500000   305687.033761432511
0.000180000000   303921.756118090008
0.000182500000   302162.861326737970
0.000185000000   300410.309380577062
0.000187500000   298664.060440820293
0.000190000000   296924.074835573439
0.000192500000   295190.313058720320
0.000195000000   293462.735768812941
0.000197500000   291741.303787967539
0.000200000000   290025.978100764914
0.000202500000   288316.719853156246
0.000205000000   286613.490351373679
0.000207500000   284916.251060846145
0.000210000000   283224.963605120196
0.000212500000   281539.589764784731
0.000215000000   279860.091476402187
0.000217500000   278186.430831443402
0.000220000000   276518.570075227588
0.000222500000   274856.471605867206
0.000225000000   273200.097973217256
0.000227500000   271549.411877829814
0.000230000000   269904.376169912517
0.000232500000   268264.953848292236
0.000235000000   266631.108059382939
0.000237500000   265002.802096158615
0.000240000000   263379.999397130159
0.000242500000   261762.663545326999
0.000245000000   260150.758267283411
0.000247500000   258544.247432028642
0.000250000000   256943.095050082309
0.000252500000   255347.265272453369
0.000255000000   253756.722389643604
0.000257500000   252171.430830655998
0.000260000000   250591.355162006337
0.000262500000   249016.460086739913
0.000265000000   247446.710443452146
0.000267500000   245882.071205313288
0.000270000000   244322.507479097112
0.000272500000   242767.984504214255
0.000275000000   241218.467651749233
0.000277500000   239673.922423501383
0.000280000000   238134.314451030223
0.000282500000   236599.609494704579
0.000285000000   235069.773442755337
0.000287500000   233544.772310333035
0.000290000000   232024.572238568158
0.000292500000   230509.139493636321
0.000295000000   228998.440465826745
0.000297500000   227492.441668614512
0.000300000000   225991.109737737133
0.000302500000   224494.411430273904
0.000305000000   223002.313623730035
0.000307500000   221514.783315123816
0.000310000000   220031.787620077434
0.000312500000   218553.293771911704
0.000315000000   217079.269120744400
0.000317500000   215609.681132591766
0.000320000000   214144.497388474090
0.000322500000   212683.685583524260
0.000325000000   211227.213526100386
0.000327500000   209775.049136901245
0.000330000000   208327.160448085750
0.000332500000   206883.515602395521
0.000335000000   205444.082852280466
0.000337500000   204008.830559028836
0.000340000000   202577.727191899030
0.000342500000   201150.741327256255
0.000345000000   199727.841647711059
0.000347500000   198308.996941262274
0.000350000000   196894.176100442448
0.000352500000   195483.348121466523
0.000355000000   194076.482103383925
0.000357500000   192673.547247233771
0.000360000000   191274.512855202862
0.000362500000   189879.348329786939
0.000365000000   188488.023172955262
0.000367500000   187100.506985317508
0.000370000000   185716.769465294637
0.000372500000   184336.780408291699
0.000375000000   182960.509705874312
0.000377500000   181587.927344947879
0.000380000000   180219.003406939446
0.000382500000   178853.708066982799
0.000385000000   177492.011593105941
0.000387500000   176133.884345422004
0.000390000000   174779.296775322320
0.000392500000   173428.219424672803
0.000395000000   172080.622925012489
0.000397500000   170736.477996755304
0.000400000000   169395.755448394280
0.000402500000   168058.426175708475
0.000405000000   166724.461160972452
0.000407500000   165393.831472168560
0.000410000000   164066.508262201562
0.000412500000   162742.462768116035
0.000415000000   161421.666310316243
0.000417500000   160104.090291788423
0.000420000000   158789.706197325606
0.000422500000   157478.485592755140
0.000425000000   156170.400124168256
0.000427500000   154865.421517152339
0.000430000000   153563.521576025436
0.000432500000   152264.672183073242
0.000435000000   150968.845297788503
0.000437500000   149676.012956112332
0.000440000000   148386.147269678360
0.000442500000   147099.220425058913
0.000445000000   145815.204683013289
0.000447500000   144534.072377738601
0.000450000000   143255.795916122443
0.000452500000   141980.347776998038
0.000455000000   140707.700510401512
0.000457500000   139437.826736831048
0.000460000000   138170.699146508472
0.000462500000   136906.290498642687
0.000465000000   135644.573620695388
0.000467500000   134385.521407648543
0.000470000000   133129.106821274152
0.000472500000   131875.302889405866
0.000475000000   130624.082705212641
0.000477500000   129375.419426474255
0.000480000000   128129.286274858925
0.000482500000   126885.656535202521
0.000485000000   125644.503554790077
0.000487500000   124405.800742638763
0.000490000000   123169.521568782977
0.000492500000   121935.639563561126
0.000495000000   120704.128316904302
0.000497500000   119474.961477626435
0.000500000000   118248.112752716668
0.000502500000   117023.555906633061
0.000505000000   115801.264760598206
0.000507500000   114581.213191896415
0.000510000000   113363.375133172725
0.000512500000   112147.724571733270
0.000515000000   110934.235548847617
0.000517500000   109722.882159052475
0.000520000000   108513.638549456926
0.000522500000   107306.478919049405
0.000525000000   106101.377518006164
0.000527500000   104898.308647001104
0.000530000000   103697.246656517236
0.000532500000   102498.165946159512
0.000535000000   101301.040963969339
0.000537500000   100105.846205740061
0.000540000000   98912.556214334400
0.000542500000   97721.145579002798
0.000545000000   96531.588934703395
0.000547500000   95343.860961423372
0.000550000000   94157.936383501321
0.000552500000   92973.789968951285
0.000555000000   91791.396528787795
0.000557500000   90610.730916352346
0.000560000000   89431.768026641017
0.000562500000   88254.482795633317
0.000565000000   87078.850199622160
0.000567500000   85904.845254545158
0.000570000000   84732.443015317054
0.000572500000   83561.618575163142
0.000575000000   82392.347064953821
0.000577500000   81224.603652540478
0.000580000000   80058.363542092105
0.000582500000   78893.601973433237
0.000585000000   77730.294221382734
0.000587500000   76568.415595093626
0.000590000000   75407.941437394154
0.000592500000   74248.847124129330
0.000595000000   73091.108063503867
0.000597500000   71934.699695425879
0.000600000000   70779.597490851433
0.000602500000   69625.776951129985
0.000605000000   68473.213607350917
0.000607500000   67321.883019690576
0.000610000000   66171.760776760333
0.000612500000   65022.822494955508
0.000615000000   63875.043817804893
0.000617500000   62728.400415321172
0.000620000000   61582.867983352087


