0.000000000000   437790701.681921303272
0.000000133333   429009867.697134912014
0.000000266667   420405470.026577174664
0.000000400000   411973969.991244494915
0.000000533333   403711900.018706381321
0.000000666667   395615862.217017650604
0.000000800000   387682526.977287709713
0.000000933333   379908631.604332685471
0.000001066667   372290978.974845707417
0.000001200000   364826436.222535908222
0.000001333333   357511933.449692785740
0.000001466667   350344462.464647948742
0.000001600000   343321075.544614255428
0.000001733333   336438884.223393380642
0.000001866667   329695058.103453814983
0.000002000000   323086823.691890120506
0.000002133333   316611463.259785354137
0.000002266667   310266313.724506735802
0.000002400000   304048765.554475784302
0.000002533333   297956261.695961892605
0.000002666667   291986296.521458208561
0.000002800000   286136414.799206972122
0.000002933333   280404210.683451771736
0.000003066667   274787326.724999129772
0.000003200000   269283452.901684820652
0.000003333333   263890325.668344706297
0.000003466667   258605727.025900244713
0.000003600000   253427483.609175473452
0.000003733333   248353465.793069720268
0.000003866667   243381586.816719889641
0.000004000000   238509801.925290733576
0.000004133333   233736107.529040634632
0.000004266667   229058540.379317343235
0.000004400000   224475176.761144667864
0.000004533333   219984131.702067494392
0.000004666667   215583558.196930617094
0.000004800000   211271646.448272109032
0.000004933333   207046623.122018516064
0.000005066667   202906750.618176579475
0.000005200000   198850326.356220960617
0.000005333333   194875682.074883937836
0.000005466667   190981183.146059751511
0.000005600000   187165227.902540981770
0.000005733333   183426246.979310333729
0.000005866667   179762702.668117463589
0.000006000000   176173088.285074710846
0.000006133333   172655927.551012426615
0.000006266667   169209773.984338521957
0.000006400000   165833210.306152522564
0.000006533333   162524847.857369899750
0.000006666667   159283326.027616471052
0.000006800000   156107311.695658504963
0.000006933333   152995498.681137740612
0.000007066667   149946607.207386583090
0.000007200000   146959383.375102013350
0.000007333333   144032598.646661847830
0.000007466667   141165049.340871483088
0.000007600000   138355556.137933284044
0.000007733333   135602963.594434648752
0.000007866667   132906139.668155714869
0.000008000000   130263975.252501294017
0.000008133333   127675383.720365121961
0.000008266667   125139300.477239325643
0.000008400000   122654682.523385003209
0.000008533333   120220508.024883970618
0.000008666667   117835775.893395304680
0.000008800000   115499505.374443665147
0.000008933333   113210735.644070342183
0.000009066667   110968525.413680985570
0.000009200000   108771952.542927369475
0.000009333333   106620113.660464361310
0.000009466667   104512123.792425841093
0.000009600000   102447115.998466715217
0.000009733333   100424241.015221580863
0.000009866667   98442666.907033368945
0.000010000000   96501578.723807990551
0.000010133333   94600178.165854886174
0.000010266667   92737683.255575016141
0.000010400000   90913328.015861555934
0.000010533333   89126362.155081212521
0.000010666667   87376050.758506253362
0.000010800000   85661673.986070439219
0.000010933333   83982526.776324823499
0.000011066667   82337918.556471347809
0.000011200000   80727172.958355098963
0.000011333333   79149627.540298402309
0.000011466667   77604633.514662489295
0.000011600000   76091555.481024339795
0.000011733333   74609771.164859548211
0.000011866667   73158671.161623120308
0.000012000000   71737658.686123296618
0.000012133333   70346149.327085375786
0.000012266667   68983570.806804314256
0.000012400000   67649362.745787546039
0.000012533333   66342976.432291083038
0.000012666667   65063874.596654064953
0.000012800000   63811531.190339177847
0.000012933333   62585431.169587753713
0.000013066667   61385070.283600874245
0.000013200000   60209954.867159113288
0.000013333333   59059601.637595854700
0.000013466667   57933537.496040485799
0.000013600000   56831299.332849882543
0.000013733333   55752433.837148107588
0.000013866667   54696497.310395941138
0.000014000000   53663055.483913645148
0.000014133333   52651683.340281903744
0.000014266667   51661964.938547424972
0.000014400000   50693493.243161439896
0.000014533333   49745869.956580601633
0.000014666667   48818705.355461604893
0.000014800000   47911618.130381911993
0.000014933333   47024235.229021005332
0.000015066667   46156191.702737346292
0.000015200000   45307130.556478120387
0.000015333333   44476702.601960092783
0.000015466667   43664566.314060948789
0.000015600000   42870387.690362401307
0.000015733333   42093840.113786928356
0.000015866667   41334604.218272030354
0.000016000000   40592367.757426358759
0.000016133333   39866825.476114079356
0.000016266667   39157678.984914422035
0.000016400000   38464636.637404821813
0.000016533333   37787413.410217255354
0.000016666667   37125730.785818435252
0.000016800000   36479316.637965530157
0.000016933333   35847905.119790427387
0.000017066667   35231236.554466508329
0.000017200000   34629057.328412927687
0.000017333333   34041119.786992467940
0.000017466667   33467182.132660076022
0.000017600000   32907008.325520303100
0.000017733333   32360367.986252520233
0.000017866667   31827036.301364243031
0.000018000000   31306793.930733412504
0.000018133333   30799426.917401719838
0.000018266667   30304726.599581785500
0.000018400000   29822489.524842105806
0.000018533333   29352517.366434372962
0.000018666667   28894616.841728832573
0.000018800000   28448599.632724095136
0.000018933333   28014282.308598719537
0.000019066667   27591486.250272709876
0.000019200000   27180037.576947934926
0.000019333333   26779767.074597209692
0.000019466667   26390510.126372650266
0.000019600000   26012106.644904706627
0.000019733333   25644401.006463974714
0.000019866667   25287241.986958760768
0.000020000000   24940482.699742078781


0.000020000000   10441143.596799192950
0.000020666667   9804944.617680339143
0.000021333333   9207510.467601941898
0.000022000000   8646479.130908254534
0.000022666667   8119632.514106525108
0.000023333333   7624887.676412565634
0.000024000000   7160288.594636070542
0.000024666667   6723998.429847326130
0.000025333333   6314292.265250826254
0.000026000000   5929550.286554221064
0.000026666667   5568251.377870535478
0.000027333333   5228967.107834398746
0.000028000000   4910356.082155793905
0.000028666667   4611158.640283599496
0.000029333333   4330191.875211630017
0.000030000000   4066344.956737495959
0.000030666667   3818574.739684319124
0.000031333333   3585901.639721957035
0.000032000000   3367405.760482397396
0.000032666667   3162223.256657482125
0.000033333333   2969542.918700086419
0.000034000000   2788602.965626062360
0.000034666667   2618688.033236937132
0.000035333333   2459126.345856017433
0.000036000000   2309287.060396073386
0.000036666667   2168577.772258110810
0.000037333333   2036442.173200547229
0.000038000000   1912357.851918948814
0.000038666667   1795834.228640696965
0.000039333333   1686410.615568798967
0.000040000000   1583654.395506613422
0.000040666667   1487159.311462502461
0.000041333333   1396543.860472188797
0.000042000000   1311449.785288637970
0.000042666667   1231540.657976204529
0.000043333333   1156500.549809145276
0.000044000000   1086032.782215811079
0.000044666667   1019858.753830245114
0.000045333333   957716.839013822144
0.000046000000   899361.353492124006
0.000046666667   844561.583017591969
0.000047333333   793100.871217678417
0.000048000000   744775.763022210915
0.000048666667   699395.200283427839
0.000049333333   656779.766408485244
0.000050000000   616760.977018015110
0.000050666667   579180.613826283137
0.000051333333   543890.099109374685
0.000052000000   510749.908288304985
0.000052666667   479629.018304643745
0.000053333333   450404.389607751684
0.000054000000   422960.479705612815
0.000054666667   397188.786356038006
0.000055333333   372987.418592200265
0.000056000000   350260.693886508583
0.000056666667   328918.759860166523
0.000057333333   308877.239042807603
0.000058000000   290056.895277728210
0.000058666667   272383.320453818713
0.000059333333   255786.640325655433
0.000060000000   240201.238258683588
0.000060666667   225565.495807291241
0.000061333333   211821.549100122589
0.000062000000   198915.060069476196
0.000062666667   186795.001620320400
0.000063333333   175413.455889570672
0.000064000000   164725.424798025895
0.000064666667   154688.652145962609
0.000065333333   145263.456549023540
0.000066000000   136412.574553896644
0.000066666667   128101.013313526026
0.000067333333   120295.912239391750
0.000068000000   112966.413083887135
0.000068666667   106083.537939150963
0.000069333333   99620.074670011003
0.000070000000   93550.469328086372
0.000070666667   87850.725121697251
0.000071333333   82498.307542149254
0.000072000000   77472.055271299861
0.000072666667   72752.096518171078
0.000073333333   68319.770453836521
0.000074000000   64157.553433968213
0.000074666667   60248.989717356446
0.000075333333   56578.626406491203
0.000076000000   53131.952352986664
0.000076666667   49895.340786304871
0.000077333333   46855.995438955797
0.000078000000   44001.899955174165
0.000078666667   41321.770383055307
0.000079333333   38805.010562322881
0.000080000000   36441.670231349635
0.000080666667   34222.405687803061
0.000081333333   32138.442847383783
0.000082000000   30181.542554605923
0.000082666667   28343.968008471948
0.000083333333   26618.454174256265
0.000084000000   24998.179060463914
0.000084666667   23476.736747405008
0.000085333333   22048.112060750638
0.000086000000   20706.656789939647
0.000086666667   19447.067357413354
0.000087333333   18264.363850391332
0.000088000000   17153.870332288214
0.000088666667   16111.196355930824
0.000089333333   15132.219605486243
0.000090000000   14213.069598473912
0.000090666667   13350.112383426105
0.000091333333   12539.936172697408
0.000092000000   11779.337853621086
0.000092666667   11065.310324682836
0.000093333333   10395.030606644252
0.000094000000   9765.848681612095
0.000094666667   9175.277015927557
0.000095333333   8620.980725453188
0.000096000000   8100.768344374970
0.000096666667   7612.583161023072
0.000097333333   7154.495086456593
0.000098000000   6724.693023663926
0.000098666667   6321.477707209614
0.000099333333   5943.254985018525
0.000100000000   5588.529515736206
0.000100666667   5255.898856747300
0.000101333333   4944.047919478427
0.000102000000   4651.743770064004
0.000102666667   4377.830754818906
0.000103333333   4121.225931246057
0.000104000000   3880.914786514983
0.000104666667   3655.947226483872
0.000105333333   3445.433819407388
0.000106000000   3248.542279479313
0.000106666667   3064.494176307386
0.000107333333   2892.561857310908
0.000108000000   2732.065570873493
0.000108666667   2582.370778877083
0.000109333333   2442.885647992041
0.000110000000   2313.058709804900
0.000110666667   2192.376680532843
0.000111333333   2080.362431704941
0.000112000000   1976.573103787027
0.000112666667   1880.598355292246
0.000113333333   1792.058740454947
0.000114000000   1710.604209053910
0.000114666667   1635.912722453789
0.000115333333   1567.688980393160
0.000116000000   1505.663253485414
0.000116666667   1449.590316816647
0.000117333333   1399.248480424447
0.000118000000   1354.438712824452
0.000118666667   1314.983854119480
0.000119333333   1280.727915580154
0.000120000000   1251.535462927866


0.000120000000   36.294528424908
0.000122500000   35.570262082457
0.000125000000   34.860436634595
0.000127500000   34.164763904797
0.000130000000   33.482961462294
0.000132500000   32.814752507403
0.000135000000   32.159865759158
0.000137500000   31.518035345172
0.000140000000   30.889000693697
0.000142500000   30.272506427837
0.000145000000   29.668302261872
0.000147500000   29.076142899642
0.000150000000   28.495787934964
0.000152500000   27.927001754031
0.000155000000   27.369553439757
0.000157500000   26.823216678028
0.000160000000   26.287769665823
0.000162500000   25.762995021166
0.000165000000   25.248679694872
0.000167500000   24.744614884055
0.000170000000   24.250595947354
0.000172500000   23.766422321856
0.000175000000   23.291897441671
0.000177500000   22.826828658124
0.000180000000   22.371027161551
0.000182500000   21.924307904640
0.000185000000   21.486489527308
0.000187500000   21.057394283070
0.000190000000   20.636847966879
0.000192500000   20.224679844401
0.000195000000   19.820722582698
0.000197500000   19.424812182299
0.000200000000   19.036787910613
0.000202500000   18.656492236677
0.000205000000   18.283770767203
0.000207500000   17.918472183896
0.000210000000   17.560448182018
0.000212500000   17.209553410184
0.000215000000   16.865645411351
0.000217500000   16.528584564978
0.000220000000   16.198234030350
0.000222500000   15.874459691017
0.000225000000   15.557130100349
0.000227500000   15.246116428167
0.000230000000   14.941292408447
0.000232500000   14.642534288049
0.000235000000   14.349720776485
0.000237500000   14.062732996669
0.000240000000   13.781454436660
0.000242500000   13.505770902359
0.000245000000   13.235570471149
0.000247500000   12.970743446453
0.000250000000   12.711182313203
0.000252500000   12.456781694190
0.000255000000   12.207438307282
0.000257500000   11.963050923491
0.000260000000   11.723520325882
0.000262500000   11.488749269286
0.000265000000   11.258642440825
0.000267500000   11.033106421212
0.000270000000   10.812049646832
0.000272500000   10.595382372559
0.000275000000   10.383016635328
0.000277500000   10.174866218423
0.000280000000   9.970846616472
0.000282500000   9.770875001140
0.000285000000   9.574870187504
0.000287500000   9.382752601090
0.000290000000   9.194444245570
0.000292500000   9.009868671098
0.000295000000   8.828950943269
0.000297500000   8.651617612699
0.000300000000   8.477796685204
0.000302500000   8.307417592578
0.000305000000   8.140411163933
0.000307500000   7.976709597627
0.000310000000   7.816246433731
0.000312500000   7.658956527051
0.000315000000   7.504776020679
0.000317500000   7.353642320068
0.000320000000   7.205494067619
0.000322500000   7.060271117775
0.000325000000   6.917914512596
0.000327500000   6.778366457830
0.000330000000   6.641570299445
0.000332500000   6.507470500631
0.000335000000   6.376012619251
0.000337500000   6.247143285740
0.000340000000   6.120810181439
0.000342500000   5.996962017351
0.000345000000   5.875548513320
0.000347500000   5.756520377621
0.000350000000   5.639829286946
0.000352500000   5.525427866784
0.000355000000   5.413269672190
0.000357500000   5.303309168929
0.000360000000   5.195501714992
0.000362500000   5.089803542465
0.000365000000   4.986171739769
0.000367500000   4.884564234233
0.000370000000   4.784939775014
0.000372500000   4.687257916350
0.000375000000   4.591479001144
0.000377500000   4.497564144856
0.000380000000   4.405475219722
0.000382500000   4.315174839276
0.000385000000   4.226626343166
0.000387500000   4.139793782275
0.000390000000   4.054641904128
0.000392500000   3.971136138573
0.000395000000   3.889242583752
0.000397500000   3.808927992339
0.000400000000   3.730159758034
0.000402500000   3.652905902333
0.000405000000   3.577135061545
0.000407500000   3.502816474052
0.000410000000   3.429919967829
0.000412500000   3.358415948190
0.000415000000   3.288275385771
0.000417500000   3.219469804751
0.000420000000   3.151971271285
0.000422500000   3.085752382170
0.000425000000   3.020786253710
0.000427500000   2.957046510813
0.000430000000   2.894507276275
0.000432500000   2.833143160277
0.000435000000   2.772929250078
0.000437500000   2.713841099901
0.000440000000   2.655854721006
0.000442500000   2.598946571953
0.000445000000   2.543093549044
0.000447500000   2.488272976945
0.000450000000   2.434462599476
0.000452500000   2.381640570581
0.000455000000   2.329785445453
0.000457500000   2.278876171833
0.000460000000   2.228892081461
0.000462500000   2.179812881683
0.000465000000   2.131618647216
0.000467500000   2.084289812057
0.000470000000   2.037807161539
0.000472500000   1.992151824533
0.000475000000   1.947305265781
0.000477500000   1.903249278379
0.000480000000   1.859965976377
0.000482500000   1.817437787523
0.000485000000   1.775647446130
0.000487500000   1.734577986059
0.000490000000   1.694212733841
0.000492500000   1.654535301898
0.000495000000   1.615529581900
0.000497500000   1.577179738216
0.000500000000   1.539470201492
0.000502500000   1.502385662324
0.000505000000   1.465911065049
0.000507500000   1.430031601628
0.000510000000   1.394732705636
0.000512500000   1.360000046349
0.000515000000   1.325819522924
0.000517500000   1.292177258675
0.000520000000   1.259059595441
0.000522500000   1.226453088039
0.000525000000   1.194344498806
0.000527500000   1.162720792224
0.000530000000   1.131569129631
0.000532500000   1.100876864006
0.000535000000   1.070631534833
0.000537500000   1.040820863046
0.000540000000   1.011432746042
0.000542500000   0.982455252767
0.000545000000   0.953876618874
0.000547500000   0.925685241945
0.000550000000   0.897869676781
0.000552500000   0.870418630758
0.000555000000   0.843320959239
0.000557500000   0.816565661049
0.000560000000   0.790141874013
0.000562500000   0.764038870544
0.000565000000   0.738246053284
0.000567500000   0.712752950809
0.000570000000   0.687549213372
0.000572500000   0.662624608703
0.000575000000   0.637969017855
0.000577500000   0.613572431097
0.000580000000   0.589424943846
0.000582500000   0.565516752654
0.000585000000   0.541838151218
0.000587500000   0.518379526447
0.000590000000   0.495131354556
0.000592500000   0.472084197200
0.000595000000   0.449228697643
0.000597500000   0.426555576958
0.000600000000   0.404055630260
0.000602500000   0.381719722971
0.000605000000   0.359538787110
0.000607500000   0.337503817609
0.000610000000   0.315605868664
0.000612500000   0.293836050095
0.000615000000   0.272185523744
0.000617500000   0.250645499880
0.000620000000   0.229207233637


