0.000000000000   580.637951769559
0.000000133333   568.992008993325
0.000000266667   557.580072146678
0.000000400000   546.397447910823
0.000000533333   535.439537274985
0.000000666667   524.701833645005
0.000000800000   514.179920989937
0.000000933333   503.869472025895
0.000001066667   493.766246436396
0.000001200000   483.866089128472
0.000001333333   474.164928523828
0.000001466667   464.658774884348
0.000001600000   455.343718671262
0.000001733333   446.215928937291
0.000001866667   437.271651751119
0.000002000000   428.507208653533
0.000002133333   419.918995144607
0.000002266667   411.503479201300
0.000002400000   403.257199824863
0.000002533333   395.176765617456
0.000002666667   387.258853387383
0.000002800000   379.500206782390
0.000002933333   371.897634950438
0.000003066667   364.448011227427
0.000003200000   357.148271851306
0.000003333333   349.995414702059
0.000003466667   342.986498067045
0.000003600000   336.118639431171
0.000003733333   329.389014291425
0.000003866667   322.794854995252
0.000004000000   316.333449602324
0.000004133333   310.002140769213
0.000004266667   303.798324656524
0.000004400000   297.719449858026
0.000004533333   291.763016351355
0.000004666667   285.926574469840
0.000004800000   280.207723895048
0.000004933333   274.604112669616
0.000005066667   269.113436229977
0.000005200000   263.733436458576
0.000005333333   258.461900755187
0.000005466667   253.296661126950
0.000005600000   248.235593296754
0.000005733333   243.276615829601
0.000005866667   238.417689276579
0.000006000000   233.656815336121
0.000006133333   228.992036032165
0.000006266667   224.421432908916
0.000006400000   219.943126241850
0.000006533333   215.555274264655
0.000006666667   211.256072411776
0.000006800000   207.043752576261
0.000006933333   202.916582382605
0.000007066667   198.872864474287
0.000007200000   194.910935815703
0.000007333333   191.029167008227
0.000007466667   187.225961620092
0.000007600000   183.499755529836
0.000007733333   179.849016283038
0.000007866667   176.272242462073
0.000008000000   172.767963068633
0.000008133333   169.334736918755
0.000008266667   165.971152050122
0.000008400000   162.675825141365
0.000008533333   159.447400943160
0.000008666667   156.284551720856
0.000008800000   153.185976708430
0.000008933333   150.150401573530
0.000009066667   147.176577893383
0.000009200000   144.263282641366
0.000009333333   141.409317684022
0.000009466667   138.613509288305
0.000009600000   135.874707638873
0.000009733333   133.191786365203
0.000009866667   130.563642078361
0.000010000000   127.989193917214
0.000010133333   125.467383103915
0.000010266667   122.997172508460
0.000010400000   120.577546222160
0.000010533333   118.207509139830
0.000010666667   115.886086550538
0.000010800000   113.612323736746
0.000010933333   111.385285581663
0.000011066667   109.204056184669
0.000011200000   107.067738484638
0.000011333333   104.975453891008
0.000011466667   102.926341922446
0.000011600000   100.919559852969
0.000011733333   98.954282365355
0.000011866667   97.029701211723
0.000012000000   95.145024881131
0.000012133333   93.299478274052
0.000012266667   91.492302383606
0.000012400000   89.722753983407
0.000012533333   87.990105321902
0.000012666667   86.293643823072
0.000012800000   84.632671793376
0.000012933333   83.006506134812
0.000013066667   81.414478063987
0.000013200000   79.855932837069
0.000013333333   78.330229480513
0.000013466667   76.836740527454
0.000013600000   75.374851759652
0.000013733333   73.943961954883
0.000013866667   72.543482639684
0.000014000000   71.172837847329
0.000014133333   69.831463880959
0.000014266667   68.518809081750
0.000014400000   67.234333602039
0.000014533333   65.977509183303
0.000014666667   64.747818938904
0.000014800000   63.544757141513
0.000014933333   62.367829015123
0.000015066667   61.216550531565
0.000015200000   60.090448211445
0.000015333333   58.989058929418
0.000015466667   57.911929723722
0.000015600000   56.858617609893
0.000015733333   55.828689398576
0.000015866667   54.821721517376
0.000016000000   53.837299836654
0.000016133333   52.875019499212
0.000016266667   51.934484753790
0.000016400000   51.015308792305
0.000016533333   50.117113590775
0.000016666667   49.239529753850
0.000016800000   48.382196362889
0.000016933333   47.544760827533
0.000017066667   46.726878740694
0.000017200000   45.928213736913
0.000017333333   45.148437354026
0.000017466667   44.387228898080
0.000017600000   43.644275311439
0.000017733333   42.919271044040
0.000017866667   42.211917927728
0.000018000000   41.521925053630
0.000018133333   40.849008652517
0.000018266667   40.192891978099
0.000018400000   39.553305193207
0.000018533333   38.929985258823
0.000018666667   38.322675825896
0.000018800000   37.731127129919
0.000018933333   37.155095888211
0.000019066667   36.594345199858
0.000019200000   36.048644448289
0.000019333333   35.517769206431
0.000019466667   35.001501144408
0.000019600000   34.499627939751
0.000019733333   34.011943190079
0.000019866667   33.538246328212
0.000020000000   33.078342539682


0.000020000000   27.695993582715
0.000020666667   26.008423377435
0.000021333333   24.423680074820
0.000022000000   22.935498233749
0.000022666667   21.537994178495
0.000023333333   20.225642737026
0.000024000000   18.993255396681
0.000024666667   17.835959790872
0.000025333333   16.749180435693
0.000026000000   15.728620640284
0.000026666667   14.770245519439
0.000027333333   13.870266041280
0.000028000000   13.025124046941
0.000028666667   12.231478183034
0.000029333333   11.486190691272
0.000030000000   10.786315003026
0.000030666667   10.129084089777
0.000031333333   9.511899523385
0.000032000000   8.932321202948
0.000032666667   8.388057707620
0.000033333333   7.876957237244
0.000034000000   7.396999105002
0.000034666667   6.946285748421
0.000035333333   6.523035227175
0.000036000000   6.125574178003
0.000036666667   5.752331198901
0.000037333333   5.401830636428
0.000038000000   5.072686751558
0.000038666667   4.763598241030
0.000039333333   4.473343092507
0.000040000000   4.200773753235
0.000040666667   3.944812593073
0.000041333333   3.704447643980
0.000042000000   3.478728599092
0.000042666667   3.266763055593
0.000043333333   3.067712986510
0.000044000000   2.880791427492
0.000044666667   2.705259365460
0.000045333333   2.540422816857
0.000046000000   2.385630083901
0.000046666667   2.240269178046
0.000047333333   2.103765400413
0.000048000000   1.975579069667
0.000048666667   1.855203388331
0.000049333333   1.742162439111
0.000050000000   1.636009303310
0.000050666667   1.536324293891
0.000051333333   1.442713296200
0.000052000000   1.354806209797
0.000052666667   1.272255485225
0.000053333333   1.194734749939
0.000054000000   1.121937517961
0.000054666667   1.053575978154
0.000055333333   0.989379856334
0.000056000000   0.929095346714
0.000056666667   0.872484108457
0.000057333333   0.819322323371
0.000058000000   0.769399811022
0.000058666667   0.722519197767
0.000059333333   0.678495136412
0.000060000000   0.637153573428
0.000060666667   0.598331060812
0.000061333333   0.561874109878
0.000062000000   0.527638584425
0.000062666667   0.495489130879
0.000063333333   0.465298643161
0.000064000000   0.436947760159
0.000064666667   0.410324393821
0.000065333333   0.385323286007
0.000066000000   0.361845592336
0.000066666667   0.339798491399
0.000067333333   0.319094817777
0.000068000000   0.299652717428
0.000068666667   0.281395324062
0.000069333333   0.264250455249
0.000070000000   0.248150327036
0.000070666667   0.233031285955
0.000071333333   0.218833557367
0.000072000000   0.205501009132
0.000072666667   0.192980929686
0.000073333333   0.181223819644
0.000074000000   0.170183196095
0.000074666667   0.159815408830
0.000075333333   0.150079467766
0.000076000000   0.140936880885
0.000076666667   0.132351502057
0.000077333333   0.124289388127
0.000078000000   0.116718664722
0.000078666667   0.109609400230
0.000079333333   0.102933487462
0.000080000000   0.096664532531
0.000080666667   0.090777750495
0.000081333333   0.085249867374
0.000082000000   0.080059028128
0.000082666667   0.075184710256
0.000083333333   0.070607642655
0.000084000000   0.066309729429
0.000084666667   0.062273978350
0.000085333333   0.058484433672
0.000086000000   0.054926113050
0.000086666667   0.051584948310
0.000087333333   0.048447729820
0.000088000000   0.045502054276
0.000088666667   0.042736275653
0.000089333333   0.040139459169
0.000090000000   0.037701338052
0.000090666667   0.035412272944
0.000091333333   0.033263213799
0.000092000000   0.031245664096
0.000092666667   0.029351647250
0.000093333333   0.027573675077
0.000094000000   0.025904718186
0.000094666667   0.024338178189
0.000095333333   0.022867861613
0.000096000000   0.021487955414
0.000096666667   0.020193003996
0.000097333333   0.018977887639
0.000098000000   0.017837802258
0.000098666667   0.016768240412
0.000099333333   0.015764973482
0.000100000000   0.014824034951
0.000100666667   0.013941704724
0.000101333333   0.013114494421
0.000102000000   0.012339133583
0.000102666667   0.011612556744
0.000103333333   0.010931891309
0.000104000000   0.010294446200
0.000104666667   0.009697701213
0.000105333333   0.009139297058
0.000106000000   0.008617026027
0.000106666667   0.008128823271
0.000107333333   0.007672758630
0.000108000000   0.007247029008
0.000108666667   0.006849951239
0.000109333333   0.006479955438
0.000110000000   0.006135578789
0.000110666667   0.005815459764
0.000111333333   0.005518332740
0.000112000000   0.005243022998
0.000112666667   0.004988442070
0.000113333333   0.004753583448
0.000114000000   0.004537518592
0.000114666667   0.004339393271
0.000115333333   0.004158424174
0.000116000000   0.003993895824
0.000116666667   0.003845157740
0.000117333333   0.003711621871
0.000118000000   0.003592760271
0.000118666667   0.003488103008
0.000119333333   0.003397236309
0.000120000000   0.003319800923


0.000120000000   0.003319800923
0.000122500000   0.003253553470
0.000125000000   0.003188626902
0.000127500000   0.003124994859
0.000130000000   0.003062631509
0.000132500000   0.003001511533
0.000135000000   0.002941610118
0.000137500000   0.002882902944
0.000140000000   0.002825366177
0.000142500000   0.002768976458
0.000145000000   0.002713710895
0.000147500000   0.002659547051
0.000150000000   0.002606462935
0.000152500000   0.002554436997
0.000155000000   0.002503448115
0.000157500000   0.002453475588
0.000160000000   0.002404499129
0.000162500000   0.002356498854
0.000165000000   0.002309455276
0.000167500000   0.002263349295
0.000170000000   0.002218162194
0.000172500000   0.002173875628
0.000175000000   0.002130471616
0.000177500000   0.002087932538
0.000180000000   0.002046241123
0.000182500000   0.002005380446
0.000185000000   0.001965333918
0.000187500000   0.001926085281
0.000190000000   0.001887618600
0.000192500000   0.001849918258
0.000195000000   0.001812968951
0.000197500000   0.001776755677
0.000200000000   0.001741263734
0.000202500000   0.001706478713
0.000205000000   0.001672386492
0.000207500000   0.001638973230
0.000210000000   0.001606225363
0.000212500000   0.001574129594
0.000215000000   0.001542672894
0.000217500000   0.001511842492
0.000220000000   0.001481625871
0.000222500000   0.001452010764
0.000225000000   0.001422985147
0.000227500000   0.001394537237
0.000230000000   0.001366655484
0.000232500000   0.001339328570
0.000235000000   0.001312545399
0.000237500000   0.001286295098
0.000240000000   0.001260567010
0.000242500000   0.001235350689
0.000245000000   0.001210635899
0.000247500000   0.001186412606
0.000250000000   0.001162670976
0.000252500000   0.001139401369
0.000255000000   0.001116594339
0.000257500000   0.001094240626
0.000260000000   0.001072331155
0.000262500000   0.001050857032
0.000265000000   0.001029809538
0.000267500000   0.001009180129
0.000270000000   0.000988960429
0.000272500000   0.000969142229
0.000275000000   0.000949717484
0.000277500000   0.000930678307
0.000280000000   0.000912016969
0.000282500000   0.000893725894
0.000285000000   0.000875797655
0.000287500000   0.000858224975
0.000290000000   0.000841000719
0.000292500000   0.000824117894
0.000295000000   0.000807569647
0.000297500000   0.000791349258
0.000300000000   0.000775450143
0.000302500000   0.000759865847
0.000305000000   0.000744590043
0.000307500000   0.000729616530
0.000310000000   0.000714939228
0.000312500000   0.000700552178
0.000315000000   0.000686449541
0.000317500000   0.000672625589
0.000320000000   0.000659074712
0.000322500000   0.000645791407
0.000325000000   0.000632770282
0.000327500000   0.000620006050
0.000330000000   0.000607493530
0.000332500000   0.000595227642
0.000335000000   0.000583203406
0.000337500000   0.000571415939
0.000340000000   0.000559860458
0.000342500000   0.000548532269
0.000345000000   0.000537426775
0.000347500000   0.000526539467
0.000350000000   0.000515865925
0.000352500000   0.000505401815
0.000355000000   0.000495142889
0.000357500000   0.000485084982
0.000360000000   0.000475224011
0.000362500000   0.000465555973
0.000365000000   0.000456076942
0.000367500000   0.000446783071
0.000370000000   0.000437670585
0.000372500000   0.000428735786
0.000375000000   0.000419975045
0.000377500000   0.000411384808
0.000380000000   0.000402961585
0.000382500000   0.000394701957
0.000385000000   0.000386602572
0.000387500000   0.000378660140
0.000390000000   0.000370871438
0.000392500000   0.000363233302
0.000395000000   0.000355742633
0.000397500000   0.000348396390
0.000400000000   0.000341191589
0.000402500000   0.000334125305
0.000405000000   0.000327194671
0.000407500000   0.000320396872
0.000410000000   0.000313729148
0.000412500000   0.000307188793
0.000415000000   0.000300773151
0.000417500000   0.000294479617
0.000420000000   0.000288305637
0.000422500000   0.000282248704
0.000425000000   0.000276306359
0.000427500000   0.000270476189
0.000430000000   0.000264755828
0.000432500000   0.000259142953
0.000435000000   0.000253635286
0.000437500000   0.000248230590
0.000440000000   0.000242926671
0.000442500000   0.000237721376
0.000445000000   0.000232612591
0.000447500000   0.000227598244
0.000450000000   0.000222676297
0.000452500000   0.000217844753
0.000455000000   0.000213101649
0.000457500000   0.000208445062
0.000460000000   0.000203873099
0.000462500000   0.000199383905
0.000465000000   0.000194975658
0.000467500000   0.000190646567
0.000470000000   0.000186394875
0.000472500000   0.000182218856
0.000475000000   0.000178116815
0.000477500000   0.000174087087
0.000480000000   0.000170128034
0.000482500000   0.000166238050
0.000485000000   0.000162415556
0.000487500000   0.000158659000
0.000490000000   0.000154966857
0.000492500000   0.000151337627
0.000495000000   0.000147769838
0.000497500000   0.000144262041
0.000500000000   0.000140812812
0.000502500000   0.000137420750
0.000505000000   0.000134084478
0.000507500000   0.000130802643
0.000510000000   0.000127573911
0.000512500000   0.000124396971
0.000515000000   0.000121270535
0.000517500000   0.000118193332
0.000520000000   0.000115164114
0.000522500000   0.000112181650
0.000525000000   0.000109244730
0.000527500000   0.000106352162
0.000530000000   0.000103502770
0.000532500000   0.000100695399
0.000535000000   0.000097928909
0.000537500000   0.000095202175
0.000540000000   0.000092514093
0.000542500000   0.000089863569
0.000545000000   0.000087249528
0.000547500000   0.000084670909
0.000550000000   0.000082126665
0.000552500000   0.000079615763
0.000555000000   0.000077137183
0.000557500000   0.000074689920
0.000560000000   0.000072272980
0.000562500000   0.000069885381
0.000565000000   0.000067526154
0.000567500000   0.000065194342
0.000570000000   0.000062888998
0.000572500000   0.000060609185
0.000575000000   0.000058353979
0.000577500000   0.000056122463
0.000580000000   0.000053913732
0.000582500000   0.000051726889
0.000585000000   0.000049561046
0.000587500000   0.000047415324
0.000590000000   0.000045288852
0.000592500000   0.000043180766
0.000595000000   0.000041090211
0.000597500000   0.000039016338
0.000600000000   0.000036958305
0.000602500000   0.000034915276
0.000605000000   0.000032886423
0.000607500000   0.000030870920
0.000610000000   0.000028867951
0.000612500000   0.000026876701
0.000615000000   0.000024896363
0.000617500000   0.000022926132
0.000620000000   0.000020965209


