0.000000000000   437831217.586813211441
0.000000133333   429050662.735924184322
0.000000266667   420446560.976794540882
0.000000400000   412015373.752118647099
0.000000533333   403753633.618113577366
0.000000666667   395657942.818484842777
0.000000800000   387724971.887051522732
0.000000933333   379951458.278456389904
0.000001066667   372334205.026398599148
0.000001200000   364870079.428836822510
0.000001333333   357556011.759621381760
0.000001466667   350388994.006026268005
0.000001600000   343366078.631662130356
0.000001733333   336484377.364260435104
0.000001866667   329741060.007831156254
0.000002000000   323133353.278704941273
0.000002133333   316658539.664981544018
0.000002266667   310313956.308915138245
0.000002400000   304096993.911776125431
0.000002533333   298005095.660741388798
0.000002666667   292035756.177368462086
0.000002800000   286186520.487224042416
0.000002933333   280454983.010241270065
0.000003066667   274838786.571391344070
0.000003200000   269335621.431261897087
0.000003333333   263943224.336144834757
0.000003466667   258659377.587241113186
0.000003600000   253481908.128601521254
0.000003733333   248408686.653426587582
0.000003866667   243437626.728359431028
0.000004000000   238566683.935411185026
0.000004133333   233793855.031165003777
0.000004266667   229117177.122914344072
0.000004400000   224534726.861396014690
0.000004533333   220044619.649785608053
0.000004666667   215645008.868630826473
0.000004800000   211334085.116403460503
0.000004933333   207110075.465357422829
0.000005066667   202971242.732387602329
0.000005200000   198915884.764588922262
0.000005333333   194942333.739222139120
0.000005466667   191048955.477798253298
0.000005600000   187234148.774000018835
0.000005733333   183496344.735163152218
0.000005866667   179834006.137047529221
0.000006000000   176245626.791631907225
0.000006133333   172729730.927673131227
0.000006266667   169284872.583774626255
0.000006400000   165909635.013714402914
0.000006533333   162602630.103788495064
0.000006666667   159362497.801929593086
0.000006800000   156187905.558366686106
0.000006933333   153077547.777595400810
0.000007066667   150030145.281433314085
0.000007200000   147044444.782940268517
0.000007333333   144119218.370986461639
0.000007466667   141253263.005256831646
0.000007600000   138445400.021483808756
0.000007733333   135694474.646705180407
0.000007866667   132999355.524347737432
0.000008000000   130358934.248940661550
0.000008133333   127772124.910268530250
0.000008266667   125237863.646775543690
0.000008400000   122755108.208037361503
0.000008533333   120322837.526121228933
0.000008666667   117940051.295657485723
0.000008800000   115605769.562449812889
0.000008933333   113319032.320455461740
0.000009066667   111078899.116969391704
0.000009200000   108884448.665849760175
0.000009333333   106734778.468626260757
0.000009466667   104629004.443334892392
0.000009600000   102566260.560926944017
0.000009733333   100545698.489102303982
0.000009866667   98566487.243421107531
0.000010000000   96627812.845549598336
0.000010133333   94728877.988500207663
0.000010266667   92868901.708727881312
0.000010400000   91047119.064947918057
0.000010533333   89262780.823543071747
0.000010666667   87515153.150430873036
0.000010800000   85803517.309263944626
0.000010933333   84127169.365839675069
0.000011066667   82485419.898597478867
0.000011200000   80877593.715084478259
0.000011333333   79303029.574273139238
0.000011466667   77761079.914616659284
0.000011600000   76251110.587730169296
0.000011733333   74772500.597588479519
0.000011866667   73324641.845132544637
0.000012000000   71906938.878180429339
0.000012133333   70518808.646539121866
0.000012266667   69159680.262217015028
0.000012400000   67828994.764638260007
0.000012533333   66526204.890762411058
0.000012666667   65250774.850014761090
0.000012800000   64002180.103935040534
0.000012933333   62779907.150453574955
0.000013066667   61583453.312706448138
0.000013200000   60412326.532302521169
0.000013333333   59266045.166957601905
0.000013466667   58144137.792412228882
0.000013600000   57046143.008551903069
0.000013733333   55971609.249649859965
0.000013866667   54920094.598654270172
0.000014000000   53891166.605443701148
0.000014133333   52884402.108975984156
0.000014266667   51899387.063257202506
0.000014400000   50935716.367059610784
0.000014533333   49992993.697318002582
0.000014666667   49070831.346136331558
0.000014800000   48168850.061337411404
0.000014933333   47286678.890490129590
0.000015066667   46423955.028350070119
0.000015200000   45580323.667650803924
0.000015333333   44755437.853184409440
0.000015466667   43948958.339111253619
0.000015600000   43160553.449440479279
0.000015733333   42389898.941623531282
0.000015866667   41636677.873204916716
0.000016000000   40900580.471475154161
0.000016133333   40181304.006072431803
0.000016266667   39478552.664480455220
0.000016400000   38792037.430371500552
0.000016533333   38121475.964744292200
0.000016666667   37466592.489808268845
0.000016800000   36827117.675565980375
0.000016933333   36202788.529047414660
0.000017066667   35593348.286150462925
0.000017200000   34998546.306043080986
0.000017333333   34418137.968083687127
0.000017466667   33851884.571217611432
0.000017600000   33299553.235807839781
0.000017733333   32760916.807860042900
0.000017866667   32235753.765602324158
0.000018000000   31723848.128381263465
0.000018133333   31224989.367836877704
0.000018266667   30738972.321319866925
0.000018400000   30265597.107515625656
0.000018533333   29804669.044240202755
0.000018666667   29355998.568374600261
0.000018800000   28919401.157904226333
0.000018933333   28494697.256031662226
0.000019066667   28081712.197331409901
0.000019200000   27680276.135916277766
0.000019333333   27290223.975585907698
0.000019466667   26911395.301928635687
0.000019600000   26543634.316348820925
0.000019733333   26186789.771992485970
0.000019866667   25840714.911544937640
0.000020000000   25505267.406874779612


0.000020000000   10091875.956609688699
0.000020666667   9476958.527166672051
0.000021333333   8899509.200956657529
0.000022000000   8357244.974323541857
0.000022666667   7848021.951420910656
0.000023333333   7369826.868105416186
0.000024000000   6920769.132295661606
0.000024666667   6499073.349327350967
0.000025333333   6103072.302752939984
0.000026000000   5731200.362834692933
0.000026666667   5381987.296670946293
0.000027333333   5054052.455483316444
0.000028000000   4746099.316083685495
0.000028666667   4456910.354940121062
0.000029333333   4185342.234575848561
0.000030000000   3930321.283270194195
0.000030666667   3690839.250190076418
0.000031333333   3465949.319169509690
0.000032000000   3254762.365377210546
0.000032666667   3056443.440072666388
0.000033333333   2870208.469552791677
0.000034000000   2695321.155238141306
0.000034666667   2531090.062642839272
0.000035333333   2376865.887719201855
0.000036000000   2232038.889769250527
0.000036666667   2096036.480773890624
0.000037333333   1968320.961608917685
0.000038000000   1848387.396197760943
0.000038666667   1735761.615196211496
0.000039333333   1629998.341316501377
0.000040000000   1530679.428879020270
0.000040666667   1437412.210631554946
0.000041333333   1349827.945300042164
0.000042000000   1267580.359733067453
0.000042666667   1190344.279876332963
0.000043333333   1117814.345164517406
0.000044000000   1049703.801247744355
0.000044666667   985743.366279583890
0.000045333333   925680.166284346371
0.000046000000   869276.735394530231
0.000046666667   816310.077005769708
0.000047333333   766570.782137459260
0.000048000000   719862.201513407286
0.000048666667   675999.668089258485
0.000049333333   634809.766952867270
0.000050000000   596129.649711100734
0.000050666667   559806.390652431757
0.000051333333   525696.382139846100
0.000052000000   493664.766843688500
0.000052666667   463584.904569723993
0.000053333333   435337.871574466291
0.000054000000   408811.990388265287
0.000054666667   383902.388287263340
0.000055333333   360510.582668593794
0.000056000000   338544.091689562832
0.000056666667   317916.068631435570
0.000057333333   298544.958542249515
0.000058000000   280354.175801156089
0.000058666667   263271.801329509995
0.000059333333   247230.298251600267
0.000060000000   232166.244880857994
0.000060666667   218020.083975876623
0.000061333333   204735.887274902198
0.000062000000   192261.134377857787
0.000062666667   180546.505101689661
0.000063333333   169545.684488091560
0.000064000000   159215.179692685575
0.000064666667   149514.148031712510
0.000065333333   140404.235506397643
0.000066000000   131849.425166580768
0.000066666667   123815.894714102469
0.000067333333   116271.882782965811
0.000068000000   109187.563367599883
0.000068666667   102534.927902764073
0.000069333333   96287.674528884600
0.000070000000   90421.104105022547
0.000070666667   84912.022558350058
0.000071333333   79738.649184064256
0.000072000000   74880.530533192548
0.000072666667   70318.459547836843
0.000073333333   66034.399624149461
0.000074000000   62011.413302816101
0.000074666667   58233.595305116745
0.000075333333   54686.009649815685
0.000076000000   51354.630602266123
0.000076666667   48226.287222265659
0.000077333333   45288.611291427151
0.000078000000   42529.988414190411
0.000078666667   39939.512099148000
0.000079333333   37506.940639140776
0.000080000000   35222.656619644455
0.000080666667   33077.628895359550
0.000081333333   31063.376884675341
0.000082000000   29171.937040842378
0.000082666667   27395.831367294086
0.000083333333   25728.037852639518
0.000084000000   24161.962708439147
0.000084666667   22691.414300002856
0.000085333333   21310.578667143051
0.000086000000   20013.996538101659
0.000086666667   18796.541745773309
0.000087333333   17653.400960891035
0.000088000000   16580.054662047740
0.000088666667   15572.259267316314
0.000089333333   14626.030356824143
0.000090000000   13737.626919950711
0.000090666667   12903.536564867994
0.000091333333   12120.461631948137
0.000092000000   11385.306156136347
0.000092666667   10695.163626743455
0.000093333333   10047.305496265253
0.000094000000   9439.170392797085
0.000094666667   8868.353993393875
0.000095333333   8332.599518338950
0.000096000000   7829.788808739728
0.000096666667   7357.933952174738
0.000097333333   6915.169423283063
0.000098000000   6499.744708223282
0.000098666667   6110.017383841931
0.000099333333   5744.446624189337
0.000100000000   5401.587108710135
0.000100666667   5080.083308023927
0.000101333333   4778.664124704324
0.000102000000   4496.137867868149
0.000102666667   4231.387541706378
0.000103333333   3983.366429329496
0.000104000000   3751.093954467611
0.000104666667   3533.651804664107
0.000105333333   3330.180300635523
0.000106000000   3139.874997443530
0.000106666667   2961.983504041430
0.000107333333   2795.802508620907
0.000108000000   2640.674997998467
0.000108666667   2495.987660048113
0.000109333333   2361.168458910524
0.000110000000   2235.684373392085
0.000110666667   2119.039289612287
0.000111333333   2010.772039567900
0.000112000000   1910.454577859149
0.000112666667   1817.690289369421
0.000113333333   1732.112421207743
0.000114000000   1653.382632714553
0.000114666667   1581.189657798062
0.000115333333   1515.248074312641
0.000116000000   1455.297175613822
0.000116666667   1401.099939828510
0.000117333333   1352.442092765304
0.000118000000   1309.131260760054
0.000118666667   1270.996210107346
0.000119333333   1237.886170070917
0.000120000000   1209.670236796480


0.000120000000   35.080436867098
0.000122500000   34.380398023670
0.000125000000   33.694317011159
0.000127500000   33.021915292858
0.000130000000   32.362919885615
0.000132500000   31.717063248999
0.000135000000   31.084083176688
0.000137500000   30.463722690015
0.000140000000   29.855729933642
0.000142500000   29.259858073311
0.000145000000   28.675865195629
0.000147500000   28.103514209861
0.000150000000   27.542572751674
0.000152500000   26.992813088799
0.000155000000   26.454012028578
0.000157500000   25.925950827351
0.000160000000   25.408415101651
0.000162500000   24.901194741165
0.000165000000   24.404083823436
0.000167500000   23.916880530262
0.000170000000   23.439387065760
0.000172500000   22.971409576064
0.000175000000   22.512758070627
0.000177500000   22.063246345083
0.000180000000   21.622691905657
0.000182500000   21.190915895072
0.000185000000   20.767743019937
0.000187500000   20.353001479580
0.000190000000   19.946522896304
0.000192500000   19.548142247024
0.000195000000   19.157697796273
0.000197500000   18.775031030538
0.000200000000   18.399986593910
0.000202500000   18.032412225009
0.000205000000   17.672158695171
0.000207500000   17.319079747861
0.000210000000   16.973032039299
0.000212500000   16.633875080262
0.000215000000   16.301471179047
0.000217500000   15.975685385577
0.000220000000   15.656385436605
0.000222500000   15.343441702024
0.000225000000   15.036727132236
0.000227500000   14.736117206573
0.000230000000   14.441489882747
0.000232500000   14.152725547295
0.000235000000   13.869706967028
0.000237500000   13.592319241430
0.000240000000   13.320449756009
0.000242500000   13.053988136585
0.000245000000   12.792826204473
0.000247500000   12.536857932567
0.000250000000   12.285979402297
0.000252500000   12.040088761433
0.000255000000   11.799086182745
0.000257500000   11.562873823466
0.000260000000   11.331355785573
0.000262500000   11.104438076857
0.000265000000   10.882028572757
0.000267500000   10.664036978965
0.000270000000   10.450374794767
0.000272500000   10.240955277111
0.000275000000   10.035693405392
0.000277500000   9.834505846937
0.000280000000   9.637310923170
0.000282500000   9.444028576456
0.000285000000   9.254580337593
0.000287500000   9.068889293964
0.000290000000   8.886880058302
0.000292500000   8.708478738090
0.000295000000   8.533612905561
0.000297500000   8.362211568294
0.000300000000   8.194205140390
0.000302500000   8.029525414223
0.000305000000   7.868105532750
0.000307500000   7.709879962366
0.000310000000   7.554784466300
0.000312500000   7.402756078535
0.000315000000   7.253733078247
0.000317500000   7.107654964745
0.000320000000   6.964462432908
0.000322500000   6.824097349112
0.000325000000   6.686502727628
0.000327500000   6.551622707482
0.000330000000   6.419402529781
0.000332500000   6.289788515484
0.000335000000   6.162728043601
0.000337500000   6.038169529838
0.000340000000   5.916062405652
0.000342500000   5.796357097718
0.000345000000   5.679005007808
0.000347500000   5.563958493058
0.000350000000   5.451170846627
0.000352500000   5.340596278732
0.000355000000   5.232189898065
0.000357500000   5.125907693559
0.000360000000   5.021706516528
0.000362500000   4.919544063144
0.000365000000   4.819378857267
0.000367500000   4.721170233602
0.000370000000   4.624878321192
0.000372500000   4.530464027230
0.000375000000   4.437889021192
0.000377500000   4.347115719268
0.000380000000   4.258107269110
0.000382500000   4.170827534869
0.000385000000   4.085241082523
0.000387500000   4.001313165492
0.000390000000   3.919009710533
0.000392500000   3.838297303906
0.000395000000   3.759143177805
0.000397500000   3.681515197064
0.000400000000   3.605381846099
0.000402500000   3.530712216123
0.000405000000   3.457475992593
0.000407500000   3.385643442902
0.000410000000   3.315185404312
0.000412500000   3.246073272110
0.000415000000   3.178278987998
0.000417500000   3.111775028700
0.000420000000   3.046534394792
0.000422500000   2.982530599734
0.000425000000   2.919737659122
0.000427500000   2.858130080138
0.000430000000   2.797682851199
0.000432500000   2.738371431803
0.000435000000   2.680171742569
0.000437500000   2.623060155455
0.000440000000   2.567013484173
0.000442500000   2.512008974768
0.000445000000   2.458024296388
0.000447500000   2.405037532212
0.000450000000   2.353027170554
0.000452500000   2.301972096131
0.000455000000   2.251851581491
0.000457500000   2.202645278594
0.000460000000   2.154333210556
0.000462500000   2.106895763536
0.000465000000   2.060313678771
0.000467500000   2.014568044764
0.000470000000   1.969640289599
0.000472500000   1.925512173406
0.000475000000   1.882165780953
0.000477500000   1.839583514376
0.000480000000   1.797748086030
0.000482500000   1.756642511474
0.000485000000   1.716250102575
0.000487500000   1.676554460734
0.000490000000   1.637539470223
0.000492500000   1.599189291651
0.000495000000   1.561488355525
0.000497500000   1.524421355936
0.000500000000   1.487973244340
0.000502500000   1.452129223451
0.000505000000   1.416874741233
0.000507500000   1.382195484993
0.000510000000   1.348077375569
0.000512500000   1.314506561613
0.000515000000   1.281469413973
0.000517500000   1.248952520153
0.000520000000   1.216942678872
0.000522500000   1.185426894702
0.000525000000   1.154392372795
0.000527500000   1.123826513687
0.000530000000   1.093716908181
0.000532500000   1.064051332313
0.000535000000   1.034817742386
0.000537500000   1.006004270081
0.000540000000   0.977599217641
0.000542500000   0.949591053118
0.000545000000   0.921968405696
0.000547500000   0.894720061070
0.000550000000   0.867834956896
0.000552500000   0.841302178300
0.000555000000   0.815110953445
0.000557500000   0.789250649159
0.000560000000   0.763710766617
0.000562500000   0.738480937080
0.000565000000   0.713550917687
0.000567500000   0.688910587292
0.000570000000   0.664549942359
0.000572500000   0.640459092898
0.000575000000   0.616628258453
0.000577500000   0.593047764128
0.000580000000   0.569708036661
0.000582500000   0.546599600538
0.000585000000   0.523713074143
0.000587500000   0.501039165954
0.000590000000   0.478568670767
0.000592500000   0.456292465960
0.000595000000   0.434201507788
0.000597500000   0.412286827717
0.000600000000   0.390539528774
0.000602500000   0.368950781943
0.000605000000   0.347511822576
0.000607500000   0.326213946836
0.000610000000   0.305048508164
0.000612500000   0.284006913769
0.000615000000   0.263080621135
0.000617500000   0.242261134561
0.000620000000   0.221540001704


