0.000000000000   248.040476641274
0.000000133333   243.065491474786
0.000000266667   238.190470394583
0.000000400000   233.413408479996
0.000000533333   228.732341097435
0.000000666667   224.145343092402
0.000000800000   219.650527997752
0.000000933333   215.246047257847
0.000001066667   210.930089468323
0.000001200000   206.700879631113
0.000001333333   202.556678424464
0.000001466667   198.495781487611
0.000001600000   194.516518719835
0.000001733333   190.617253593614
0.000001866667   186.796382481575
0.000002000000   183.052333996981
0.000002133333   179.383568347476
0.000002266667   175.788576701824
0.000002400000   172.265880569381
0.000002533333   168.814031192044
0.000002666667   165.431608948431
0.000002800000   162.117222770041
0.000002933333   158.869509569156
0.000003066667   155.687133678255
0.000003200000   152.568786300699
0.000003333333   149.513184972472
0.000003466667   146.519073034749
0.000003600000   143.585219117079
0.000003733333   140.710416630965
0.000003866667   137.893483273635
0.000004000000   135.133260541810
0.000004133333   132.428613255249
0.000004266667   129.778429089890
0.000004400000   127.181618120392
0.000004533333   124.637112371889
0.000004666667   122.143865380768
0.000004800000   119.700851764299
0.000004933333   117.307066798930
0.000005066667   114.961526007082
0.000005200000   112.663264752265
0.000005333333   110.411337842363
0.000005466667   108.204819140907
0.000005600000   106.042801186191
0.000005733333   103.924394818062
0.000005866667   101.848728812243
0.000006000000   99.814949522030
0.000006133333   97.822220527218
0.000006266667   95.869722290109
0.000006400000   93.956651818467
0.000006533333   92.082222335279
0.000006666667   90.245662955178
0.000006800000   88.446218367406
0.000006933333   86.683148525185
0.000007066667   84.955728341359
0.000007200000   83.263247390193
0.000007333333   81.605009615202
0.000007466667   79.980333042886
0.000007600000   78.388549502258
0.000007733333   76.829004350053
0.000007866667   75.301056201492
0.000008000000   73.804076666510
0.000008133333   72.337450091313
0.000008266667   70.900573305191
0.000008400000   69.492855372449
0.000008533333   68.113717349378
0.000008666667   66.762592046160
0.000008800000   65.438923793597
0.000008933333   64.142168214588
0.000009066667   62.871792000249
0.000009200000   61.627272690575
0.000009333333   60.408098459576
0.000009466667   59.213767904783
0.000009600000   58.043789841033
0.000009733333   56.897683098468
0.000009866667   55.774976324645
0.000010000000   54.675207790685
0.000010133333   53.597925201382
0.000010266667   52.542685509189
0.000010400000   51.509054732009
0.000010533333   50.496607774715
0.000010666667   49.504928254320
0.000010800000   48.533608328739
0.000010933333   47.582248529054
0.000011066667   46.650457595228
0.000011200000   45.737852315194
0.000011333333   44.844057367255
0.000011466667   43.968705165725
0.000011600000   43.111435709756
0.000011733333   42.271896435283
0.000011866667   41.449742070026
0.000012000000   40.644634491491
0.000012133333   39.856242587916
0.000012266667   39.084242122092
0.000012400000   38.328315598021
0.000012533333   37.588152130335
0.000012666667   36.863447316448
0.000012800000   36.153903111357
0.000012933333   35.459227705076
0.000013066667   34.779135402618
0.000013200000   34.113346506501
0.000013333333   33.461587201723
0.000013466667   32.823589443143
0.000013600000   32.199090845253
0.000013733333   31.587834574259
0.000013866667   30.989569242464
0.000014000000   30.404048804874
0.000014133333   29.831032458011
0.000014266667   29.270284540882
0.000014400000   28.721574438054
0.000014533333   28.184676484815
0.000014666667   27.659369874366
0.000014800000   27.145438567010
0.000014933333   26.642671201300
0.000015066667   26.150861007119
0.000015200000   25.669805720639
0.000015333333   25.199307501140
0.000015466667   24.739172849640
0.000015600000   24.289212529323
0.000015733333   23.849241487708
0.000015866667   23.419078780544
0.000016000000   22.998547497396
0.000016133333   22.587474688886
0.000016266667   22.185691295566
0.000016400000   21.793032078391
0.000016533333   21.409335550761
0.000016666667   21.034443912106
0.000016800000   20.668202982993
0.000016933333   20.310462141712
0.000017066667   19.961074262332
0.000017200000   19.619895654198
0.000017333333   19.286786002831
0.000017466667   18.961608312222
0.000017600000   18.644228848494
0.000017733333   18.334517084899
0.000017866667   18.032345648139
0.000018000000   17.737590265979
0.000018133333   17.450129716142
0.000018266667   17.169845776453
0.000018400000   16.896623176217
0.000018533333   16.630349548816
0.000018666667   16.370915385491
0.000018800000   16.118213990311
0.000018933333   15.872141436290
0.000019066667   15.632596522644
0.000019200000   15.399480733175
0.000019333333   15.172698195750
0.000019466667   14.952155642876
0.000019600000   14.737762373340
0.000019733333   14.529430214908
0.000019866667   14.327073488065
0.000020000000   14.130608970773


0.000020000000   14.130608970773
0.000020666667   13.269603763997
0.000021333333   12.461061262663
0.000022000000   11.701784813137
0.000022666667   10.988772540049
0.000023333333   10.319205478074
0.000024000000   9.690436426878
0.000024666667   9.099979485139
0.000025333333   8.545500222292
0.000026000000   8.024806449125
0.000026666667   7.535839550734
0.000027333333   7.076666347592
0.000028000000   6.645471452521
0.000028666667   6.240550093385
0.000029333333   5.860301373098
0.000030000000   5.503221940319
0.000030666667   5.167900045804
0.000031333333   4.853009960911
0.000032000000   4.557306736198
0.000032666667   4.279621279398
0.000033333333   4.018855733288
0.000034000000   3.773979135205
0.000034666667   3.544023341031
0.000035333333   3.328079197538
0.000036000000   3.125292947961
0.000036666667   2.934862856582
0.000037333333   2.756036038994
0.000038000000   2.588105485489
0.000038666667   2.430407265832
0.000039333333   2.282317904340
0.000040000000   2.143251914916
0.000040666667   2.012659486262
0.000041333333   1.890024308153
0.000042000000   1.774861530149
0.000042666667   1.666715844690
0.000043333333   1.565159686995
0.000044000000   1.469791544639
0.000044666667   1.380234370133
0.000045333333   1.296134090233
0.000046000000   1.217158206072
0.000046666667   1.142994478595
0.000047333333   1.073349694088
0.000048000000   1.007948504932
0.000048666667   0.946532340985
0.000049333333   0.888858387301
0.000050000000   0.834698624138
0.000050666667   0.783838925455
0.000051333333   0.736078212347
0.000052000000   0.691227658060
0.000052666667   0.649109941441
0.000053333333   0.609558545887
0.000054000000   0.572417101001
0.000054666667   0.537538764364
0.000055333333   0.504785640987
0.000056000000   0.474028238119
0.000056666667   0.445144953294
0.000057333333   0.418021593556
0.000058000000   0.392550923991
0.000058666667   0.368632243759
0.000059333333   0.346170987965
0.000060000000   0.325078353790
0.000060666667   0.305270949394
0.000061333333   0.286670464223
0.000062000000   0.269203359400
0.000062666667   0.252800576979
0.000063333333   0.237397266919
0.000064000000   0.222932530693
0.000064666667   0.209349180521
0.000065333333   0.196593513269
0.000066000000   0.184615098130
0.000066666667   0.173366577244
0.000067333333   0.162803478458
0.000068000000   0.152884039504
0.000068666667   0.143569042889
0.000069333333   0.134821660841
0.000070000000   0.126607309712
0.000070666667   0.118893513243
0.000071333333   0.111649774167
0.000072000000   0.104847453639
0.000072666667   0.098459658003
0.000073333333   0.092461132471
0.000074000000   0.086828161273
0.000074666667   0.081538473893
0.000075333333   0.076571157023
0.000076000000   0.071906571880
0.000076666667   0.067526276559
0.000077333333   0.063412953126
0.000078000000   0.059550339144
0.000078666667   0.055923163382
0.000079333333   0.052517085440
0.000080000000   0.049318639046
0.000080666667   0.046315178824
0.000081333333   0.043494830293
0.000082000000   0.040846442923
0.000082666667   0.038359546049
0.000083333333   0.036024307477
0.000084000000   0.033831494607
0.000084666667   0.031772437934
0.000085333333   0.029838996771
0.000086000000   0.028023527067
0.000086666667   0.026318851178
0.000087333333   0.024718229500
0.000088000000   0.023215333814
0.000088666667   0.021804222272
0.000089333333   0.020479315903
0.000090000000   0.019235376557
0.000090666667   0.018067486196
0.000091333333   0.016971027448
0.000092000000   0.015941665355
0.000092666667   0.014975330230
0.000093333333   0.014068201570
0.000094000000   0.013216692952
0.000094666667   0.012417437851
0.000095333333   0.011667276333
0.000096000000   0.010963242558
0.000096666667   0.010302553059
0.000097333333   0.009682595734
0.000098000000   0.009100919519
0.000098666667   0.008555224700
0.000099333333   0.008043353817
0.000100000000   0.007563283138
0.000100666667   0.007113114655
0.000101333333   0.006691068582
0.000102000000   0.006295476318
0.000102666667   0.005924773849
0.000103333333   0.005577495566
0.000104000000   0.005252268469
0.000104666667   0.004947806741
0.000105333333   0.004662906662
0.000106000000   0.004396441851
0.000106666667   0.004147358812
0.000107333333   0.003914672770
0.000108000000   0.003697463779
0.000108666667   0.003494873081
0.000109333333   0.003306099713
0.000110000000   0.003130397341
0.000110666667   0.002967071308
0.000111333333   0.002815475888
0.000112000000   0.002675011733
0.000112666667   0.002545123505
0.000113333333   0.002425297677
0.000114000000   0.002315060506
0.000114666667   0.002213976159
0.000115333333   0.002121644987
0.000116000000   0.002037701951
0.000116666667   0.001961815173
0.000117333333   0.001893684628
0.000118000000   0.001833040955
0.000118666667   0.001779644392
0.000119333333   0.001733283831
0.000120000000   0.001693775981


0.000120000000   0.001693775981
0.000122500000   0.001659976260
0.000125000000   0.001626850460
0.000127500000   0.001594385132
0.000130000000   0.001562567097
0.000132500000   0.001531383435
0.000135000000   0.001500821489
0.000137500000   0.001470868849
0.000140000000   0.001441513355
0.000142500000   0.001412743091
0.000145000000   0.001384546375
0.000147500000   0.001356911761
0.000150000000   0.001329828028
0.000152500000   0.001303284182
0.000155000000   0.001277269446
0.000157500000   0.001251773259
0.000160000000   0.001226785270
0.000162500000   0.001202295334
0.000165000000   0.001178293508
0.000167500000   0.001154770049
0.000170000000   0.001131715405
0.000172500000   0.001109120218
0.000175000000   0.001086975314
0.000177500000   0.001065271703
0.000180000000   0.001044000573
0.000182500000   0.001023153289
0.000185000000   0.001002721387
0.000187500000   0.000982696572
0.000190000000   0.000963070714
0.000192500000   0.000943835846
0.000195000000   0.000924984159
0.000197500000   0.000906507998
0.000200000000   0.000888399864
0.000202500000   0.000870652404
0.000205000000   0.000853258414
0.000207500000   0.000836210832
0.000210000000   0.000819502736
0.000212500000   0.000803127344
0.000215000000   0.000787078007
0.000217500000   0.000771348210
0.000220000000   0.000755931567
0.000222500000   0.000740821818
0.000225000000   0.000726012830
0.000227500000   0.000711498590
0.000230000000   0.000697273206
0.000232500000   0.000683330903
0.000235000000   0.000669666020
0.000237500000   0.000656273009
0.000240000000   0.000643146433
0.000242500000   0.000630280964
0.000245000000   0.000617671377
0.000247500000   0.000605312554
0.000250000000   0.000593199477
0.000252500000   0.000581327229
0.000255000000   0.000569690989
0.000257500000   0.000558286034
0.000260000000   0.000547107732
0.000262500000   0.000536151547
0.000265000000   0.000525413030
0.000267500000   0.000514887821
0.000270000000   0.000504571647
0.000272500000   0.000494460321
0.000275000000   0.000484549737
0.000277500000   0.000474835871
0.000280000000   0.000465314780
0.000282500000   0.000455982599
0.000285000000   0.000446835538
0.000287500000   0.000437869885
0.000290000000   0.000429081999
0.000292500000   0.000420468313
0.000295000000   0.000412025330
0.000297500000   0.000403749621
0.000300000000   0.000395637828
0.000302500000   0.000387686657
0.000305000000   0.000379892879
0.000307500000   0.000372253332
0.000310000000   0.000364764912
0.000312500000   0.000357424581
0.000315000000   0.000350229357
0.000317500000   0.000343176321
0.000320000000   0.000336262608
0.000322500000   0.000329485412
0.000325000000   0.000322841981
0.000327500000   0.000316329618
0.000330000000   0.000309945679
0.000332500000   0.000303687572
0.000335000000   0.000297552758
0.000337500000   0.000291538744
0.000340000000   0.000285643091
0.000342500000   0.000279863403
0.000345000000   0.000274197334
0.000347500000   0.000268642585
0.000350000000   0.000263196900
0.000352500000   0.000257858069
0.000355000000   0.000252623923
0.000357500000   0.000247492338
0.000360000000   0.000242461230
0.000362500000   0.000237528558
0.000365000000   0.000232692317
0.000367500000   0.000227950546
0.000370000000   0.000223301319
0.000372500000   0.000218742748
0.000375000000   0.000214272982
0.000377500000   0.000209890208
0.000380000000   0.000205592645
0.000382500000   0.000201378550
0.000385000000   0.000197246210
0.000387500000   0.000193193949
0.000390000000   0.000189220121
0.000392500000   0.000185323113
0.000395000000   0.000181501344
0.000397500000   0.000177753260
0.000400000000   0.000174077341
0.000402500000   0.000170472094
0.000405000000   0.000166936057
0.000407500000   0.000163467792
0.000410000000   0.000160065892
0.000412500000   0.000156728976
0.000415000000   0.000153455689
0.000417500000   0.000150244703
0.000420000000   0.000147094713
0.000422500000   0.000144004441
0.000425000000   0.000140972632
0.000427500000   0.000137998056
0.000430000000   0.000135079504
0.000432500000   0.000132215792
0.000435000000   0.000129405758
0.000437500000   0.000126648260
0.000440000000   0.000123942179
0.000442500000   0.000121286416
0.000445000000   0.000118679894
0.000447500000   0.000116121553
0.000450000000   0.000113610356
0.000452500000   0.000111145282
0.000455000000   0.000108725331
0.000457500000   0.000106349521
0.000460000000   0.000104016887
0.000462500000   0.000101726482
0.000465000000   0.000099477376
0.000467500000   0.000097268657
0.000470000000   0.000095099426
0.000472500000   0.000092968804
0.000475000000   0.000090875926
0.000477500000   0.000088819942
0.000480000000   0.000086800017
0.000482500000   0.000084815332
0.000485000000   0.000082865080
0.000487500000   0.000080948470
0.000490000000   0.000079064723
0.000492500000   0.000077213075
0.000495000000   0.000075392775
0.000497500000   0.000073603082
0.000500000000   0.000071843271
0.000502500000   0.000070112627
0.000505000000   0.000068410448
0.000507500000   0.000066736042
0.000510000000   0.000065088730
0.000512500000   0.000063467842
0.000515000000   0.000061872722
0.000517500000   0.000060302721
0.000520000000   0.000058757201
0.000522500000   0.000057235536
0.000525000000   0.000055737107
0.000527500000   0.000054261307
0.000530000000   0.000052807536
0.000532500000   0.000051375204
0.000535000000   0.000049963729
0.000537500000   0.000048572538
0.000540000000   0.000047201068
0.000542500000   0.000045848760
0.000545000000   0.000044515065
0.000547500000   0.000043199443
0.000550000000   0.000041901360
0.000552500000   0.000040620287
0.000555000000   0.000039355706
0.000557500000   0.000038107102
0.000560000000   0.000036873969
0.000562500000   0.000035655807
0.000565000000   0.000034452120
0.000567500000   0.000033262419
0.000570000000   0.000032086223
0.000572500000   0.000030923054
0.000575000000   0.000029772438
0.000577500000   0.000028633910
0.000580000000   0.000027507006
0.000582500000   0.000026391270
0.000585000000   0.000025286248
0.000587500000   0.000024191492
0.000590000000   0.000023106557
0.000592500000   0.000022031003
0.000595000000   0.000020964394
0.000597500000   0.000019906295
0.000600000000   0.000018856278
0.000602500000   0.000017813916
0.000605000000   0.000016778787
0.000607500000   0.000015750469
0.000610000000   0.000014728546
0.000612500000   0.000013712603
0.000615000000   0.000012702226
0.000617500000   0.000011697006
0.000620000000   0.000010696535


