0.000000000000   364.887247693009
0.000000133333   363.797604881946
0.000000266667   362.711809361522
0.000000400000   361.629849649057
0.000000533333   360.551714302440
0.000000666667   359.477391920000
0.000000800000   358.406871140391
0.000000933333   357.340140642471
0.000001066667   356.277189145181
0.000001200000   355.218005407426
0.000001333333   354.162578227957
0.000001466667   353.110896445250
0.000001600000   352.062948937394
0.000001733333   351.018724621965
0.000001866667   349.978212455916
0.000002000000   348.941401435456
0.000002133333   347.908280595935
0.000002266667   346.878839011728
0.000002400000   345.853065796120
0.000002533333   344.830950101190
0.000002666667   343.812481117696
0.000002800000   342.797648074963
0.000002933333   341.786440240765
0.000003066667   340.778846921216
0.000003200000   339.774857460653
0.000003333333   338.774461241527
0.000003466667   337.777647684288
0.000003600000   336.784406247272
0.000003733333   335.794726426595
0.000003866667   334.808597756036
0.000004000000   333.826009806930
0.000004133333   332.846952188054
0.000004266667   331.871414545523
0.000004400000   330.899386562675
0.000004533333   329.930857959963
0.000004666667   328.965818494849
0.000004800000   328.004257961693
0.000004933333   327.046166191647
0.000005066667   326.091533052545
0.000005200000   325.140348448798
0.000005333333   324.192602321286
0.000005466667   323.248284647253
0.000005600000   322.307385440200
0.000005733333   321.369894749778
0.000005866667   320.435802661687
0.000006000000   319.505099297566
0.000006133333   318.577774814891
0.000006266667   317.653819406874
0.000006400000   316.733223302352
0.000006533333   315.815976765690
0.000006666667   314.902070096676
0.000006800000   313.991493630419
0.000006933333   313.084237737243
0.000007066667   312.180292822592
0.000007200000   311.279649326922
0.000007333333   310.382297725605
0.000007466667   309.488228528824
0.000007600000   308.597432281475
0.000007733333   307.709899563068
0.000007866667   306.825620987624
0.000008000000   305.944587203579
0.000008133333   305.066788893684
0.000008266667   304.192216774906
0.000008400000   303.320861598329
0.000008533333   302.452714149060
0.000008666667   301.587765246125
0.000008800000   300.726005742379
0.000008933333   299.867426524406
0.000009066667   299.012018512420
0.000009200000   298.159772660175
0.000009333333   297.310679954862
0.000009466667   296.464731417023
0.000009600000   295.621918100445
0.000009733333   294.782231092075
0.000009866667   293.945661511920
0.000010000000   293.112200512956
0.000010133333   292.281839281033
0.000010266667   291.454569034782
0.000010400000   290.630381025522
0.000010533333   289.809266537169
0.000010666667   288.991216886140
0.000010800000   288.176223421267
0.000010933333   287.364277523700
0.000011066667   286.555370606819
0.000011200000   285.749494116142
0.000011333333   284.946639529235
0.000011466667   284.146798355622
0.000011600000   283.349962136694
0.000011733333   282.556122445622
0.000011866667   281.765270887265
0.000012000000   280.977399098083
0.000012133333   280.192498746048
0.000012266667   279.410561530557
0.000012400000   278.631579182342
0.000012533333   277.855543463384
0.000012666667   277.082446166827
0.000012800000   276.312279116887
0.000012933333   275.545034168771
0.000013066667   274.780703208588
0.000013200000   274.019278153262
0.000013333333   273.260750950450
0.000013466667   272.505113578452
0.000013600000   271.752358046133
0.000013733333   271.002476392831
0.000013866667   270.255460688278
0.000014000000   269.511303032513
0.000014133333   268.769995555802
0.000014266667   268.031530418551
0.000014400000   267.295899811226
0.000014533333   266.563095954268
0.000014666667   265.833111098012
0.000014800000   265.105937522606
0.000014933333   264.381567537928
0.000015066667   263.659993483503
0.000015200000   262.941207728427
0.000015333333   262.225202671282
0.000015466667   261.511970740056
0.000015600000   260.801504392065
0.000015733333   260.093796113871
0.000015866667   259.388838421205
0.000016000000   258.686623858886
0.000016133333   257.987145000741
0.000016266667   257.290394449529
0.000016400000   256.596364836864
0.000016533333   255.905048823131
0.000016666667   255.216439097415
0.000016800000   254.530528377421
0.000016933333   253.847309409395
0.000017066667   253.166774968052
0.000017200000   252.488917856494
0.000017333333   251.813730906138
0.000017466667   251.141206976639
0.000017600000   250.471338955815
0.000017733333   249.804119759570
0.000017866667   249.139542331821
0.000018000000   248.477599644423
0.000018133333   247.818284697093
0.000018266667   247.161590517337
0.000018400000   246.507510160380
0.000018533333   245.856036709086
0.000018666667   245.207163273887
0.000018800000   244.560882992715
0.000018933333   243.917189030923
0.000019066667   243.276074581215
0.000019200000   242.637532863574
0.000019333333   242.001557125194
0.000019466667   241.368140640400
0.000019600000   240.737276710587
0.000019733333   240.108958664140
0.000019866667   239.483179856370
0.000020000000   238.859933669441


0.000020000000   238.859933669441
0.000020666667   236.014072191452
0.000021333333   233.203490726345
0.000022000000   230.427769140908
0.000022666667   227.686492512877
0.000023333333   224.979251068909
0.000024000000   222.305640123337
0.000024666667   219.665260017665
0.000025333333   217.057716060834
0.000026000000   214.482618470221
0.000026666667   211.939582313370
0.000027333333   209.428227450456
0.000028000000   206.948178477456
0.000028666667   204.499064670037
0.000029333333   202.080519928135
0.000030000000   199.692182721234
0.000030666667   197.333696034318
0.000031333333   195.004707314509
0.000032000000   192.704868418361
0.000032666667   190.433835559825
0.000033333333   188.191269258851
0.000034000000   185.976834290650
0.000034666667   183.790199635576
0.000035333333   181.631038429651
0.000036000000   179.499027915700
0.000036666667   177.393849395106
0.000037333333   175.315188180170
0.000038000000   173.262733547070
0.000038666667   171.236178689415
0.000039333333   169.235220672380
0.000040000000   167.259560387425
0.000040666667   165.308902507582
0.000041333333   163.382955443309
0.000042000000   161.481431298904
0.000042666667   159.604045829467
0.000043333333   157.750518398411
0.000044000000   155.920571935514
0.000044666667   154.113932895497
0.000045333333   152.330331217140
0.000046000000   150.569500282908
0.000046666667   148.831176879096
0.000047333333   147.115101156488
0.000048000000   145.421016591507
0.000048666667   143.748669947876
0.000049333333   142.097811238758
0.000050000000   140.468193689392
0.000050666667   138.859573700200
0.000051333333   137.271710810377
0.000052000000   135.704367661944
0.000052666667   134.157309964267
0.000053333333   132.630306459037
0.000054000000   131.123128885696
0.000054666667   129.635551947324
0.000055333333   128.167353276951
0.000056000000   126.718313404325
0.000056666667   125.288215723103
0.000057333333   123.876846458469
0.000058000000   122.483994635182
0.000058666667   121.109452046037
0.000059333333   119.753013220742
0.000060000000   118.414475395205
0.000060666667   117.093638481221
0.000061333333   115.790305036568
0.000062000000   114.504280235486
0.000062666667   113.235371839557
0.000063333333   111.983390168973
0.000064000000   110.748148074173
0.000064666667   109.529460907876
0.000065333333   108.327146497474
0.000066000000   107.141025117802
0.000066666667   105.970919464275
0.000067333333   104.816654626378
0.000068000000   103.678058061526
0.000068666667   102.554959569268
0.000069333333   101.447191265846
0.000070000000   100.354587559100
0.000070666667   99.276985123715
0.000071333333   98.214222876804
0.000072000000   97.166141953834
0.000072666667   96.132585684873
0.000073333333   95.113399571174
0.000074000000   94.108431262078
0.000074666667   93.117530532243
0.000075333333   92.140549259185
0.000076000000   91.177341401139
0.000076666667   90.227762975225
0.000077333333   89.291672035928
0.000078000000   88.368928653877
0.000078666667   87.459394894933
0.000079333333   86.562934799562
0.000080000000   85.679414362520
0.000080666667   84.808701512815
0.000081333333   83.950666093969
0.000082000000   83.105179844558
0.000082666667   82.272116379045
0.000083333333   81.451351168881
0.000084000000   80.642761523892
0.000084666667   79.846226573944
0.000085333333   79.061627250867
0.000086000000   78.288846270663
0.000086666667   77.527768115969
0.000087333333   76.778279018794
0.000088000000   76.040266943509
0.000088666667   75.313621570101
0.000089333333   74.598234277681
0.000090000000   73.893998128250
0.000090666667   73.200807850710
0.000091333333   72.518559825129
0.000092000000   71.847152067253
0.000092666667   71.186484213262
0.000093333333   70.536457504760
0.000094000000   69.896974774024
0.000094666667   69.267940429469
0.000095333333   68.649260441364
0.000096000000   68.040842327775
0.000096666667   67.442595140739
0.000097333333   66.854429452671
0.000098000000   66.276257342996
0.000098666667   65.707992385006
0.000099333333   65.149549632939
0.000100000000   64.600845609283
0.000100666667   64.061798292297
0.000101333333   63.532327103752
0.000102000000   63.012352896882
0.000102666667   62.501797944555
0.000103333333   62.000585927657
0.000104000000   61.508641923678
0.000104666667   61.025892395517
0.000105333333   60.552265180487
0.000106000000   60.087689479529
0.000106666667   59.632095846628
0.000107333333   59.185416178433
0.000108000000   58.747583704077
0.000108666667   58.318532975192
0.000109333333   57.898199856133
0.000110000000   57.486521514384
0.000110666667   57.083436411167
0.000111333333   56.688884292248
0.000112000000   56.302806178924
0.000112666667   55.925144359208
0.000113333333   55.555842379204
0.000114000000   55.194845034668
0.000114666667   54.842098362754
0.000115333333   54.497549633949
0.000116000000   54.161147344190
0.000116666667   53.832841207166
0.000117333333   53.512582146799
0.000118000000   53.200322289913
0.000118666667   52.896014959069
0.000119333333   52.599614665598
0.000120000000   52.311077102792


0.000120000000   52.311077102792
0.000122500000   51.961863253744
0.000125000000   51.614440880864
0.000127500000   51.268798006159
0.000130000000   50.924922712985
0.000132500000   50.582803145641
0.000135000000   50.242427508955
0.000137500000   49.903784067882
0.000140000000   49.566861147096
0.000142500000   49.231647130590
0.000145000000   48.898130461274
0.000147500000   48.566299640578
0.000150000000   48.236143228053
0.000152500000   47.907649840978
0.000155000000   47.580808153971
0.000157500000   47.255606898591
0.000160000000   46.932034862956
0.000162500000   46.610080891354
0.000165000000   46.289733883859
0.000167500000   45.970982795946
0.000170000000   45.653816638114
0.000172500000   45.338224475506
0.000175000000   45.024195427527
0.000177500000   44.711718667479
0.000180000000   44.400783422177
0.000182500000   44.091378971585
0.000185000000   43.783494648443
0.000187500000   43.477119837900
0.000190000000   43.172243977148
0.000192500000   42.868856555059
0.000195000000   42.566947111820
0.000197500000   42.266505238575
0.000200000000   41.967520577065
0.000202500000   41.669982819269
0.000205000000   41.373881707054
0.000207500000   41.079207031815
0.000210000000   40.785948634127
0.000212500000   40.494096403393
0.000215000000   40.203640277498
0.000217500000   39.914570242457
0.000220000000   39.626876332077
0.000222500000   39.340548627604
0.000225000000   39.055577257392
0.000227500000   38.771952396553
0.000230000000   38.489664266624
0.000232500000   38.208703135227
0.000235000000   37.929059315736
0.000237500000   37.650723166941
0.000240000000   37.373685092715
0.000242500000   37.097935541688
0.000245000000   36.823465006909
0.000247500000   36.550264025528
0.000250000000   36.278323178462
0.000252500000   36.007633090074
0.000255000000   35.738184427851
0.000257500000   35.469967902077
0.000260000000   35.202974265520
0.000262500000   34.937194313105
0.000265000000   34.672618881605
0.000267500000   34.409238849318
0.000270000000   34.147045135756
0.000272500000   33.886028701332
0.000275000000   33.626180547049
0.000277500000   33.367491714185
0.000280000000   33.109953283992
0.000282500000   32.853556377380
0.000285000000   32.598292154619
0.000287500000   32.344151815026
0.000290000000   32.091126596670
0.000292500000   31.839207776062
0.000295000000   31.588386667861
0.000297500000   31.338654624570
0.000300000000   31.090003036240
0.000302500000   30.842423330172
0.000305000000   30.595906970623
0.000307500000   30.350445458509
0.000310000000   30.106030331116
0.000312500000   29.862653161804
0.000315000000   29.620305559720
0.000317500000   29.378979169505
0.000320000000   29.138665671010
0.000322500000   28.899356779007
0.000325000000   28.661044242903
0.000327500000   28.423719846456
0.000330000000   28.187375407492
0.000332500000   27.952002777623
0.000335000000   27.717593841966
0.000337500000   27.484140518862
0.000340000000   27.251634759600
0.000342500000   27.020068548137
0.000345000000   26.789433900822
0.000347500000   26.559722866122
0.000350000000   26.330927524348
0.000352500000   26.103039987379
0.000355000000   25.876052398394
0.000357500000   25.649956931599
0.000360000000   25.424745791956
0.000362500000   25.200411214917
0.000365000000   24.976945466157
0.000367500000   24.754340841300
0.000370000000   24.532589665664
0.000372500000   24.311684293989
0.000375000000   24.091617110176
0.000377500000   23.872380527023
0.000380000000   23.653966985965
0.000382500000   23.436368956813
0.000385000000   23.219578937495
0.000387500000   23.003589453795
0.000390000000   22.788393059097
0.000392500000   22.573982334130
0.000395000000   22.360349886709
0.000397500000   22.147488351480
0.000400000000   21.935390389670
0.000402500000   21.724048688831
0.000405000000   21.513455962588
0.000407500000   21.303604950388
0.000410000000   21.094488417249
0.000412500000   20.886099153514
0.000415000000   20.678429974598
0.000417500000   20.471473720743
0.000420000000   20.265223256769
0.000422500000   20.059671471831
0.000425000000   19.854811279172
0.000427500000   19.650635615877
0.000430000000   19.447137442634
0.000432500000   19.244309743487
0.000435000000   19.042145525595
0.000437500000   18.840637818995
0.000440000000   18.639779676354
0.000442500000   18.439564172737
0.000445000000   18.239984405365
0.000447500000   18.041033493374
0.000450000000   17.842704577585
0.000452500000   17.644990820262
0.000455000000   17.447885404875
0.000457500000   17.251381535872
0.000460000000   17.055472438437
0.000462500000   16.860151358261
0.000465000000   16.665411561309
0.000467500000   16.471246333585
0.000470000000   16.277648980903
0.000472500000   16.084612828655
0.000475000000   15.892131221583
0.000477500000   15.700197523545
0.000480000000   15.508805117293
0.000482500000   15.317947404238
0.000485000000   15.127617804225
0.000487500000   14.937809755310
0.000490000000   14.748516713527
0.000492500000   14.559732152668
0.000495000000   14.371449564055
0.000497500000   14.183662456315
0.000500000000   13.996364355160
0.000502500000   13.809548803159
0.000505000000   13.623209359521
0.000507500000   13.437339599865
0.000510000000   13.251933116008
0.000512500000   13.066983515735
0.000515000000   12.882484422587
0.000517500000   12.698429475633
0.000520000000   12.514812329258
0.000522500000   12.331626652939
0.000525000000   12.148866131029
0.000527500000   11.966524462540
0.000530000000   11.784595360922
0.000532500000   11.603072553853
0.000535000000   11.421949783015
0.000537500000   11.241220803885
0.000540000000   11.060879385514
0.000542500000   10.880919310316
0.000545000000   10.701334373853
0.000547500000   10.522118384621
0.000550000000   10.343265163833
0.000552500000   10.164768545212
0.000555000000   9.986622374775
0.000557500000   9.808820510621
0.000560000000   9.631356822720
0.000562500000   9.454225192700
0.000565000000   9.277419513639
0.000567500000   9.100933689850
0.000570000000   8.924761636678
0.000572500000   8.748897280281
0.000575000000   8.573334557428
0.000577500000   8.398067415288
0.000580000000   8.223089811218
0.000582500000   8.048395712560
0.000585000000   7.873979096429
0.000587500000   7.699833949506
0.000590000000   7.525954267834
0.000592500000   7.352334056606
0.000595000000   7.178967329961
0.000597500000   7.005848110777
0.000600000000   6.832970430468
0.000602500000   6.660328328772
0.000605000000   6.487915853550
0.000607500000   6.315727060582
0.000610000000   6.143756013356
0.000612500000   5.971996782870
0.000615000000   5.800443447425
0.000617500000   5.629090092418
0.000620000000   5.457930810143


