0.000000000000   64402490.418261796236
0.000000133333   64210168.787011265755
0.000000266667   64018526.201411336660
0.000000400000   63827560.634772665799
0.000000533333   63637270.067565619946
0.000000666667   63447652.487398967147
0.000000800000   63258705.888998523355
0.000000933333   63070428.274185970426
0.000001066667   62882817.651857785881
0.000001200000   62695872.037964083254
0.000001333333   62509589.455487698317
0.000001466667   62323967.934423245490
0.000001600000   62139005.511756323278
0.000001733333   61954700.231442734599
0.000001866667   61771050.144387774169
0.000002000000   61588053.308425672352
0.000002133333   61405707.788298994303
0.000002266667   61224011.655638232827
0.000002400000   61042962.988941386342
0.000002533333   60862559.873553603888
0.000002666667   60682800.401647016406
0.000002800000   60503682.672200471163
0.000002933333   60325204.790979497135
0.000003066667   60147364.870516285300
0.000003200000   59970161.030089624226
0.000003333333   59793591.395705111325
0.000003466667   59617654.100075289607
0.000003600000   59442347.282599933445
0.000003733333   59267669.089346326888
0.000003866667   59093617.673029720783
0.000004000000   58920191.192993693054
0.000004133333   58747387.815190806985
0.000004266667   58575205.712163120508
0.000004400000   58403643.063022918999
0.000004533333   58232698.053433410823
0.000004666667   58062368.875589594245
0.000004800000   57892653.728199072182
0.000004933333   57723550.816463105381
0.000005066667   57555058.352057494223
0.000005200000   57387174.553113780916
0.000005333333   57219897.644200347364
0.000005466667   57053225.856303662062
0.000005600000   56887157.426809579134
0.000005733333   56721690.599484659731
0.000005866667   56556823.624457642436
0.000006000000   56392554.758200921118
0.000006133333   56228882.263512082398
0.000006266667   56065804.409495577216
0.000006400000   55903319.471544407308
0.000006533333   55741425.731321856380
0.000006666667   55580121.476743310690
0.000006800000   55419405.001958213747
0.000006933333   55259274.607332006097
0.000007066667   55099728.599428132176
0.000007200000   54940765.290990099311
0.000007333333   54782383.000923685730
0.000007466667   54624580.054279163480
0.000007600000   54467354.782233566046
0.000007733333   54310705.522073045373
0.000007866667   54154630.617175273597
0.000008000000   53999128.416991949081
0.000008133333   53844197.277031324804
0.000008266667   53689835.558840826154
0.000008400000   53536041.629989705980
0.000008533333   53382813.864051796496
0.000008666667   53230150.640588305891
0.000008800000   53078050.345130696893
0.000008933333   52926511.369163587689
0.000009066667   52775532.110107757151
0.000009200000   52625110.971303172410
0.000009333333   52475246.361992143095
0.000009466667   52325936.697302490473
0.000009600000   52177180.398230738938
0.000009733333   52028975.891625493765
0.000009866667   51881321.610170722008
0.000010000000   51734215.992369256914
0.000010133333   51587657.482526235282
0.000010266667   51441644.530732639134
0.000010400000   51296175.592848956585
0.000010533333   51151249.130488783121
0.000010666667   51006863.611002616584
0.000010800000   50863017.507461607456
0.000010933333   50719709.298641420901
0.000011066667   50576937.469006165862
0.000011200000   50434700.508692339063
0.000011333333   50292996.913492880762
0.000011466667   50151825.184841275215
0.000011600000   50011183.829795651138
0.000011733333   49871071.361023046076
0.000011866667   49731486.296783663332
0.000012000000   49592427.160915218294
0.000012133333   49453892.482817262411
0.000012266667   49315880.797435730696
0.000012400000   49178390.645247332752
0.000012533333   49041420.572244241834
0.000012666667   48904969.129918597639
0.000012800000   48769034.875247299671
0.000012933333   48633616.370676644146
0.000013066667   48498712.184107206762
0.000013200000   48364320.888878658414
0.000013333333   48230441.063754670322
0.000013466667   48097071.292907893658
0.000013600000   47964210.165904991329
0.000013733333   47831856.277691699564
0.000013866667   47700008.228578008711
0.000014000000   47568664.624223344028
0.000014133333   47437824.075621798635
0.000014266667   47307485.199087455869
0.000014400000   47177646.616239801049
0.000014533333   47048306.953989058733
0.000014666667   46919464.844521738589
0.000014800000   46791118.925286158919
0.000014933333   46663267.838978022337
0.000015066667   46535910.233526058495
0.000015200000   46409044.762077741325
0.000015333333   46282670.082985028625
0.000015466667   46156784.859790198505
0.000015600000   46031387.761211700737
0.000015733333   45906477.461130082607
0.000015866667   45782052.638573952019
0.000016000000   45658111.977706015110
0.000016133333   45534654.167809158564
0.000016266667   45411677.903272598982
0.000016400000   45289181.883578069508
0.000016533333   45167164.813286073506
0.000016666667   45045625.402022160590
0.000016800000   44924562.364463299513
0.000016933333   44803974.420324280858
0.000017066667   44683860.294344186783
0.000017200000   44564218.716272905469
0.000017333333   44445048.420857675374
0.000017466667   44326348.147829703987
0.000017600000   44208116.641890883446
0.000017733333   44090352.652700468898
0.000017866667   43973054.934861876070
0.000018000000   43856222.247909523547
0.000018133333   43739853.356295682490
0.000018266667   43623947.029377423227
0.000018400000   43508502.041403628886
0.000018533333   43393517.171501979232
0.000018666667   43278991.203666090965
0.000018800000   43164922.926742605865
0.000018933333   43051311.134418457747
0.000019066667   42938154.625208012760
0.000019200000   42825452.202440470457
0.000019333333   42713202.674247138202
0.000019466667   42601404.853548832238
0.000019600000   42490057.558043360710
0.000019733333   42379159.610192984343
0.000019866667   42268709.837211988866
0.000020000000   42158707.071054250002


0.000020000000   25885819.540972262621
0.000020666667   25577406.758945085108
0.000021333333   25272817.355886641890
0.000022000000   24972005.800960738212
0.000022666667   24674927.128053970635
0.000023333333   24381536.929054100066
0.000024000000   24091791.347211811692
0.000024666667   23805647.070584878325
0.000025333333   23523061.325563777238
0.000026000000   23243991.870477784425
0.000026666667   22968396.989280562848
0.000027333333   22696235.485314350575
0.000028000000   22427466.675151776522
0.000028666667   22162050.382514376193
0.000029333333   21899946.932266954333
0.000030000000   21641117.144486818463
0.000030666667   21385522.328607086092
0.000031333333   21133124.277633093297
0.000032000000   20883885.262431122363
0.000032666667   20637768.026088535786
0.000033333333   20394735.778344526887
0.000034000000   20154752.190090626478
0.000034666667   19917781.387940101326
0.000035333333   19683787.948865521699
0.000036000000   19452736.894903633744
0.000036666667   19224593.687926761806
0.000037333333   18999324.224479947239
0.000038000000   18776894.830683063716
0.000038666667   18557272.257197186351
0.000039333333   18340423.674254372716
0.000040000000   18126316.666750177741
0.000040666667   17914919.229398172349
0.000041333333   17706199.761945687234
0.000042000000   17500127.064450148493
0.000042666667   17296670.332615204155
0.000043333333   17095799.153186034411
0.000044000000   16897483.499403074384
0.000044666667   16701693.726513555273
0.000045333333   16508400.567340122536
0.000046000000   16317575.127905892208
0.000046666667   16129188.883115308359
0.000047333333   15943213.672490146011
0.000048000000   15759621.695959977806
0.000048666667   15578385.509706579149
0.000049333333   15399478.022061524913
0.000050000000   15222872.489456480369
0.000050666667   15048542.512425482273
0.000051333333   14876462.031658686697
0.000052000000   14706605.324106942862
0.000052666667   14538946.999136658385
0.000053333333   14373461.994734330103
0.000054000000   14210125.573760200292
0.000054666667   14048913.320250501856
0.000055333333   13889801.135767683387
0.000056000000   13732765.235798103735
0.000056666667   13577782.146196676418
0.000057333333   13424828.699677878991
0.000058000000   13273882.032352650538
0.000058666667   13124919.580310635269
0.000059333333   12977919.076247263700
0.000060000000   12832858.546135194600
0.000060666667   12689716.305939551443
0.000061333333   12548470.958376564085
0.000062000000   12409101.389715023339
0.000062666667   12271586.766620149836
0.000063333333   12135906.533039379865
0.000064000000   12002040.407129583880
0.000064666667   11869968.378225285560
0.000065333333   11739670.703847413883
0.000066000000   11611127.906752139330
0.000066666667   11484320.772019371390
0.000067333333   11359230.344180459157
0.000068000000   11235837.924384672195
0.000068666667   11114125.067604053766
0.000069333333   10994073.579876206815
0.000070000000   10875665.515584608540
0.000070666667   10758883.174776053056
0.000071333333   10643709.100514814258
0.000072000000   10530126.076273139566
0.000072666667   10418117.123357681558
0.000073333333   10307665.498371468857
0.000074000000   10198754.690711056814
0.000074666667   10091368.420098487288
0.000075333333   9985490.634147668257
0.000076000000   9881105.505964813754
0.000076666667   9778197.431782601401
0.000077333333   9676751.028627682477
0.000078000000   9576751.132021192461
0.000078666667   9478182.793711915612
0.000079333333   9381031.279441794381
0.000080000000   9285282.066743407398
0.000080666667   9190920.842769106850
0.000081333333   9097933.502151502296
0.000082000000   9006306.144894955680
0.000082666667   8916025.074297761545
0.000083333333   8827076.794904738665
0.000084000000   8739448.010489888489
0.000084666667   8653125.622068839148
0.000085333333   8568096.725940773264
0.000086000000   8484348.611759560183
0.000086666667   8401868.760633761063
0.000087333333   8320644.843255283311
0.000088000000   8240664.718056361191
0.000088666667   8161916.429394597188
0.000089333333   8084388.205765807070
0.000090000000   8008068.458044382744
0.000090666667   7932945.777750913985
0.000091333333   7859008.935346824117
0.000092000000   7786246.878555744886
0.000092666667   7714648.730711396784
0.000093333333   7644203.789131710306
0.000094000000   7574901.523518964648
0.000094666667   7506731.574385690503
0.000095333333   7439683.751506104134
0.000096000000   7373748.032392848283
0.000096666667   7308914.560798802413
0.000097333333   7245173.645243741572
0.000098000000   7182515.757565634325
0.000098666667   7120931.531496341340
0.000099333333   7060411.761261526495
0.000100000000   7000947.400204547681
0.000100666667   6942529.559434141964
0.000101333333   6885149.506495692767
0.000102000000   6828798.664065871388
0.000102666667   6773468.608670482412
0.000103333333   6719151.069425299764
0.000104000000   6665837.926799708977
0.000104666667   6613521.211402981542
0.000105333333   6562193.102792990394
0.000106000000   6511845.928307184950
0.000106666667   6462472.161915663630
0.000107333333   6414064.423096164130
0.000108000000   6366615.475730800070
0.000108666667   6320118.227024387568
0.000109333333   6274565.726444196887
0.000110000000   6229951.164680970833
0.000110666667   6186267.872631042264
0.000111333333   6143509.320399427786
0.000112000000   6101669.116323716007
0.000112666667   6060741.006018629298
0.000113333333   6020718.871441097930
0.000114000000   5981596.729975719005
0.000114666667   5943368.733540459536
0.000115333333   5906029.167712472379
0.000116000000   5869572.450873885304
0.000116666667   5833993.133377445862
0.000117333333   5799285.896731898189
0.000118000000   5765445.552806954831
0.000118666667   5732467.043057766743
0.000119333333   5700345.437768751755
0.000120000000   5669075.935316693969


0.000120000000   283453.796765834733
0.000122500000   281561.539965204196
0.000125000000   279678.990491396689
0.000127500000   277806.083440224698
0.000130000000   275942.754239939910
0.000132500000   274088.938649007410
0.000135000000   272244.572753890476
0.000137500000   270409.592966847296
0.000140000000   268583.936023738410
0.000142500000   266767.538981845893
0.000145000000   264960.339217702975
0.000147500000   263162.274424935167
0.000150000000   261373.282612112118
0.000152500000   259593.302100610454
0.000155000000   257822.271522486990
0.000157500000   256060.129818363261
0.000160000000   254306.816235320206
0.000162500000   252562.270324803801
0.000165000000   250826.431940540817
0.000167500000   249099.241236465255
0.000170000000   247380.638664655067
0.000172500000   245670.564973278932
0.000175000000   243968.961204553780
0.000177500000   242275.768692711892
0.000180000000   240590.929061978240
0.000182500000   238914.384224558104
0.000185000000   237246.076378634287
0.000187500000   235585.948006374267
0.000190000000   233933.941871947260
0.000192500000   232290.001019550691
0.000195000000   230654.068771446793
0.000197500000   229026.088726008398
0.000200000000   227406.004755774542
0.000202500000   225793.761005515116
0.000205000000   224189.301890305505
0.000207500000   222592.572093609837
0.000210000000   221003.516565374099
0.000212500000   219422.080520128104
0.000215000000   217848.209435096709
0.000217500000   216281.849048319971
0.000220000000   214722.945356782380
0.000222500000   213171.444614551147
0.000225000000   211627.293330923043
0.000227500000   210090.438268580358
0.000230000000   208560.826441755256
0.000232500000   207038.405114403227
0.000235000000   205523.121798384702
0.000237500000   204014.924251655670
0.000240000000   202513.760476466356
0.000242500000   201019.578717568569
0.000245000000   199532.327460431348
0.000247500000   198051.955429464928
0.000250000000   196578.411586252856
0.000252500000   195111.645127792493
0.000255000000   193651.605484743282
0.000257500000   192198.242319683457
0.000260000000   190751.505525374552
0.000262500000   189311.345223033772
0.000265000000   187877.711760614446
0.000267500000   186450.555711094086
0.000270000000   185029.827870770387
0.000272500000   183615.479257564672
0.000275000000   182207.461109333497
0.000277500000   180805.724882187089
0.000280000000   179410.222248816048
0.000282500000   178020.905096824921
0.000285000000   176637.725527073606
0.000287500000   175260.635852025909
0.000290000000   173889.588594105328
0.000292500000   172524.536484058335
0.000295000000   171165.432459324569
0.000297500000   169812.229662414349
0.000300000000   168464.881439293153
0.000302500000   167123.341337773192
0.000305000000   165787.563105911628
0.000307500000   164457.500690416462
0.000310000000   163133.108235058229
0.000312500000   161814.340079089336
0.000315000000   160501.150755669776
0.000317500000   159193.494990299543
0.000320000000   157891.327699257730
0.000322500000   156594.603988048184
0.000325000000   155303.279149851674
0.000327500000   154017.308663984615
0.000330000000   152736.648194364010
0.000332500000   151461.253587979038
0.000335000000   150191.080873368745
0.000337500000   148926.086259105941
0.000340000000   147666.226132287586
0.000342500000   146411.457057031046
0.000345000000   145161.735772976652
0.000347500000   143917.019193796034
0.000350000000   142677.264405706926
0.000352500000   141442.428665993415
0.000355000000   140212.469401532435
0.000357500000   138987.344207325921
0.000360000000   137767.010845038807
0.000362500000   136551.427241542842
0.000365000000   135340.551487466088
0.000367500000   134134.341835747764
0.000370000000   132932.756700199359
0.000372500000   131735.754654070508
0.000375000000   130543.294428620924
0.000377500000   129355.334911697515
0.000380000000   128171.835146317040
0.000382500000   126992.754329253992
0.000385000000   125818.051809633776
0.000387500000   124647.687087531303
0.000390000000   123481.619812574601
0.000392500000   122319.809782553784
0.000395000000   121162.216942034880
0.000397500000   120008.801380978941
0.000400000000   118859.523333366044
0.000402500000   117714.343175824237
0.000405000000   116573.221426263553
0.000407500000   115436.118742514664
0.000410000000   114302.995920972651
0.000412500000   113173.813895245257
0.000415000000   112048.533734806129
0.000417500000   110927.116643652451
0.000420000000   109809.523958967518
0.000422500000   108695.717149787757
0.000425000000   107585.657815674276
0.000427500000   106479.307685388863
0.000430000000   105376.628615574708
0.000432500000   104277.582589441183
0.000435000000   103182.131715453186
0.000437500000   102090.238226024841
0.000440000000   101001.864476217219
0.000442500000   99916.972942440698
0.000445000000   98835.526221161068
0.000447500000   97757.487027610085
0.000450000000   96682.818194499996
0.000452500000   95611.482670742102
0.000455000000   94543.443520169385
0.000457500000   93478.663920263047
0.000460000000   92417.107160883039
0.000462500000   91358.736643002339
0.000465000000   90303.515877445199
0.000467500000   89251.408483629100
0.000470000000   88202.378188310438
0.000472500000   87156.388824333990
0.000475000000   86113.404329385929
0.000477500000   85073.388744750569
0.000480000000   84036.306214070646
0.000482500000   83002.120982110981
0.000485000000   81970.797393525892
0.000487500000   80942.299891629838
0.000490000000   79916.593017171574
0.000492500000   78893.641407111616
0.000495000000   77873.409793403058
0.000497500000   76855.863001775579
0.000500000000   75840.965950522863
0.000502500000   74828.683649292987
0.000505000000   73818.981197882094
0.000507500000   72811.823785031243
0.000510000000   71807.176687226063
0.000512500000   70805.005267499742
0.000515000000   69805.274974238782
0.000517500000   68807.951339991807
0.000520000000   67812.999980281194
0.000522500000   66820.386592417664
0.000525000000   65830.076954317585
0.000527500000   64842.036923323147
0.000530000000   63856.232435025209
0.000532500000   62872.629502088894
0.000535000000   61891.194213081762
0.000537500000   60911.892731304717
0.000540000000   59934.691293625408
0.000542500000   58959.556209314156
0.000545000000   57986.453858882443
0.000547500000   57015.350692923814
0.000550000000   56046.213230957183
0.000552500000   55079.008060272565
0.000555000000   54113.701834779080
0.000557500000   53150.261273855336
0.000560000000   52188.653161201961
0.000562500000   51228.844343696466
0.000565000000   50270.801730250205
0.000567500000   49314.492290667498
0.000570000000   48359.883054506870
0.000572500000   47406.941109944339
0.000575000000   46455.633602638736
0.000577500000   45505.927734598947
0.000580000000   44557.790763053184
0.000582500000   43611.189999320115
0.000585000000   42666.092807681860
0.000587500000   41722.466604258814
0.000590000000   40780.278855886267
0.000592500000   39839.497078992776
0.000595000000   38900.088838480195
0.000597500000   37962.021746605482
0.000600000000   37025.263461864015
0.000602500000   36089.781687874616
0.000605000000   35155.544172266025
0.000607500000   34222.518705564980
0.000610000000   33290.673120085710
0.000612500000   32359.975288820940
0.000615000000   31430.393124334212
0.000617500000   30501.894577653638
0.000620000000   29574.447637166948


