0.000000000000   65043430.856789611280
0.000000133333   64852214.202925466001
0.000000266667   64661683.384573325515
0.000000400000   64471836.386801175773
0.000000533333   64282671.201908685267
0.000000666667   64094185.829405918717
0.000000800000   63906378.275992207229
0.000000933333   63719246.555535048246
0.000001066667   63532788.689049154520
0.000001200000   63347002.704675458372
0.000001333333   63161886.637660264969
0.000001466667   62977438.530334547162
0.000001600000   62793656.432093165815
0.000001733333   62610538.399374268949
0.000001866667   62428082.495638735592
0.000002000000   62246286.791349694133
0.000002133333   62065149.363952137530
0.000002266667   61884668.297852560878
0.000002400000   61704841.684398710728
0.000002533333   61525667.621859416366
0.000002666667   61347144.215404450893
0.000002800000   61169269.577084541321
0.000002933333   60992041.825811333954
0.000003066667   60815459.087337583303
0.000003200000   60639519.494237259030
0.000003333333   60464221.185885801911
0.000003466667   60289562.308440499008
0.000003600000   60115541.014820843935
0.000003733333   59942155.464689008892
0.000003866667   59769403.824430406094
0.000004000000   59597284.267134219408
0.000004133333   59425794.972574181855
0.000004266667   59254934.127189271152
0.000004400000   59084699.924064524472
0.000004533333   58915090.562911957502
0.000004666667   58746104.250051528215
0.000004800000   58577739.198392130435
0.000004933333   58409993.627412766218
0.000005066667   58242865.763143591583
0.000005200000   58076353.838147304952
0.000005333333   57910456.091500356793
0.000005466667   57745170.768774338067
0.000005600000   57580496.122017450631
0.000005733333   57416430.409736044705
0.000005866667   57252971.896876126528
0.000006000000   57090118.854805104434
0.000006133333   56927869.561293400824
0.000006266667   56766222.300496354699
0.000006400000   56605175.362935982645
0.000006533333   56444727.045482933521
0.000006666667   56284875.651338495314
0.000006800000   56125619.490016624331
0.000006933333   55966956.877326093614
0.000007066667   55808886.135352641344
0.000007200000   55651405.592441275716
0.000007333333   55494513.583178557456
0.000007466667   55338208.448374994099
0.000007600000   55182488.535047546029
0.000007733333   55027352.196402043104
0.000007866667   54872797.791815869510
0.000008000000   54718823.686820551753
0.000008133333   54565428.253084510565
0.000008266667   54412609.868395805359
0.000008400000   54260366.916645005345
0.000008533333   54108697.787808068097
0.000008666667   53957600.877929374576
0.000008800000   53807074.589104704559
0.000008933333   53657117.329464361072
0.000009066667   53507727.513156346977
0.000009200000   53358903.560329556465
0.000009333333   53210643.897117115557
0.000009466667   53062946.955619715154
0.000009600000   52915811.173889040947
0.000009733333   52769234.995911210775
0.000009866667   52623216.871590390801
0.000010000000   52477755.256732344627
0.000010133333   52332848.613028123975
0.000010266667   52188495.408037818968
0.000010400000   52044694.115174315870
0.000010533333   51901443.213687166572
0.000010666667   51758741.188646517694
0.000010800000   51616586.530927084386
0.000010933333   51474977.737192191184
0.000011066667   51333913.309877857566
0.000011200000   51193391.757176980376
0.000011333333   51053411.593023560941
0.000011466667   50913971.337076969445
0.000011600000   50775069.514706291258
0.000011733333   50636704.656974755228
0.000011866667   50498875.300624176860
0.000012000000   50361579.988059505820
0.000012133333   50224817.267333373427
0.000012266667   50088585.692130781710
0.000012400000   49952883.821753770113
0.000012533333   49817710.221106208861
0.000012666667   49683063.460678614676
0.000012800000   49548942.116533003747
0.000012933333   49415344.770287893713
0.000013066667   49282270.009103260934
0.000013200000   49149716.425665579736
0.000013333333   49017682.618173018098
0.000013466667   48886167.190320499241
0.000013600000   48755168.751285046339
0.000013733333   48624685.915710993111
0.000013866667   48494717.303695388138
0.000014000000   48365261.540773361921
0.000014133333   48236317.257903628051
0.000014266667   48107883.091453954577
0.000014400000   47979957.683186829090
0.000014533333   47852539.680244967341
0.000014666667   47725627.735137142241
0.000014800000   47599220.505723848939
0.000014933333   47473316.655203126371
0.000015066667   47347914.852096423507
0.000015200000   47223013.770234532654
0.000015333333   47098612.088743530214
0.000015466667   46974708.492030873895
0.000015600000   46851301.669771403074
0.000015733333   46728390.316893562675
0.000015866667   46605973.133565552533
0.000016000000   46484048.825181581080
0.000016133333   46362616.102348186076
0.000016266667   46241673.680870622396
0.000016400000   46121220.281739227474
0.000016533333   46001254.631115958095
0.000016666667   45881775.460320875049
0.000016800000   45762781.505818709731
0.000016933333   45644271.509205579758
0.000017066667   45526244.217195600271
0.000017200000   45408698.381607674062
0.000017333333   45291632.759352259338
0.000017466667   45175046.112418264151
0.000017600000   45058937.207859918475
0.000017733333   44943304.817783765495
0.000017866667   44828147.719335637987
0.000018000000   44713464.694687783718
0.000018133333   44599254.531025916338
0.000018266667   44485516.020536445081
0.000018400000   44372247.960393682122
0.000018533333   44259449.152747116983
0.000018666667   44147118.404708735645
0.000018800000   44035254.528340443969
0.000018933333   43923856.340641483665
0.000019066667   43812922.663535915315
0.000019200000   43702452.323860161006
0.000019333333   43592444.153350621462
0.000019466667   43482896.988631278276
0.000019600000   43373809.671201437712
0.000019733333   43265181.047423437238
0.000019866667   43157009.968510478735
0.000020000000   43049295.290514454246


0.000020000000   25345183.528410837054
0.000020666667   25043212.074479695410
0.000021333333   24744984.146671343595
0.000022000000   24450455.165079854429
0.000022666667   24159581.102727647871
0.000023333333   23872318.478984229267
0.000024000000   23588624.353066552430
0.000024666667   23308456.317620169371
0.000025333333   23031772.492380019277
0.000026000000   22758531.517910085618
0.000026666667   22488692.549420855939
0.000027333333   22222215.250663761050
0.000028000000   21959059.787901565433
0.000028666667   21699186.823953956366
0.000029333333   21442557.512317288667
0.000030000000   21189133.491357713938
0.000030666667   20938876.878576777875
0.000031333333   20691750.264948654920
0.000032000000   20447716.709328126162
0.000032666667   20206739.732928548008
0.000033333333   19968783.313868887722
0.000034000000   19733811.881789069623
0.000034666667   19501790.312532830983
0.000035333333   19272683.922897286713
0.000036000000   19046458.465448357165
0.000036666667   18823080.123401388526
0.000037333333   18602515.505566146225
0.000038000000   18384731.641355376691
0.000038666667   18169695.975856296718
0.000039333333   17957376.364964209497
0.000040000000   17747741.070577494800
0.000040666667   17540758.755853317678
0.000041333333   17336398.480523318052
0.000042000000   17134629.696268580854
0.000042666667   16935422.242153186351
0.000043333333   16738746.340115671977
0.000044000000   16544572.590517731383
0.000044666667   16352871.967749478295
0.000045333333   16163615.815890619531
0.000046000000   15976775.844426892698
0.000046666667   15792324.124021122232
0.000047333333   15610233.082338273525
0.000048000000   15430475.499923856929
0.000048666667   15253024.506135096774
0.000049333333   15077853.575124245137
0.000050000000   14904936.521873414516
0.000050666667   14734247.498280368745
0.000051333333   14565760.989294691011
0.000052000000   14399451.809103719890
0.000052666667   14235295.097367707640
0.000053333333   14073266.315503634512
0.000054000000   13913341.243017110974
0.000054666667   13755495.973881835118
0.000055333333   13599706.912966052070
0.000056000000   13445950.772505505010
0.000056666667   13294204.568622300401
0.000057333333   13144445.617889219895
0.000058000000   12996651.533938955516
0.000058666667   12850800.224117720500
0.000059333333   12706869.886182781309
0.000060000000   12564839.005043411627
0.000060666667   12424686.349544750527
0.000061333333   12286390.969294112176
0.000062000000   12149932.191529273987
0.000062666667   12015289.618028244004
0.000063333333   11882443.122060084715
0.000064000000   11751372.845376320183
0.000064666667   11622059.195242477581
0.000065333333   11494482.841509293765
0.000066000000   11368624.713723214343
0.000066666667   11244465.998275671154
0.000067333333   11121988.135590789840
0.000068000000   11001172.817351048812
0.000068666667   10882001.983760502189
0.000069333333   10764457.820845155045
0.000070000000   10648522.757790090516
0.000070666667   10534179.464312914759
0.000071333333   10421410.848073212430
0.000072000000   10310200.052117506042
0.000072666667   10200530.452359458432
0.000073333333   10092385.655094839633
0.000074000000   9985749.494550969452
0.000074666667   9880606.030470207334
0.000075333333   9776939.545727163553
0.000076000000   9674734.543979251757
0.000076666667   9573975.747350264341
0.000077333333   9474648.094146588817
0.000078000000   9376736.736605752259
0.000078666667   9280227.038676934317
0.000079333333   9185104.573833130300
0.000080000000   9091355.122914632782
0.000080666667   8998964.672003518790
0.000081333333   8907919.410328816622
0.000082000000   8818205.728202018887
0.000082666667   8729810.214982686564
0.000083333333   8642719.657073784620
0.000084000000   8556921.035946471617
0.000084666667   8472401.526194065809
0.000085333333   8389148.493614867330
0.000086000000   8307149.493323551491
0.000086666667   8226392.267890894786
0.000087333333   8146864.745511487126
0.000088000000   8068555.038199210539
0.000088666667   7991451.440010189079
0.000089333333   7915542.425292956643
0.000090000000   7840816.646965570748
0.000090666667   7767262.934819417074
0.000091333333   7694870.293849458918
0.000092000000   7623627.902610677294
0.000092666667   7553525.111600451171
0.000093333333   7484551.441666640341
0.000094000000   7416696.582441131584
0.000094666667   7349950.390798621811
0.000095333333   7284302.889340393245
0.000096000000   7219744.264902871102
0.000096666667   7156264.867090716958
0.000097333333   7093855.206834266894
0.000098000000   7032505.954971079715
0.000098666667   6972207.940851388499
0.000099333333   6912952.150967250578
0.000100000000   6854729.727605176158
0.000100666667   6797531.967522061430
0.000101333333   6741350.320644202642
0.000102000000   6686176.388789205812
0.000102666667   6632001.924410608597
0.000103333333   6578818.829365009442
0.000104000000   6526619.153701539151
0.000104666667   6475395.094473481178
0.000105333333   6425138.994571863674
0.000106000000   6375843.341580857523
0.000106666667   6327500.766654798761
0.000107333333   6280104.043416673318
0.000108000000   6233646.086877901107
0.000108666667   6188119.952379250899
0.000109333333   6143518.834552735090
0.000110000000   6099836.066304324195
0.000110666667   6057065.117817331105
0.000111333333   6015199.595576321706
0.000112000000   5974233.241411389783
0.000112666667   5934159.931562672369
0.000113333333   5894973.675764949061
0.000114000000   5856668.616352208890
0.000114666667   5819239.027382022701
0.000115333333   5782679.313779617660
0.000116000000   5746984.010501514189
0.000116666667   5712147.781718590297
0.000117333333   5678165.420018470846
0.000118000000   5645031.845627108589
0.000118666667   5612742.105649448931
0.000119333333   5581291.373329051770
0.000120000000   5550674.947326582856


0.000120000000   277533.747366329189
0.000122500000   275681.011129064194
0.000125000000   273837.779477099713
0.000127500000   272003.988861798833
0.000130000000   270179.576060020947
0.000132500000   268364.478171942057
0.000135000000   266558.632618886011
0.000137500000   264761.977141167037
0.000140000000   262974.449795943510
0.000142500000   261195.988955082052
0.000145000000   259426.533303032775
0.000147500000   257666.021834715561
0.000150000000   255914.393853416637
0.000152500000   254171.588968696073
0.000155000000   252437.547094305453
0.000157500000   250712.208446116594
0.000160000000   248995.513540060318
0.000162500000   247287.403190075478
0.000165000000   245587.818506068550
0.000167500000   243896.700891883345
0.000170000000   242213.992043280683
0.000172500000   240539.633945928130
0.000175000000   238873.568873400305
0.000177500000   237215.739385188150
0.000180000000   235566.088324718818
0.000182500000   233924.558817385143
0.000185000000   232291.094268584711
0.000187500000   230665.638361768564
0.000190000000   229048.135056499887
0.000192500000   227438.528586521541
0.000195000000   225836.763457833644
0.000197500000   224242.784446780250
0.000200000000   222656.536598145613
0.000202500000   221077.965223259118
0.000205000000   219507.015898110170
0.000207500000   217943.634461471607
0.000210000000   216387.767013032426
0.000212500000   214839.359911539679
0.000215000000   213298.359772948781
0.000217500000   211764.713468583184
0.000220000000   210238.368123302644
0.000222500000   208719.271113680326
0.000225000000   207207.370066188392
0.000227500000   205702.612855392421
0.000230000000   204204.947602154250
0.000232500000   202714.322671843343
0.000235000000   201230.686672556621
0.000237500000   199753.988453346654
0.000240000000   198284.177102458110
0.000242500000   196821.201945572480
0.000245000000   195365.012544061086
0.000247500000   193915.558693245956
0.000250000000   192472.790420668956
0.000252500000   191036.657984369172
0.000255000000   189607.111871167523
0.000257500000   188184.102794960083
0.000260000000   186767.581695018685
0.000262500000   185357.499734299519
0.000265000000   183953.808297759359
0.000267500000   182556.458990679472
0.000270000000   181165.403636997071
0.000272500000   179780.594277644501
0.000275000000   178401.983168895735
0.000277500000   177029.522780720115
0.000280000000   175663.165795144101
0.000282500000   174302.865104619443
0.000285000000   172948.573810399277
0.000287500000   171600.245220921235
0.000290000000   170257.832850197650
0.000292500000   168921.290416212782
0.000295000000   167590.571839327313
0.000297500000   166265.631240689487
0.000300000000   164946.422940653574
0.000302500000   163632.901457204774
0.000305000000   162325.021504391305
0.000307500000   161022.737990763009
0.000310000000   159726.006017816777
0.000312500000   158434.780878448481
0.000315000000   157149.018055411871
0.000317500000   155868.673219783523
0.000320000000   154593.702229434595
0.000322500000   153324.061127509020
0.000325000000   152059.706140907918
0.000327500000   150800.593678780511
0.000330000000   149546.680331021227
0.000332500000   148297.922866773064
0.000335000000   147054.278232937097
0.000337500000   145815.703552688181
0.000340000000   144582.156123996770
0.000342500000   143353.593418156524
0.000345000000   142129.973078318173
0.000347500000   140911.252918029117
0.000350000000   139697.390919779136
0.000352500000   138488.345233551576
0.000355000000   137284.074175380520
0.000357500000   136084.536225913791
0.000360000000   134889.690028981451
0.000362500000   133699.494390169828
0.000365000000   132513.908275401423
0.000367500000   131332.890809520119
0.000370000000   130156.401274882039
0.000372500000   128984.399109951599
0.000375000000   127816.843907903196
0.000377500000   126653.695415227980
0.000380000000   125494.913530346210
0.000382500000   124340.458302224535
0.000385000000   123190.289928998609
0.000387500000   122044.368756601005
0.000390000000   120902.655277393933
0.000392500000   119765.110128807224
0.000395000000   118631.694091981131
0.000397500000   117502.368090414326
0.000400000000   116377.093188616593
0.000402500000   115255.830590766476
0.000405000000   114138.541639373681
0.000407500000   113025.187813946381
0.000410000000   111915.730729663046
0.000412500000   110810.132136049142
0.000415000000   109708.353915658387
0.000417500000   108610.358082758525
0.000420000000   107516.106782021699
0.000422500000   106425.562287219378
0.000425000000   105338.686999921687
0.000427500000   104255.443448200996
0.000430000000   103175.794285340220
0.000432500000   102099.702288545071
0.000435000000   101027.130357660819
0.000437500000   99958.041513893128
0.000440000000   98892.398898533182
0.000442500000   97830.165771686967
0.000445000000   96771.305511008526
0.000447500000   95715.781610437363
0.000450000000   94663.557678939847
0.000452500000   93614.597439254547
0.000455000000   92568.864726641521
0.000457500000   91526.323487635469
0.000460000000   90486.937778802720
0.000462500000   89450.671765502047
0.000465000000   88417.489720649159
0.000467500000   87387.356023485016
0.000470000000   86360.235158347656
0.000472500000   85336.091713447779
0.000475000000   84314.890379647899
0.000477500000   83296.595949244904
0.000480000000   82281.173314756306
0.000482500000   81268.587467709804
0.000485000000   80258.803497436267
0.000487500000   79251.786589866213
0.000490000000   78247.502026329486
0.000492500000   77245.915182358236
0.000495000000   76246.991526493264
0.000497500000   75250.696619093389
0.000500000000   74256.996111148183
0.000502500000   73265.855743093678
0.000505000000   72277.241343631147
0.000507500000   71291.118828549108
0.000510000000   70307.454199548156
0.000512500000   69326.213543068778
0.000515000000   68347.363029122163
0.000517500000   67370.868910123885
0.000520000000   66396.697519730311
0.000522500000   65424.815271677966
0.000525000000   64455.188658625528
0.000527500000   63487.784250998702
0.000530000000   62522.568695837545
0.000532500000   61559.508715646683
0.000535000000   60598.571107247939
0.000537500000   59639.722740635625
0.000540000000   58682.930557834305
0.000542500000   57728.161571759098
0.000545000000   56775.382865078362
0.000547500000   55824.561589078825
0.000550000000   54875.664962533061
0.000552500000   53928.660270569271
0.000555000000   52983.514863543474
0.000557500000   52040.196155913749
0.000560000000   51098.671625116847
0.000562500000   50158.908810446897
0.000565000000   49220.875311936281
0.000567500000   48284.538789238577
0.000570000000   47349.866960513573
0.000572500000   46416.827601314304
0.000575000000   45485.388543476052
0.000577500000   44555.517674007264
0.000580000000   43627.182933982447
0.000582500000   42700.352317436846
0.000585000000   41774.993870263024
0.000587500000   40851.075689109115
0.000590000000   39928.565920278976
0.000592500000   39007.432758633935
0.000595000000   38087.644446496248
0.000597500000   37169.169272554231
0.000600000000   36251.975570768940
0.000602500000   35336.031719282408
0.000605000000   34421.306139327462
0.000607500000   33507.767294138946
0.000610000000   32595.383687866492
0.000612500000   31684.123864488600
0.000615000000   30773.956406728157
0.000617500000   29864.849934969265
0.000620000000   28956.773106175362


