0.000000000000   862.665294709498
0.000000133333   860.129205070834
0.000000266667   857.602211608160
0.000000400000   855.084287597611
0.000000533333   852.575406411233
0.000000666667   850.075541516705
0.000000800000   847.584666477056
0.000000933333   845.102754950386
0.000001066667   842.629780689586
0.000001200000   840.165717542064
0.000001333333   837.710539449464
0.000001466667   835.264220447394
0.000001600000   832.826734665151
0.000001733333   830.398056325445
0.000001866667   827.978159744128
0.000002000000   825.567019329921
0.000002133333   823.164609584149
0.000002266667   820.770905100462
0.000002400000   818.385880564574
0.000002533333   816.009510753992
0.000002666667   813.641770537749
0.000002800000   811.282634876141
0.000002933333   808.932078820459
0.000003066667   806.590077512725
0.000003200000   804.256606185434
0.000003333333   801.931640161286
0.000003466667   799.615154852927
0.000003600000   797.307125762693
0.000003733333   795.007528482344
0.000003866667   792.716338692811
0.000004000000   790.433532163938
0.000004133333   788.159084754224
0.000004266667   785.892972410568
0.000004400000   783.635171168017
0.000004533333   781.385657149509
0.000004666667   779.144406565625
0.000004800000   776.911395714332
0.000004933333   774.686600980737
0.000005066667   772.469998836835
0.000005200000   770.261565841259
0.000005333333   768.061278639037
0.000005466667   765.869113961338
0.000005600000   763.685048625232
0.000005733333   761.509059533442
0.000005866667   759.341123674100
0.000006000000   757.181218120504
0.000006133333   755.029320030874
0.000006266667   752.885406648115
0.000006400000   750.749455299569
0.000006533333   748.621443396784
0.000006666667   746.501348435265
0.000006800000   744.389147994247
0.000006933333   742.284819736450
0.000007066667   740.188341407843
0.000007200000   738.099690837415
0.000007333333   736.018845936933
0.000007466667   733.945784700714
0.000007600000   731.880485205388
0.000007733333   729.822925609671
0.000007866667   727.773084154128
0.000008000000   725.730939160948
0.000008133333   723.696469033714
0.000008266667   721.669652257170
0.000008400000   719.650467397000
0.000008533333   717.638893099596
0.000008666667   715.634908091838
0.000008800000   713.638491180861
0.000008933333   711.649621253838
0.000009066667   709.668277277753
0.000009200000   707.694438299182
0.000009333333   705.728083444065
0.000009466667   703.769191917493
0.000009600000   701.817743003483
0.000009733333   699.873716064758
0.000009866667   697.937090542536
0.000010000000   696.007845956304
0.000010133333   694.085961903605
0.000010266667   692.171418059825
0.000010400000   690.264194177972
0.000010533333   688.364270088468
0.000010666667   686.471625698931
0.000010800000   684.586240993966
0.000010933333   682.708096034950
0.000011066667   680.837170959825
0.000011200000   678.973445982884
0.000011333333   677.116901394565
0.000011466667   675.267517561240
0.000011600000   673.425274925009
0.000011733333   671.590154003494
0.000011866667   669.762135389630
0.000012000000   667.941199751462
0.000012133333   666.127327831940
0.000012266667   664.320500448717
0.000012400000   662.520698493940
0.000012533333   660.727902934058
0.000012666667   658.942094809611
0.000012800000   657.163255235036
0.000012933333   655.391365398463
0.000013066667   653.626406561521
0.000013200000   651.868360059133
0.000013333333   650.117207299326
0.000013466667   648.372929763028
0.000013600000   646.635509003877
0.000013733333   644.904926648022
0.000013866667   643.181164393933
0.000014000000   641.464204012202
0.000014133333   639.754027345355
0.000014266667   638.050616307659
0.000014400000   636.353952884929
0.000014533333   634.664019134338
0.000014666667   632.980797184228
0.000014800000   631.304269233921
0.000014933333   629.634417553532
0.000015066667   627.971224483776
0.000015200000   626.314672435789
0.000015333333   624.664743890936
0.000015466667   623.021421400629
0.000015600000   621.384687586141
0.000015733333   619.754525138422
0.000015866667   618.130916817919
0.000016000000   616.513845454388
0.000016133333   614.903293946718
0.000016266667   613.299245262747
0.000016400000   611.701682439081
0.000016533333   610.110588580921
0.000016666667   608.525946861874
0.000016800000   606.947740523785
0.000016933333   605.375952876553
0.000017066667   603.810567297958
0.000017200000   602.251567233484
0.000017333333   600.698936196144
0.000017466667   599.152657766306
0.000017600000   597.612715591519
0.000017733333   596.079093386340
0.000017866667   594.551774932162
0.000018000000   593.030744077042
0.000018133333   591.515984735532
0.000018266667   590.007480888506
0.000018400000   588.505216582994
0.000018533333   587.009175932009
0.000018666667   585.519343114382
0.000018800000   584.035702374596
0.000018933333   582.558238022615
0.000019066667   581.086934433722
0.000019200000   579.621776048353
0.000019333333   578.162747371929
0.000019466667   576.709832974696
0.000019600000   575.263017491564
0.000019733333   573.822285621936
0.000019866667   572.387622129554
0.000020000000   570.959011842336


0.000020000000   458.387641149758
0.000020666667   452.926249153646
0.000021333333   447.532561781060
0.000022000000   442.205772769230
0.000022666667   436.945085855528
0.000023333333   431.749714658447
0.000024000000   426.618882560046
0.000024666667   421.551822589860
0.000025333333   416.547777310253
0.000026000000   411.605998703192
0.000026666667   406.725748058433
0.000027333333   401.906295863095
0.000028000000   397.146921692614
0.000028666667   392.446914103045
0.000029333333   387.805570524722
0.000030000000   383.222197157228
0.000030666667   378.696108865692
0.000031333333   374.226629078365
0.000032000000   369.813089685490
0.000032666667   365.454830939430
0.000033333333   361.151201356045
0.000034000000   356.901557617308
0.000034666667   352.705264475141
0.000035333333   348.561694656455
0.000036000000   344.470228769384
0.000036666667   340.430255210697
0.000037333333   336.441170074373
0.000038000000   332.502377061328
0.000038666667   328.613287390278
0.000039333333   324.773319709730
0.000040000000   320.981900011074
0.000040666667   317.238461542784
0.000041333333   313.542444725694
0.000042000000   309.893297069355
0.000042666667   306.290473089444
0.000043333333   302.733434226225
0.000044000000   299.221648764043
0.000044666667   295.754591751843
0.000045333333   292.331744924697
0.000046000000   288.952596626333
0.000046666667   285.616641732653
0.000047333333   282.323381576224
0.000048000000   279.072323871735
0.000048666667   275.862982642411
0.000049333333   272.694878147367
0.000050000000   269.567536809895
0.000050666667   266.480491146672
0.000051333333   263.433279697880
0.000052000000   260.425446958226
0.000052666667   257.456543308852
0.000053333333   254.526124950121
0.000054000000   251.633753835285
0.000054666667   248.778997604995
0.000055333333   245.961429522678
0.000056000000   243.180628410743
0.000056666667   240.436178587625
0.000057333333   237.727669805645
0.000058000000   235.054697189687
0.000058666667   232.416861176679
0.000059333333   229.813767455857
0.000060000000   227.245026909831
0.000060666667   224.710255556414
0.000061333333   222.209074491225
0.000062000000   219.741109831049
0.000062666667   217.305992657946
0.000063333333   214.903358964109
0.000064000000   212.532849597445
0.000064666667   210.194110207893
0.000065333333   207.886791194452
0.000066000000   205.610547652924
0.000066666667   203.365039324354
0.000067333333   201.149930544169
0.000068000000   198.964890192001
0.000068666667   196.809591642193
0.000069333333   194.683712714968
0.000070000000   192.586935628277
0.000070666667   190.518946950288
0.000071333333   188.479437552540
0.000072000000   186.468102563729
0.000072666667   184.484641324138
0.000073333333   182.528757340691
0.000074000000   180.600158242634
0.000074666667   178.698555737832
0.000075333333   176.823665569671
0.000076000000   174.975207474570
0.000076666667   173.152905140082
0.000077333333   171.356486163595
0.000078000000   169.585682011611
0.000078666667   167.840227979602
0.000079333333   166.119863152445
0.000080000000   164.424330365419
0.000080666667   162.753376165761
0.000081333333   161.106750774781
0.000082000000   159.484208050525
0.000082666667   157.885505450979
0.000083333333   156.310403997816
0.000084000000   154.758668240671
0.000084666667   153.230066221944
0.000085333333   151.724369442129
0.000086000000   150.241352825656
0.000086666667   148.780794687248
0.000087333333   147.342476698778
0.000088000000   145.926183856639
0.000088666667   144.531704449598
0.000089333333   143.158830027157
0.000090000000   141.807355368385
0.000090666667   140.477078451247
0.000091333333   139.167800422401
0.000092000000   137.879325567476
0.000092666667   136.611461281815
0.000093333333   135.364018041684
0.000094000000   134.136809375940
0.000094666667   132.929651838160
0.000095333333   131.742364979216
0.000096000000   130.574771320302
0.000096666667   129.426696326404
0.000097333333   128.297968380211
0.000098000000   127.188418756459
0.000098666667   126.097881596712
0.000099333333   125.026193884567
0.000100000000   123.973195421287
0.000100666667   122.938728801854
0.000101333333   121.922639391438
0.000102000000   120.924775302286
0.000102666667   119.944987371013
0.000103333333   118.983129136304
0.000104000000   118.039056817028
0.000104666667   117.112629290735
0.000105333333   116.203708072568
0.000106000000   115.312157294562
0.000106666667   114.437843685326
0.000107333333   113.580636550132
0.000108000000   112.740407751371
0.000108666667   111.917031689402
0.000109333333   111.110385283776
0.000110000000   110.320347954836
0.000110666667   109.546801605696
0.000111333333   108.789630604584
0.000112000000   108.048721767561
0.000112666667   107.323964341598
0.000113333333   106.615249988022
0.000114000000   105.922472766321
0.000114666667   105.245529118309
0.000115333333   104.584317852645
0.000116000000   103.938740129705
0.000116666667   103.308699446809
0.000117333333   102.694101623796
0.000118000000   102.094854788945
0.000118666667   101.510869365241
0.000119333333   100.942058056985
0.000120000000   100.388335836747


0.000120000000   100.388335836747
0.000122500000   99.718171904005
0.000125000000   99.051445929747
0.000127500000   98.388134927428
0.000130000000   97.728216028239
0.000132500000   97.071666480322
0.000135000000   96.418463647982
0.000137500000   95.768585010909
0.000140000000   95.122008163400
0.000142500000   94.478710813585
0.000145000000   93.838670782663
0.000147500000   93.201866004135
0.000150000000   92.568274523040
0.000152500000   91.937874495203
0.000155000000   91.310644186481
0.000157500000   90.686561972012
0.000160000000   90.065606335467
0.000162500000   89.447755868316
0.000165000000   88.832989269082
0.000167500000   88.221285342611
0.000170000000   87.612622999339
0.000172500000   87.006981254567
0.000175000000   86.404339227736
0.000177500000   85.804676141708
0.000180000000   85.207971322048
0.000182500000   84.614204196313
0.000185000000   84.023354293342
0.000187500000   83.435401242552
0.000190000000   82.850324773232
0.000192500000   82.268104713846
0.000195000000   81.688720991339
0.000197500000   81.112153630444
0.000200000000   80.538382752992
0.000202500000   79.967388577227
0.000205000000   79.399151417126
0.000207500000   78.833651681719
0.000210000000   78.270869874412
0.000212500000   77.710786592319
0.000215000000   77.153382525587
0.000217500000   76.598638456736
0.000220000000   76.046535259994
0.000222500000   75.497053900636
0.000225000000   74.950175434331
0.000227500000   74.405881006487
0.000230000000   73.864151851601
0.000232500000   73.324969292612
0.000235000000   72.788314740259
0.000237500000   72.254169692435
0.000240000000   71.722515733557
0.000242500000   71.193334533923
0.000245000000   70.666607849085
0.000247500000   70.142317519220
0.000250000000   69.620445468500
0.000252500000   69.100973704473
0.000255000000   68.583884317442
0.000257500000   68.069159479844
0.000260000000   67.556781445640
0.000262500000   67.046732549701
0.000265000000   66.538995207198
0.000267500000   66.033551912999
0.000270000000   65.530385241060
0.000272500000   65.029477843831
0.000275000000   64.530812451652
0.000277500000   64.034371872161
0.000280000000   63.540138989701
0.000282500000   63.048096764727
0.000285000000   62.558228233224
0.000287500000   62.070516506116
0.000290000000   61.584944768688
0.000292500000   61.101496280004
0.000295000000   60.620154372333
0.000297500000   60.140902450568
0.000300000000   59.663723991662
0.000302500000   59.188602544053
0.000305000000   58.715521727096
0.000307500000   58.244465230502
0.000310000000   57.775416813776
0.000312500000   57.308360305651
0.000315000000   56.843279603537
0.000317500000   56.380158672963
0.000320000000   55.918981547025
0.000322500000   55.459732325834
0.000325000000   55.002395175969
0.000327500000   54.546954329933
0.000330000000   54.093394085604
0.000332500000   53.641698805699
0.000335000000   53.191852917234
0.000337500000   52.743840910984
0.000340000000   52.297647340951
0.000342500000   51.853256823830
0.000345000000   51.410654038483
0.000347500000   50.969823725401
0.000350000000   50.530750686190
0.000352500000   50.093419783038
0.000355000000   49.657815938196
0.000357500000   49.223924133460
0.000360000000   48.791729409650
0.000362500000   48.361216866097
0.000365000000   47.932371660128
0.000367500000   47.505179006553
0.000370000000   47.079624177159
0.000372500000   46.655692500197
0.000375000000   46.233369359882
0.000377500000   45.812640195884
0.000380000000   45.393490502829
0.000382500000   44.975905829797
0.000385000000   44.559871779827
0.000387500000   44.145374009416
0.000390000000   43.732398228029
0.000392500000   43.320930197602
0.000395000000   42.910955732055
0.000397500000   42.502460696802
0.000400000000   42.095431008260
0.000402500000   41.689852633369
0.000405000000   41.285711589106
0.000407500000   40.882993941999
0.000410000000   40.481685807653
0.000412500000   40.081773350269
0.000415000000   39.683242782164
0.000417500000   39.286080363300
0.000420000000   38.890272400806
0.000422500000   38.495805248512
0.000425000000   38.102665306472
0.000427500000   37.710839020497
0.000430000000   37.320312881692
0.000432500000   36.931073425984
0.000435000000   36.543107233661
0.000437500000   36.156400928911
0.000440000000   35.770941179357
0.000442500000   35.386714695599
0.000445000000   35.003708230757
0.000447500000   34.621908580012
0.000450000000   34.241302580155
0.000452500000   33.861877109126
0.000455000000   33.483619085568
0.000457500000   33.106515468375
0.000460000000   32.730553256239
0.000462500000   32.355719487205
0.000465000000   31.982001238223
0.000467500000   31.609385624702
0.000470000000   31.237859800067
0.000472500000   30.867410955315
0.000475000000   30.498026318573
0.000477500000   30.129693154661
0.000480000000   29.762398764646
0.000482500000   29.396130485414
0.000485000000   29.030875689223
0.000487500000   28.666621783275
0.000490000000   28.303356209281
0.000492500000   27.941066443022
0.000495000000   27.579739993926
0.000497500000   27.219364404630
0.000500000000   26.859927250557
0.000502500000   26.501416139480
0.000505000000   26.143818711102
0.000507500000   25.787122636626
0.000510000000   25.431315618330
0.000512500000   25.076385389145
0.000515000000   24.722319712230
0.000517500000   24.369106380551
0.000520000000   24.016733216460
0.000522500000   23.665188071277
0.000525000000   23.314458824866
0.000527500000   22.964533385223
0.000530000000   22.615399688057
0.000532500000   22.267045696372
0.000535000000   21.919459400055
0.000537500000   21.572628815460
0.000540000000   21.226541984995
0.000542500000   20.881186976711
0.000545000000   20.536551883891
0.000547500000   20.192624824636
0.000550000000   19.849393941459
0.000552500000   19.506847400874
0.000555000000   19.164973392991
0.000557500000   18.823760131103
0.000560000000   18.483195851288
0.000562500000   18.143268811996
0.000565000000   17.803967293647
0.000567500000   17.465279598227
0.000570000000   17.127194048885
0.000572500000   16.789698989531
0.000575000000   16.452782784431
0.000577500000   16.116433817810
0.000580000000   15.780640493449
0.000582500000   15.445391234285
0.000585000000   15.110674482014
0.000587500000   14.776478696688
0.000590000000   14.442792356325
0.000592500000   14.109603956503
0.000595000000   13.776902009969
0.000597500000   13.444675046242
0.000600000000   13.112911611215
0.000602500000   12.781600266763
0.000605000000   12.450729590349
0.000607500000   12.120288174625
0.000610000000   11.790264627047
0.000612500000   11.460647569476
0.000615000000   11.131425637785
0.000617500000   10.802587481473
0.000620000000   10.474121763269


