0.000000000000   368.518644414327
0.000000133333   367.435262108947
0.000000266667   366.355765563741
0.000000400000   365.280143362643
0.000000533333   364.208384130562
0.000000666667   363.140476533259
0.000000800000   362.076409277225
0.000000933333   361.016171109567
0.000001066667   359.959750817885
0.000001200000   358.907137230152
0.000001333333   357.858319214603
0.000001466667   356.813285679608
0.000001600000   355.772025573562
0.000001733333   354.734527884764
0.000001866667   353.700781641304
0.000002000000   352.670775910941
0.000002133333   351.644499800995
0.000002266667   350.621942458226
0.000002400000   349.603093068723
0.000002533333   348.587940857786
0.000002666667   347.576475089816
0.000002800000   346.568685068197
0.000002933333   345.564560135187
0.000003066667   344.564089671804
0.000003200000   343.567263097712
0.000003333333   342.574069871112
0.000003466667   341.584499488627
0.000003600000   340.598541485195
0.000003733333   339.616185433954
0.000003866667   338.637420946137
0.000004000000   337.662237670955
0.000004133333   336.690625295495
0.000004266667   335.722573544606
0.000004400000   334.758072180792
0.000004533333   333.797111004105
0.000004666667   332.839679852033
0.000004800000   331.885768599399
0.000004933333   330.935367158246
0.000005066667   329.988465477737
0.000005200000   329.045053544047
0.000005333333   328.105121380254
0.000005466667   327.168659046238
0.000005600000   326.235656638572
0.000005733333   325.306104290419
0.000005866667   324.379992171430
0.000006000000   323.457310487635
0.000006133333   322.538049481342
0.000006266667   321.622199431037
0.000006400000   320.709750651275
0.000006533333   319.800693492581
0.000006666667   318.895018341350
0.000006800000   317.992715619739
0.000006933333   317.093775785574
0.000007066667   316.198189332241
0.000007200000   315.305946788592
0.000007333333   314.417038718840
0.000007466667   313.531455722463
0.000007600000   312.649188434102
0.000007733333   311.770227523461
0.000007866667   310.894563695215
0.000008000000   310.022187688901
0.000008133333   309.153090278830
0.000008266667   308.287262273984
0.000008400000   307.424694517920
0.000008533333   306.565377888674
0.000008666667   305.709303298662
0.000008800000   304.856461694588
0.000008933333   304.006844057344
0.000009066667   303.160441401920
0.000009200000   302.317244777300
0.000009333333   301.477245266378
0.000009466667   300.640433985857
0.000009600000   299.806802086156
0.000009733333   298.976340751317
0.000009866667   298.149041198913
0.000010000000   297.324894679954
0.000010133333   296.503892478793
0.000010266667   295.686025913036
0.000010400000   294.871286333450
0.000010533333   294.059665123870
0.000010666667   293.251153701111
0.000010800000   292.445743514873
0.000010933333   291.643426047653
0.000011066667   290.844192814655
0.000011200000   290.048035363699
0.000011333333   289.254945275135
0.000011466667   288.464914161750
0.000011600000   287.677933668678
0.000011733333   286.893995473320
0.000011866667   286.113091285245
0.000012000000   285.335212846111
0.000012133333   284.560351929574
0.000012266667   283.788500341201
0.000012400000   283.019649918382
0.000012533333   282.253792530248
0.000012666667   281.490920077582
0.000012800000   280.731024492732
0.000012933333   279.974097739529
0.000013066667   279.220131813200
0.000013200000   278.469118740285
0.000013333333   277.721050578549
0.000013466667   276.975919416903
0.000013600000   276.233717375316
0.000013733333   275.494436604734
0.000013866667   274.758069286998
0.000014000000   274.024607634757
0.000014133333   273.294043891390
0.000014266667   272.566370330924
0.000014400000   271.841579257947
0.000014533333   271.119663007535
0.000014666667   270.400613945161
0.000014800000   269.684424466625
0.000014933333   268.971086997963
0.000015066667   268.260593995376
0.000015200000   267.552937945145
0.000015333333   266.848111363551
0.000015466667   266.146106796800
0.000015600000   265.446916820941
0.000015733333   264.750534041788
0.000015866667   264.056951094843
0.000016000000   263.366160645217
0.000016133333   262.678155387551
0.000016266667   261.992928045942
0.000016400000   261.310471373865
0.000016533333   260.630778154095
0.000016666667   259.953841198630
0.000016800000   259.279653348620
0.000016933333   258.608207474285
0.000017066667   257.939496474842
0.000017200000   257.273513278433
0.000017333333   256.610250842046
0.000017466667   255.949702151440
0.000017600000   255.291860221077
0.000017733333   254.636718094041
0.000017866667   253.984268841968
0.000018000000   253.334505564972
0.000018133333   252.687421391573
0.000018266667   252.043009478622
0.000018400000   251.401263011232
0.000018533333   250.762175202703
0.000018666667   250.125739294452
0.000018800000   249.491948555938
0.000018933333   248.860796284598
0.000019066667   248.232275805768
0.000019200000   247.606380472619
0.000019333333   246.983103666081
0.000019466667   246.362438794778
0.000019600000   245.744379294957
0.000019733333   245.128918630414
0.000019866667   244.516050292432
0.000020000000   243.905767799708


0.000020000000   233.871245484570
0.000020666667   231.084820996758
0.000021333333   228.332939684214
0.000022000000   225.615190188383
0.000022666667   222.931166252821
0.000023333333   220.280466662473
0.000024000000   217.662695183697
0.000024666667   215.077460505031
0.000025333333   212.524376178700
0.000026000000   210.003060562853
0.000026666667   207.513136764506
0.000027333333   205.054232583212
0.000028000000   202.625980455415
0.000028666667   200.228017399513
0.000029333333   197.859984961593
0.000030000000   195.521529161851
0.000030666667   193.212300441680
0.000031333333   190.931953611411
0.000032000000   188.680147798720
0.000032666667   186.456546397668
0.000033333333   184.260817018390
0.000034000000   182.092631437402
0.000034666667   179.951665548541
0.000035333333   177.837599314518
0.000036000000   175.750116719074
0.000036666667   173.688905719743
0.000037333333   171.653658201211
0.000038000000   169.644069929249
0.000038666667   167.659840505244
0.000039333333   165.700673321291
0.000040000000   163.766275515854
0.000040666667   161.856357929992
0.000041333333   159.970635064130
0.000042000000   158.108825035385
0.000042666667   156.270649535431
0.000043333333   154.455833788890
0.000044000000   152.664106512267
0.000044666667   150.895199873389
0.000045333333   149.148849451376
0.000046000000   147.424794197109
0.000046666667   145.722776394211
0.000047333333   144.042541620522
0.000048000000   142.383838710069
0.000048666667   140.746419715516
0.000049333333   139.130039871106
0.000050000000   137.534457556069
0.000050666667   135.959434258506
0.000051333333   134.404734539735
0.000052000000   132.870125999095
0.000052666667   131.355379239210
0.000053333333   129.860267831695
0.000054000000   128.384568283309
0.000054666667   126.928060002549
0.000055333333   125.490525266673
0.000056000000   124.071749189155
0.000056666667   122.671519687564
0.000057333333   121.289627451859
0.000058000000   119.925865913106
0.000058666667   118.580031212591
0.000059333333   117.251922171355
0.000060000000   115.941340260118
0.000060666667   114.648089569599
0.000061333333   113.371976781237
0.000062000000   112.112811138290
0.000062666667   110.870404417319
0.000063333333   109.644570900055
0.000064000000   108.435127345635
0.000064666667   107.241892963211
0.000065333333   106.064689384925
0.000066000000   104.903340639247
0.000066666667   103.757673124670
0.000067333333   102.627515583760
0.000068000000   101.512699077552
0.000068666667   100.413056960302
0.000069333333   99.328424854576
0.000070000000   98.258640626672
0.000070666667   97.203544362392
0.000071333333   96.162978343133
0.000072000000   95.136787022311
0.000072666667   94.124817002111
0.000073333333   93.126917010557
0.000074000000   92.142937878895
0.000074666667   91.172732519302
0.000075333333   90.216155902894
0.000076000000   89.273065038046
0.000076666667   88.343318949021
0.000077333333   87.426778654895
0.000078000000   86.523307148781
0.000078666667   85.632769377348
0.000079333333   84.755032220635
0.000080000000   83.889964472153
0.000080666667   83.037436819266
0.000081333333   82.197321823868
0.000082000000   81.369493903329
0.000082666667   80.553829311724
0.000083333333   79.750206121335
0.000084000000   78.958504204424
0.000084666667   78.178605215277
0.000085333333   77.410392572515
0.000086000000   76.653751441661
0.000086666667   75.908568717984
0.000087333333   75.174733009581
0.000088000000   74.452134620734
0.000088666667   73.740665535509
0.000089333333   73.040219401611
0.000090000000   72.350691514482
0.000090666667   71.671978801657
0.000091333333   71.003979807347
0.000092000000   70.346594677284
0.000092666667   69.699725143783
0.000093333333   69.063274511063
0.000094000000   68.437147640786
0.000094666667   67.821250937837
0.000095333333   67.215492336335
0.000096000000   66.619781285868
0.000096666667   66.034028737961
0.000097333333   65.458147132761
0.000098000000   64.892050385948
0.000098666667   64.335653875873
0.000099333333   63.788874430901
0.000100000000   63.251630316983
0.000100666667   62.723841225436
0.000101333333   62.205428260938
0.000102000000   61.696313929738
0.000102666667   61.196422128068
0.000103333333   60.705678130767
0.000104000000   60.224008580116
0.000104666667   59.751341474865
0.000105333333   59.287606159474
0.000106000000   58.832733313552
0.000106666667   58.386654941493
0.000107333333   57.949304362312
0.000108000000   57.520616199679
0.000108666667   57.100526372144
0.000109333333   56.688972083559
0.000110000000   56.285891813692
0.000110666667   55.891225309028
0.000111333333   55.504913573767
0.000112000000   55.126898861001
0.000112666667   54.757124664081
0.000113333333   54.395535708174
0.000114000000   54.042077942001
0.000114666667   53.696698529750
0.000115333333   53.359345843186
0.000116000000   53.029969453931
0.000116666667   52.708520125923
0.000117333333   52.394949808059
0.000118000000   52.089211627013
0.000118666667   51.791259880225
0.000119333333   51.501050029074
0.000120000000   51.218538692218


0.000120000000   51.218538692218
0.000122500000   50.876618318370
0.000125000000   50.536452004973
0.000127500000   50.198028024198
0.000130000000   49.861334708285
0.000132500000   49.526360449144
0.000135000000   49.193093697950
0.000137500000   48.861522964750
0.000140000000   48.531636818061
0.000142500000   48.203423884482
0.000145000000   47.876872848298
0.000147500000   47.551972451089
0.000150000000   47.228711491347
0.000152500000   46.907078824083
0.000155000000   46.587063360450
0.000157500000   46.268654067353
0.000160000000   45.951839967075
0.000162500000   45.636610136896
0.000165000000   45.322953708715
0.000167500000   45.010859868679
0.000170000000   44.700317856806
0.000172500000   44.391316966616
0.000175000000   44.083846544763
0.000177500000   43.777895990667
0.000180000000   43.473454756147
0.000182500000   43.170512345058
0.000185000000   42.869058312930
0.000187500000   42.569082266608
0.000190000000   42.270573863894
0.000192500000   41.973522813187
0.000195000000   41.677918873132
0.000197500000   41.383751852267
0.000200000000   41.091011608669
0.000202500000   40.799688049606
0.000205000000   40.509771131187
0.000207500000   40.221250858020
0.000210000000   39.934117282864
0.000212500000   39.648360506285
0.000215000000   39.363970676320
0.000217500000   39.080937988131
0.000220000000   38.799252683670
0.000222500000   38.518905051345
0.000225000000   38.239885425679
0.000227500000   37.962184186983
0.000230000000   37.685791761021
0.000232500000   37.410698618680
0.000235000000   37.136895275642
0.000237500000   36.864372292059
0.000240000000   36.593120272223
0.000242500000   36.323129864246
0.000245000000   36.054391759737
0.000247500000   35.786896693479
0.000250000000   35.520635443112
0.000252500000   35.255598828813
0.000255000000   34.991777712980
0.000257500000   34.729162999920
0.000260000000   34.467745635531
0.000262500000   34.207516606990
0.000265000000   33.948466942448
0.000267500000   33.690587710714
0.000270000000   33.433870020949
0.000272500000   33.178305022363
0.000275000000   32.923883903904
0.000277500000   32.670597893960
0.000280000000   32.418438260051
0.000282500000   32.167396308534
0.000285000000   31.917463384298
0.000287500000   31.668630870467
0.000290000000   31.420890188106
0.000292500000   31.174232795921
0.000295000000   30.928650189966
0.000297500000   30.684133903351
0.000300000000   30.440675505950
0.000302500000   30.198266604108
0.000305000000   29.956898840355
0.000307500000   29.716563893113
0.000310000000   29.477253476416
0.000312500000   29.238959339618
0.000315000000   29.001673267111
0.000317500000   28.765387078043
0.000320000000   28.530092626033
0.000322500000   28.295781798895
0.000325000000   28.062446518352
0.000327500000   27.830078739762
0.000330000000   27.598670451839
0.000332500000   27.368213676377
0.000335000000   27.138700467976
0.000337500000   26.910122913767
0.000340000000   26.682473133138
0.000342500000   26.455743277465
0.000345000000   26.229925529838
0.000347500000   26.005012104797
0.000350000000   25.780995248056
0.000352500000   25.557867236244
0.000355000000   25.335620376631
0.000357500000   25.114247006867
0.000360000000   24.893739494719
0.000362500000   24.674090237805
0.000365000000   24.455291663330
0.000367500000   24.237336227833
0.000370000000   24.020216416918
0.000372500000   23.803924744998
0.000375000000   23.588453755042
0.000377500000   23.373796018308
0.000380000000   23.159944134096
0.000382500000   22.946890729488
0.000385000000   22.734628459095
0.000387500000   22.523150004804
0.000390000000   22.312448075525
0.000392500000   22.102515406940
0.000395000000   21.893344761253
0.000397500000   21.684928926940
0.000400000000   21.477260718500
0.000402500000   21.270332976209
0.000405000000   21.064138565870
0.000407500000   20.858670378571
0.000410000000   20.653921330435
0.000412500000   20.449884362382
0.000415000000   20.246552439880
0.000417500000   20.043918552704
0.000420000000   19.841975714697
0.000422500000   19.640716963527
0.000425000000   19.440135360445
0.000427500000   19.240223990050
0.000430000000   19.040975960047
0.000432500000   18.842384401012
0.000435000000   18.644442466154
0.000437500000   18.447143331077
0.000440000000   18.250480193549
0.000442500000   18.054446273265
0.000445000000   17.859034811611
0.000447500000   17.664239071435
0.000450000000   17.470052336814
0.000452500000   17.276467912819
0.000455000000   17.083479125290
0.000457500000   16.891079320600
0.000460000000   16.699261865428
0.000462500000   16.508020146533
0.000465000000   16.317347570522
0.000467500000   16.127237563624
0.000470000000   15.937683571463
0.000472500000   15.748679058834
0.000475000000   15.560217509476
0.000477500000   15.372292425847
0.000480000000   15.184897328901
0.000482500000   14.998025757864
0.000485000000   14.811671270012
0.000487500000   14.625827440447
0.000490000000   14.440487861878
0.000492500000   14.255646144399
0.000495000000   14.071295915268
0.000497500000   13.887430818689
0.000500000000   13.704044515590
0.000502500000   13.521130683408
0.000505000000   13.338683015868
0.000507500000   13.156695222768
0.000510000000   12.975161029760
0.000512500000   12.794074178135
0.000515000000   12.613428424607
0.000517500000   12.433217541097
0.000520000000   12.253435314520
0.000522500000   12.074075546570
0.000525000000   11.895132053503
0.000527500000   11.716598665930
0.000530000000   11.538469228601
0.000532500000   11.360737600190
0.000535000000   11.183397653089
0.000537500000   11.006443273194
0.000540000000   10.829868359691
0.000542500000   10.653666824853
0.000545000000   10.477832593822
0.000547500000   10.302359604406
0.000550000000   10.127241806867
0.000552500000   9.952473163711
0.000555000000   9.778047649485
0.000557500000   9.603959250563
0.000560000000   9.430201964943
0.000562500000   9.256769802039
0.000565000000   9.083656782473
0.000567500000   8.910856937871
0.000570000000   8.738364310656
0.000572500000   8.566172953842
0.000575000000   8.394276930832
0.000577500000   8.222670315209
0.000580000000   8.051347190535
0.000582500000   7.880301650146
0.000585000000   7.709527796946
0.000587500000   7.539019743208
0.000590000000   7.368771610370
0.000592500000   7.198777528828
0.000595000000   7.029031637739
0.000597500000   6.859528084817
0.000600000000   6.690261026130
0.000602500000   6.521224625900
0.000605000000   6.352413056300
0.000607500000   6.183820497258
0.000610000000   6.015441136249
0.000612500000   5.847269168100
0.000615000000   5.679298794788
0.000617500000   5.511524225241
0.000620000000   5.343939675137


