0.000000000000   854.164558124566
0.000000133333   851.613813268148
0.000000266667   849.072074534386
0.000000400000   846.539315043479
0.000000533333   844.015508010582
0.000000666667   841.500626745528
0.000000800000   838.994644652542
0.000000933333   836.497535229961
0.000001066667   834.009272069955
0.000001200000   831.529828858244
0.000001333333   829.059179373824
0.000001466667   826.597297488687
0.000001600000   824.144157167546
0.000001733333   821.699732467559
0.000001866667   819.263997538054
0.000002000000   816.836926620259
0.000002133333   814.418494047024
0.000002266667   812.008674242553
0.000002400000   809.607441722137
0.000002533333   807.214771091875
0.000002666667   804.830637048415
0.000002800000   802.455014378680
0.000002933333   800.087877959606
0.000003066667   797.729202757874
0.000003200000   795.378963829643
0.000003333333   793.037136320291
0.000003466667   790.703695464149
0.000003600000   788.378616584239
0.000003733333   786.061875092017
0.000003866667   783.753446487106
0.000004000000   781.453306357042
0.000004133333   779.161430377017
0.000004266667   776.877794309615
0.000004400000   774.602374004565
0.000004533333   772.335145398477
0.000004666667   770.076084514591
0.000004800000   767.825167462527
0.000004933333   765.582370438026
0.000005066667   763.347669722702
0.000005200000   761.121041683791
0.000005333333   758.902462773899
0.000005466667   756.691909530755
0.000005600000   754.489358576964
0.000005733333   752.294786619756
0.000005866667   750.108170450743
0.000006000000   747.929486945672
0.000006133333   745.758713064179
0.000006266667   743.595825849550
0.000006400000   741.440802428475
0.000006533333   739.293620010803
0.000006666667   737.154255889309
0.000006800000   735.022687439447
0.000006933333   732.898892119112
0.000007066667   730.782847468405
0.000007200000   728.674531109392
0.000007333333   726.573920745869
0.000007466667   724.480994163123
0.000007600000   722.395729227705
0.000007733333   720.318103887185
0.000007866667   718.248096169929
0.000008000000   716.185684184859
0.000008133333   714.130846121226
0.000008266667   712.083560248378
0.000008400000   710.043804915529
0.000008533333   708.011558551534
0.000008666667   705.986799664654
0.000008800000   703.969506842336
0.000008933333   701.959658750982
0.000009066667   699.957234135725
0.000009200000   697.962211820203
0.000009333333   695.974570706337
0.000009466667   693.994289774108
0.000009600000   692.021348081331
0.000009733333   690.055724763438
0.000009866667   688.097399033254
0.000010000000   686.146350180779
0.000010133333   684.202557572971
0.000010266667   682.266000653522
0.000010400000   680.336658942645
0.000010533333   678.414512036859
0.000010666667   676.499539608766
0.000010800000   674.591721406844
0.000010933333   672.691037255229
0.000011066667   670.797467053502
0.000011200000   668.910990776476
0.000011333333   667.031588473986
0.000011466667   665.159240270675
0.000011600000   663.293926365787
0.000011733333   661.435627032956
0.000011866667   659.584322619998
0.000012000000   657.739993548702
0.000012133333   655.902620314624
0.000012266667   654.072183486881
0.000012400000   652.248663707945
0.000012533333   650.432041693437
0.000012666667   648.622298231924
0.000012800000   646.819414184720
0.000012933333   645.023370485676
0.000013066667   643.234148140983
0.000013200000   641.451728228971
0.000013333333   639.676091899907
0.000013466667   637.907220375799
0.000013600000   636.145094950193
0.000013733333   634.389696987978
0.000013866667   632.641007925189
0.000014000000   630.899009268810
0.000014133333   629.163682596577
0.000014266667   627.435009556787
0.000014400000   625.712971868100
0.000014533333   623.997551319346
0.000014666667   622.288729769337
0.000014800000   620.586489146669
0.000014933333   618.890811449535
0.000015066667   617.201678745533
0.000015200000   615.519073171476
0.000015333333   613.842976933204
0.000015466667   612.173372305397
0.000015600000   610.510241631385
0.000015733333   608.853567322961
0.000015866667   607.203331860200
0.000016000000   605.559517791266
0.000016133333   603.922107732234
0.000016266667   602.291084366903
0.000016400000   600.666430446614
0.000016533333   599.048128790067
0.000016666667   597.436162283139
0.000016800000   595.830513878705
0.000016933333   594.231166596454
0.000017066667   592.638103522713
0.000017200000   591.051307810266
0.000017333333   589.470762678178
0.000017466667   587.896451411615
0.000017600000   586.328357361668
0.000017733333   584.766463945178
0.000017866667   583.210754644561
0.000018000000   581.661213007629
0.000018133333   580.117822647424
0.000018266667   578.580567242035
0.000018400000   577.049430534434
0.000018533333   575.524396332298
0.000018666667   574.005448507843
0.000018800000   572.492570997647
0.000018933333   570.985747802487
0.000019066667   569.484962987165
0.000019200000   567.990200680341
0.000019333333   566.501445074366
0.000019466667   565.018680425113
0.000019600000   563.541891051812
0.000019733333   562.071061336885
0.000019866667   560.606175725776
0.000020000000   559.147218726794


0.000020000000   468.165469992104
0.000020666667   462.587581495246
0.000021333333   457.078841823637
0.000022000000   451.638427516180
0.000022666667   446.265525325238
0.000023333333   440.959332095062
0.000024000000   435.719054641740
0.000024666667   430.543909634623
0.000025333333   425.433123479235
0.000026000000   420.385932201633
0.000026666667   415.401581334205
0.000027333333   410.479325802893
0.000028000000   405.618429815814
0.000028666667   400.818166753272
0.000029333333   396.077819059145
0.000030000000   391.396678133618
0.000030666667   386.774044227263
0.000031333333   382.209226336437
0.000032000000   377.701542099988
0.000032666667   373.250317697257
0.000033333333   368.854887747348
0.000034000000   364.514595209673
0.000034666667   360.228791285729
0.000035333333   355.996835322117
0.000036000000   351.818094714773
0.000036666667   347.691944814408
0.000037333333   343.617768833133
0.000038000000   339.594957752258
0.000038666667   335.622910231253
0.000039333333   331.701032517864
0.000040000000   327.828738359352
0.000040666667   324.005448914860
0.000041333333   320.230592668886
0.000042000000   316.503605345852
0.000042666667   312.823929825755
0.000043333333   309.191016060886
0.000044000000   305.604320993606
0.000044666667   302.063308475174
0.000045333333   298.567449185594
0.000046000000   295.116220554499
0.000046666667   291.709106683028
0.000047333333   288.345598266716
0.000048000000   285.025192519353
0.000048666667   281.747393097836
0.000049333333   278.511710027965
0.000050000000   275.317659631207
0.000050666667   272.164764452392
0.000051333333   269.052553188339
0.000052000000   265.980560617410
0.000052666667   262.948327529963
0.000053333333   259.955400659712
0.000054000000   257.001332615965
0.000054666667   254.085681816754
0.000055333333   251.208012422824
0.000056000000   248.367894272478
0.000056666667   245.564902817282
0.000057333333   242.798619058600
0.000058000000   240.068629484957
0.000058666667   237.374526010232
0.000059333333   234.715905912654
0.000060000000   232.092371774601
0.000060666667   229.503531423194
0.000061333333   226.948997871673
0.000062000000   224.428389261552
0.000062666667   221.941328805532
0.000063333333   219.487444731187
0.000064000000   217.066370225379
0.000064666667   214.677743379437
0.000065333333   212.321207135048
0.000066000000   209.996409230893
0.000066666667   207.703002149979
0.000067333333   205.440643067701
0.000068000000   203.208993800591
0.000068666667   201.007720755765
0.000069333333   198.836494881058
0.000070000000   196.694991615836
0.000070666667   194.582890842481
0.000071333333   192.499876838537
0.000072000000   190.445638229515
0.000072666667   188.419867942351
0.000073333333   186.422263159500
0.000074000000   184.452525273673
0.000074666667   182.510359843196
0.000075333333   180.595476548003
0.000076000000   178.707589146232
0.000076666667   176.846415431441
0.000077333333   175.011677190418
0.000078000000   173.203100161600
0.000078666667   171.420413994068
0.000079333333   169.663352207142
0.000080000000   167.931652150539
0.000080666667   166.225054965117
0.000081333333   164.543305544178
0.000082000000   162.886152495335
0.000082666667   161.253348102929
0.000083333333   159.644648291006
0.000084000000   158.059812586829
0.000084666667   156.498604084930
0.000085333333   154.960789411700
0.000086000000   153.446138690499
0.000086666667   151.954425507300
0.000087333333   150.485426876837
0.000088000000   149.038923209278
0.000088666667   147.614698277398
0.000089333333   146.212539184255
0.000090000000   144.832236331370
0.000090666667   143.473583387391
0.000091333333   142.136377257252
0.000092000000   140.820418051817
0.000092666667   139.525509057993
0.000093333333   138.251456709330
0.000094000000   136.998070557088
0.000094666667   135.765163241760
0.000095333333   134.552550465074
0.000096000000   133.360050962438
0.000096666667   132.187486475848
0.000097333333   131.034681727235
0.000098000000   129.901464392273
0.000098666667   128.787665074612
0.000099333333   127.693117280560
0.000100000000   126.617657394194
0.000100666667   125.561124652903
0.000101333333   124.523361123354
0.000102000000   123.504211677888
0.000102666667   122.503523971328
0.000103333333   121.521148418208
0.000104000000   120.556938170410
0.000104666667   119.610749095214
0.000105333333   118.682439753755
0.000106000000   117.771871379877
0.000106666667   116.878907859392
0.000107333333   116.003415709730
0.000108000000   115.145264059990
0.000108666667   114.304324631377
0.000109333333   113.480471718021
0.000110000000   112.673582168192
0.000110666667   111.883535365888
0.000111333333   111.110213212807
0.000112000000   110.353500110691
0.000112666667   109.613282944047
0.000113333333   108.889451063240
0.000114000000   108.181896267949
0.000114666667   107.490512790998
0.000115333333   106.815197282540
0.000116000000   106.155848794612
0.000116666667   105.512368766045
0.000117333333   104.884661007727
0.000118000000   104.272631688229
0.000118666667   103.676189319776
0.000119333333   103.095244744572
0.000120000000   102.529711121473


0.000120000000   102.529711121473
0.000122500000   101.845251977337
0.000125000000   101.164304126493
0.000127500000   100.486844092071
0.000130000000   99.812848517451
0.000132500000   99.142294165456
0.000135000000   98.475157917552
0.000137500000   97.811416773048
0.000140000000   97.151047848308
0.000142500000   96.494028375956
0.000145000000   95.840335704097
0.000147500000   95.189947295532
0.000150000000   94.542840726983
0.000152500000   93.898993688318
0.000155000000   93.258383981783
0.000157500000   92.620989521238
0.000160000000   91.986788331394
0.000162500000   91.355758547055
0.000165000000   90.727878412363
0.000167500000   90.103126280054
0.000170000000   89.481480610704
0.000172500000   88.862919971991
0.000175000000   88.247423037954
0.000177500000   87.634968588259
0.000180000000   87.025535507467
0.000182500000   86.419102784306
0.000185000000   85.815649510948
0.000187500000   85.215154882283
0.000190000000   84.617598195210
0.000192500000   84.022958847916
0.000195000000   83.431216339168
0.000197500000   82.842350267607
0.000200000000   82.256340331047
0.000202500000   81.673166325768
0.000205000000   81.092808145826
0.000207500000   80.515245782357
0.000210000000   79.940459322888
0.000212500000   79.368428950651
0.000215000000   78.799134943896
0.000217500000   78.232557675216
0.000220000000   77.668677610870
0.000222500000   77.107475310105
0.000225000000   76.548931424488
0.000227500000   75.993026697244
0.000230000000   75.439741962582
0.000232500000   74.889058145045
0.000235000000   74.340956258842
0.000237500000   73.795417407204
0.000240000000   73.252422781722
0.000242500000   72.711953661708
0.000245000000   72.173991413542
0.000247500000   71.638517490034
0.000250000000   71.105513429785
0.000252500000   70.574960856545
0.000255000000   70.046841478587
0.000257500000   69.521137088072
0.000260000000   68.997829560419
0.000262500000   68.476900853687
0.000265000000   67.958333007946
0.000267500000   67.442108144662
0.000270000000   66.928208466081
0.000272500000   66.416616254611
0.000275000000   65.907313872215
0.000277500000   65.400283759803
0.000280000000   64.895508436624
0.000282500000   64.392970499666
0.000285000000   63.892652623053
0.000287500000   63.394537557451
0.000290000000   62.898608129473
0.000292500000   62.404847241082
0.000295000000   61.913237869008
0.000297500000   61.423763064158
0.000300000000   60.936405951031
0.000302500000   60.451149727138
0.000305000000   59.967977662421
0.000307500000   59.486873098679
0.000310000000   59.007819448988
0.000312500000   58.530800197136
0.000315000000   58.055798897051
0.000317500000   57.582799172230
0.000320000000   57.111784715180
0.000322500000   56.642739286854
0.000325000000   56.175646716089
0.000327500000   55.710490899053
0.000330000000   55.247255798684
0.000332500000   54.785925444141
0.000335000000   54.326483930253
0.000337500000   53.868915416970
0.000340000000   53.413204128816
0.000342500000   52.959334354348
0.000345000000   52.507290445611
0.000347500000   52.057056817600
0.000350000000   51.608617947722
0.000352500000   51.161958375263
0.000355000000   50.717062700852
0.000357500000   50.273915585933
0.000360000000   49.832501752233
0.000362500000   49.392805981238
0.000365000000   48.954813113667
0.000367500000   48.518508048948
0.000370000000   48.083875744702
0.000372500000   47.650901216219
0.000375000000   47.219569535945
0.000377500000   46.789865832964
0.000380000000   46.361775292491
0.000382500000   45.935283155353
0.000385000000   45.510374717490
0.000387500000   45.087035329437
0.000390000000   44.665250395830
0.000392500000   44.245005374895
0.000395000000   43.826285777949
0.000397500000   43.409077168901
0.000400000000   42.993365163754
0.000402500000   42.579135430109
0.000405000000   42.166373686672
0.000407500000   41.755065702760
0.000410000000   41.345197297808
0.000412500000   40.936754340888
0.000415000000   40.529722750212
0.000417500000   40.124088492656
0.000420000000   39.719837583267
0.000422500000   39.316956084789
0.000425000000   38.915430107177
0.000427500000   38.515245807119
0.000430000000   38.116389387563
0.000432500000   37.718847097234
0.000435000000   37.322605230167
0.000437500000   36.927650125230
0.000440000000   36.533968165654
0.000442500000   36.141545778565
0.000445000000   35.750369434515
0.000447500000   35.360425647014
0.000450000000   34.971700972068
0.000452500000   34.584182007713
0.000455000000   34.197855393555
0.000457500000   33.812707810309
0.000460000000   33.428725979336
0.000462500000   33.045896662192
0.000465000000   32.664206660166
0.000467500000   32.283642813826
0.000470000000   31.904192002569
0.000472500000   31.525841144164
0.000475000000   31.148577194302
0.000477500000   30.772387146149
0.000480000000   30.397258029894
0.000482500000   30.023176912306
0.000485000000   29.650130896282
0.000487500000   29.278107120408
0.000490000000   28.907092758514
0.000492500000   28.537075019230
0.000495000000   28.168041145548
0.000497500000   27.799978414377
0.000500000000   27.432874136113
0.000502500000   27.066715654192
0.000505000000   26.701490344660
0.000507500000   26.337185615736
0.000510000000   25.973788907375
0.000512500000   25.611287690842
0.000515000000   25.249669468271
0.000517500000   24.888921772242
0.000520000000   24.529032165346
0.000522500000   24.169988239761
0.000525000000   23.811777616817
0.000527500000   23.454387946577
0.000530000000   23.097806907407
0.000532500000   22.742022205552
0.000535000000   22.387021574710
0.000537500000   22.032792775615
0.000540000000   21.679323595607
0.000542500000   21.326601848220
0.000545000000   20.974615372753
0.000547500000   20.623352033856
0.000550000000   20.272799721112
0.000552500000   19.922946348615
0.000555000000   19.573779854559
0.000557500000   19.225288200818
0.000560000000   18.877459372531
0.000562500000   18.530281377692
0.000565000000   18.183742246732
0.000567500000   17.837830032107
0.000570000000   17.492532807888
0.000572500000   17.147838669350
0.000575000000   16.803735732559
0.000577500000   16.460212133964
0.000580000000   16.117256029987
0.000582500000   15.774855596617
0.000585000000   15.432999029000
0.000587500000   15.091674541033
0.000590000000   14.750870364955
0.000592500000   14.410574750947
0.000595000000   14.070775966723
0.000597500000   13.731462297123
0.000600000000   13.392622043717
0.000602500000   13.054243524392
0.000605000000   12.716315072958
0.000607500000   12.378825038740
0.000610000000   12.041761786178
0.000612500000   11.705113694426
0.000615000000   11.368869156953
0.000617500000   11.033016581140
0.000620000000   10.697544387881


