0.000000000000   3214871.304378759582
0.000000133333   3212862.702852553688
0.000000266667   3210854.455255303066
0.000000400000   3208846.561365779024
0.000000533333   3206839.020962792449
0.000000666667   3204831.833825192414
0.000000800000   3202824.999731866643
0.000000933333   3200818.518461742438
0.000001066667   3198812.389793786220
0.000001200000   3196806.613507002592
0.000001333333   3194801.189380436204
0.000001466667   3192796.117193168495
0.000001600000   3190791.396724320017
0.000001733333   3188787.027753051836
0.000001866667   3186783.010058562737
0.000002000000   3184779.343420090619
0.000002133333   3182776.027616910636
0.000002266667   3180773.062428337522
0.000002400000   3178770.447633725591
0.000002533333   3176768.183012465946
0.000002666667   3174766.268343989737
0.000002800000   3172764.703407764435
0.000002933333   3170763.487983299419
0.000003066667   3168762.621850138996
0.000003200000   3166762.104787869845
0.000003333333   3164761.936576113570
0.000003466667   3162762.116994532291
0.000003600000   3160762.645822825842
0.000003733333   3158763.522840731312
0.000003866667   3156764.747828026768
0.000004000000   3154766.320564526133
0.000004133333   3152768.240830082912
0.000004266667   3150770.508404589258
0.000004400000   3148773.123067974113
0.000004533333   3146776.084600205068
0.000004666667   3144779.392781289760
0.000004800000   3142783.047391271684
0.000004933333   3140787.048210233916
0.000005066667   3138791.395018297248
0.000005200000   3136796.087595620193
0.000005333333   3134801.125722399913
0.000005466667   3132806.509178871755
0.000005600000   3130812.237745307386
0.000005733333   3128818.311202019453
0.000005866667   3126824.729329356458
0.000006000000   3124831.491907706019
0.000006133333   3122838.598717492539
0.000006266667   3120846.049539179076
0.000006400000   3118853.844153265469
0.000006533333   3116861.982340292074
0.000006666667   3114870.463880833238
0.000006800000   3112879.288555505220
0.000006933333   3110888.456144958735
0.000007066667   3108897.966429884080
0.000007200000   3106907.819191009738
0.000007333333   3104918.014209100511
0.000007466667   3102928.551264960319
0.000007600000   3100939.430139428470
0.000007733333   3098950.650613383390
0.000007866667   3096962.212467741687
0.000008000000   3094974.115483456757
0.000008133333   3092986.359441521112
0.000008266667   3090998.944122962188
0.000008400000   3089011.869308847003
0.000008533333   3087025.134780278895
0.000008666667   3085038.740318399388
0.000008800000   3083052.685704387724
0.000008933333   3081066.970719459467
0.000009066667   3079081.595144868363
0.000009200000   3077096.558761906344
0.000009333333   3075111.861351900734
0.000009466667   3073127.502696217038
0.000009600000   3071143.482576259412
0.000009733333   3069159.800773466937
0.000009866667   3067176.457069318742
0.000010000000   3065193.451245328411
0.000010133333   3063210.783083048649
0.000010266667   3061228.452364068944
0.000010400000   3059246.458870015573
0.000010533333   3057264.802382551599
0.000010666667   3055283.482683379203
0.000010800000   3053302.499554235023
0.000010933333   3051321.852776892949
0.000011066667   3049341.542133165989
0.000011200000   3047361.567404903471
0.000011333333   3045381.928373991512
0.000011466667   3043402.624822352082
0.000011600000   3041423.656531944871
0.000011733333   3039445.023284768220
0.000011866667   3037466.724862855393
0.000012000000   3035488.761048276909
0.000012133333   3033511.131623140071
0.000012266667   3031533.836369589902
0.000012400000   3029556.875069806352
0.000012533333   3027580.247506007552
0.000012666667   3025603.953460449353
0.000012800000   3023627.992715422530
0.000012933333   3021652.365053255577
0.000013066667   3019677.070256312843
0.000013200000   3017702.108106995467
0.000013333333   3015727.478387742303
0.000013466667   3013753.180881027598
0.000013600000   3011779.215369362850
0.000013733333   3009805.581635297276
0.000013866667   3007832.279461414088
0.000014000000   3005859.308630335145
0.000014133333   3003886.668924717233
0.000014266667   3001914.360127254389
0.000014400000   2999942.382020676974
0.000014533333   2997970.734387752134
0.000014666667   2995999.417011283338
0.000014800000   2994028.429674109910
0.000014933333   2992057.772159108892
0.000015066667   2990087.444249191787
0.000015200000   2988117.445727307349
0.000015333333   2986147.776376439724
0.000015466667   2984178.435979611706
0.000015600000   2982209.424319879618
0.000015733333   2980240.741180337965
0.000015866667   2978272.386344116181
0.000016000000   2976304.359594380017
0.000016133333   2974336.660714332946
0.000016266667   2972369.289487211965
0.000016400000   2970402.245696291793
0.000016533333   2968435.529124882072
0.000016666667   2966469.139556329232
0.000016800000   2964503.076774016488
0.000016933333   2962537.340561363380
0.000017066667   2960571.930701822508
0.000017200000   2958606.846978886053
0.000017333333   2956642.089176079724
0.000017466667   2954677.657076966017
0.000017600000   2952713.550465143286
0.000017733333   2950749.769124244805
0.000017866667   2948786.312837940641
0.000018000000   2946823.181389936712
0.000018133333   2944860.374563973397
0.000018266667   2942897.892143829260
0.000018400000   2940935.733913315926
0.000018533333   2938973.899656283204
0.000018666667   2937012.389156615362
0.000018800000   2935051.202198230196
0.000018933333   2933090.338565086480
0.000019066667   2931129.798041173723
0.000019200000   2929169.580410519149
0.000019333333   2927209.685457185376
0.000019466667   2925250.112965270411
0.000019600000   2923290.862718907185
0.000019733333   2921331.934502265416
0.000019866667   2919373.328099549282
0.000020000000   2917415.043294997886


0.000020000000   32569430.474650464952
0.000020666667   32297275.473176654428
0.000021333333   32027604.347501900047
0.000022000000   31760396.358118835837
0.000022666667   31495630.954951699823
0.000023333333   31233287.775775879622
0.000024000000   30973346.644651934505
0.000024666667   30715787.570373944938
0.000025333333   30460590.744932048023
0.000026000000   30207736.541989050806
0.000026666667   29957205.515371050686
0.000027333333   29708978.397571895272
0.000028000000   29463036.098271377385
0.000028666667   29219359.702867060900
0.000029333333   28977930.471019633114
0.000030000000   28738729.835211645812
0.000030666667   28501739.399319522083
0.000031333333   28266940.937198806554
0.000032000000   28034316.391282446682
0.000032666667   27803847.871192023158
0.000033333333   27575517.652361892164
0.000034000000   27349308.174676015973
0.000034666667   27125202.041117496789
0.000035333333   26903182.016430627555
0.000036000000   26683231.025795370340
0.000036666667   26465332.153514213860
0.000037333333   26249468.641711216420
0.000038000000   26035623.889043230563
0.000038666667   25823781.449423145503
0.000039333333   25613925.030755069107
0.000040000000   25406038.493681363761
0.000040666667   25200105.850341413170
0.000041333333   24996111.263142064214
0.000042000000   24794039.043539602309
0.000042666667   24593873.650833193213
0.000043333333   24395599.690969701856
0.000044000000   24199201.915359780192
0.000044666667   24004665.219705164433
0.000045333333   23811974.642837055027
0.000046000000   23621115.365565478802
0.000046666667   23432072.709539618343
0.000047333333   23244832.136118948460
0.000048000000   23059379.245255097747
0.000048666667   22875699.774384405464
0.000049333333   22693779.597331035882
0.000050000000   22513604.723220564425
0.000050666667   22335161.295404013246
0.000051333333   22158435.590392164886
0.000052000000   21983414.016800127923
0.000052666667   21810083.114302083850
0.000053333333   21638429.552596092224
0.000054000000   21468440.130378890783
0.000054666667   21300101.774330653250
0.000055333333   21133401.538109544665
0.000056000000   20968326.601356070489
0.000056666667   20804864.268707092851
0.000057333333   20643001.968819476664
0.000058000000   20482727.253403283656
0.000058666667   20324027.796264391392
0.000059333333   20166891.392356555909
0.000060000000   20011305.956842742860
0.000060666667   19857259.524165719748
0.000061333333   19704740.247127842158
0.000062000000   19553736.395979907364
0.000062666667   19404236.357519067824
0.000063333333   19256228.634195700288
0.000064000000   19109701.843229170889
0.000064666667   18964644.715732406825
0.000065333333   18821046.095845248550
0.000066000000   18678894.939876500517
0.000066666667   18538180.315454602242
0.000067333333   18398891.400686830282
0.000068000000   18261017.483327053487
0.000068666667   18124547.959951858968
0.000069333333   17989472.335145112127
0.000070000000   17855780.220690757036
0.000070666667   17723461.334773913026
0.000071333333   17592505.501190122217
0.000072000000   17462902.648562751710
0.000072666667   17334642.809568412602
0.000073333333   17207716.120170421898
0.000074000000   17082112.818860184401
0.000074666667   16957823.245906468481
0.000075333333   16834837.842612527311
0.000076000000   16713147.150580937043
0.000076666667   16592741.810986209661
0.000077333333   16473612.563855025917
0.000078000000   16355750.247354095802
0.000078666667   16239145.797085523605
0.000079333333   16123790.245389724150
0.000080000000   16009674.720655733719
0.000080666667   15896790.446638928726
0.000081333333   15785128.741786075756
0.000082000000   15674681.018567662686
0.000082666667   15565438.782817456871
0.000083333333   15457393.633079240099
0.000084000000   15350537.259960699826
0.000084666667   15244861.445494376123
0.000085333333   15140358.062505621463
0.000086000000   15037019.073987599462
0.000086666667   14934836.532483164221
0.000087333333   14833802.579473659396
0.000088000000   14733909.444774536416
0.000088666667   14635149.445937784389
0.000089333333   14537514.987661089748
0.000090000000   14440998.561203718185
0.000090666667   14345592.743809031323
0.000091333333   14251290.198133630678
0.000092000000   14158083.671683073044
0.000092666667   14065965.996254093945
0.000093333333   13974930.087383339182
0.000094000000   13884968.943802505732
0.000094666667   13796075.646899912506
0.000095333333   13708243.360188409686
0.000096000000   13621465.328779596835
0.000096666667   13535734.878864338621
0.000097333333   13451045.417199501768
0.000098000000   13367390.430600885302
0.000098666667   13284763.485442321748
0.000099333333   13203158.227160884067
0.000100000000   13122568.379768172279
0.000100666667   13042987.745367655531
0.000101333333   12964410.203678011894
0.000102000000   12886829.711562436074
0.000102666667   12810240.302563881502
0.000103333333   12734636.086446199566
0.000104000000   12660011.248741144314
0.000104666667   12586360.050301196054
0.000105333333   12513676.826858185232
0.000106000000   12441955.988587673753
0.000106666667   12371192.019679062068
0.000107333333   12301379.477911379188
0.000108000000   12232512.994234748185
0.000108666667   12164587.272357463837
0.000109333333   12097597.088338673115
0.000110000000   12031537.290186624974
0.000110666667   11966402.797462444752
0.000111333333   11902188.600889410824
0.000112000000   11838889.761967709288
0.000112666667   11776501.412594640628
0.000113333333   11715018.754690209404
0.000114000000   11654437.059828141704
0.000114666667   11594751.668872224167
0.000115333333   11535957.991617992520
0.000116000000   11478051.506439704448
0.000116666667   11421027.759942607954
0.000117333333   11364882.366620438173
0.000118000000   11309611.008518150076
0.000118666667   11255209.434899827465
0.000119333333   11201673.461921777576
0.000120000000   11148998.972310775891


0.000120000000   473832.456323208055
0.000122500000   471575.892562990834
0.000125000000   469325.210621514067
0.000127500000   467080.382426725177
0.000130000000   464841.379979583668
0.000132500000   462608.175353711820
0.000135000000   460380.740695046086
0.000137500000   458159.048221490055
0.000140000000   455943.070222567709
0.000142500000   453732.779059078195
0.000145000000   451528.147162750422
0.000147500000   449329.147035899688
0.000150000000   447135.751251084497
0.000152500000   444947.932450764813
0.000155000000   442765.663346960209
0.000157500000   440588.916720910231
0.000160000000   438417.665422734455
0.000162500000   436251.882371093903
0.000165000000   434091.540552853548
0.000167500000   431936.613022744947
0.000170000000   429787.072903030377
0.000172500000   427642.893383167626
0.000175000000   425504.047719475697
0.000177500000   423370.509234800935
0.000180000000   421242.251318184542
0.000182500000   419119.247424530622
0.000185000000   417001.471074274974
0.000187500000   414888.895853055175
0.000190000000   412781.495411380543
0.000192500000   410679.243464303960
0.000195000000   408582.113791093754
0.000197500000   406490.080234906985
0.000200000000   404403.116702462779
0.000202500000   402321.197163717356
0.000205000000   400244.295651538763
0.000207500000   398172.386261383363
0.000210000000   396105.443150973006
0.000212500000   394043.440539972216
0.000215000000   391986.352709666593
0.000217500000   389934.154002642550
0.000220000000   387886.818822467059
0.000222500000   385844.321633368148
0.000225000000   383806.636959916446
0.000227500000   381773.739386708068
0.000230000000   379745.603558046743
0.000232500000   377722.204177628038
0.000235000000   375703.516008223756
0.000237500000   373689.513871367439
0.000240000000   371680.172647039581
0.000242500000   369675.467273355171
0.000245000000   367675.372746250534
0.000247500000   365679.864119171572
0.000250000000   363688.916502762761
0.000252500000   361702.505064556783
0.000255000000   359720.605028664344
0.000257500000   357743.191675465787
0.000260000000   355770.240341302240
0.000262500000   353801.726418168342
0.000265000000   351837.625353405019
0.000267500000   349877.912649393489
0.000270000000   347922.563863249612
0.000272500000   345971.554606518941
0.000275000000   344024.860544872761
0.000277500000   342082.457397804363
0.000280000000   340144.320938326418
0.000282500000   338210.426992668479
0.000285000000   336280.751439975691
0.000287500000   334355.270212007803
0.000290000000   332433.959292839339
0.000292500000   330516.794718559482
0.000295000000   328603.752576973697
0.000297500000   326694.809007305128
0.000300000000   324789.940199897101
0.000302500000   322889.122395916376
0.000305000000   320992.331887056469
0.000307500000   319099.545015242067
0.000310000000   317210.738172334037
0.000312500000   315325.887799834891
0.000315000000   313444.970388594898
0.000317500000   311567.962478519068
0.000320000000   309694.840658274246
0.000322500000   307825.581564997323
0.000325000000   305960.161884003785
0.000327500000   304098.558348496910
0.000330000000   302240.747739277431
0.000332500000   300386.706884454296
0.000335000000   298536.412659155321
0.000337500000   296689.841985238774
0.000340000000   294846.971831005765
0.000342500000   293007.779210912704
0.000345000000   291172.241185284802
0.000347500000   289340.334860029863
0.000350000000   287512.037386352720
0.000352500000   285687.325960470422
0.000355000000   283866.177823327482
0.000357500000   282048.570260312350
0.000360000000   280234.480600973882
0.000362500000   278423.886218738626
0.000365000000   276616.764530628803
0.000367500000   274813.092996980122
0.000370000000   273012.849121161271
0.000372500000   271216.010449293070
0.000375000000   269422.554569968022
0.000377500000   267632.459113971621
0.000380000000   265845.701754002657
0.000382500000   264062.260204394814
0.000385000000   262282.112220839073
0.000387500000   260505.235600105836
0.000390000000   258731.608179768344
0.000392500000   256961.207837926078
0.000395000000   255194.012492928799
0.000397500000   253430.000103101309
0.000400000000   251669.148666468245
0.000402500000   249911.436220479867
0.000405000000   248156.840841738129
0.000407500000   246405.340645723190
0.000410000000   244656.913786520483
0.000412500000   242911.538456548209
0.000415000000   241169.192886285251
0.000417500000   239429.855343999749
0.000420000000   237693.504135478084
0.000422500000   235960.117603754305
0.000425000000   234229.674128839892
0.000427500000   232502.152127454116
0.000430000000   230777.530052754970
0.000432500000   229055.786394070106
0.000435000000   227336.899676629080
0.000437500000   225620.848461294954
0.000440000000   223907.611344297125
0.000442500000   222197.166956964444
0.000445000000   220489.493965458620
0.000447500000   218784.571070508042
0.000450000000   217082.377007142291
0.000452500000   215382.890544426686
0.000455000000   213686.090485197754
0.000457500000   211991.955665798450
0.000460000000   210300.464955814736
0.000462500000   208611.597257811547
0.000465000000   206925.331507069845
0.000467500000   205241.646671323833
0.000470000000   203560.521750498738
0.000472500000   201881.935776448750
0.000475000000   200205.867812695651
0.000477500000   198532.296954167396
0.000480000000   196861.202326937753
0.000482500000   195192.563087965536
0.000485000000   193526.358424835053
0.000487500000   191862.567555496178
0.000490000000   190201.169728005392
0.000492500000   188542.144220266724
0.000495000000   186885.470339773543
0.000497500000   185231.127423350204
0.000500000000   183579.094836894539
0.000502500000   181929.351975120255
0.000505000000   180281.878261300240
0.000507500000   178636.653147009725
0.000510000000   176993.656111869961
0.000512500000   175352.866663292371
0.000515000000   173714.264336222899
0.000517500000   172077.828692886804
0.000520000000   170443.539322533645
0.000522500000   168811.375841182802
0.000525000000   167181.317891369283
0.000527500000   165553.345141889644
0.000530000000   163927.437287548586
0.000532500000   162303.574048905517
0.000535000000   160681.735172021610
0.000537500000   159061.900428207446
0.000540000000   157444.049613770505
0.000542500000   155828.162549763161
0.000545000000   154214.219081730960
0.000547500000   152602.199079461454
0.000550000000   150992.082436732890
0.000552500000   149383.849071063567
0.000555000000   147777.478923461196
0.000557500000   146172.951958172984
0.000560000000   144570.248162435484
0.000562500000   142969.347546225152
0.000565000000   141370.230142008833
0.000567500000   139772.876004494843
0.000570000000   138177.265210384241
0.000572500000   136583.377858122258
0.000575000000   134991.194067649951
0.000577500000   133400.693980156531
0.000580000000   131811.857757831400
0.000582500000   130224.665583616879
0.000585000000   128639.097660960979
0.000587500000   127055.134213570462
0.000590000000   125472.755485164264
0.000592500000   123891.941739226968
0.000595000000   122312.673258762778
0.000597500000   120734.930346049427
0.000600000000   119158.693322392632
0.000602500000   117583.942527880528
0.000605000000   116010.658321138559
0.000607500000   114438.821079084519
0.000610000000   112868.411196683650
0.000612500000   111299.409086704269
0.000615000000   109731.795179473353
0.000617500000   108165.549922632534
0.000620000000   106600.653780894165


