0.000000000000   3309108.330987983849
0.000000133333   3307133.477519199252
0.000000266667   3305158.988364238292
0.000000400000   3303184.863305591047
0.000000533333   3301211.102125789504
0.000000666667   3299237.704607402440
0.000000800000   3297264.670533040538
0.000000933333   3295291.999685354996
0.000001066667   3293319.691847035661
0.000001200000   3291347.746800812893
0.000001333333   3289376.164329458494
0.000001466667   3287404.944215781521
0.000001600000   3285434.086242632940
0.000001733333   3283463.590192903299
0.000001866667   3281493.455849522725
0.000002000000   3279523.682995461859
0.000002133333   3277554.271413729060
0.000002266667   3275585.220887375064
0.000002400000   3273616.531199490186
0.000002533333   3271648.202133201528
0.000002666667   3269680.233471679036
0.000002800000   3267712.624998130370
0.000002933333   3265745.376495803706
0.000003066667   3263778.487747988198
0.000003200000   3261811.958538011648
0.000003333333   3259845.788649239112
0.000003466667   3257879.977865078487
0.000003600000   3255914.525968976319
0.000003733333   3253949.432744417340
0.000003866667   3251984.697974928189
0.000004000000   3250020.321444072295
0.000004133333   3248056.302935454994
0.000004266667   3246092.642232719809
0.000004400000   3244129.339119548909
0.000004533333   3242166.393379666377
0.000004666667   3240203.804796834011
0.000004800000   3238241.573154851329
0.000004933333   3236279.698237560689
0.000005066667   3234318.179828840308
0.000005200000   3232357.017712611239
0.000005333333   3230396.211672829930
0.000005466667   3228435.761493496131
0.000005600000   3226475.666958644520
0.000005733333   3224515.927852352615
0.000005866667   3222556.543958735187
0.000006000000   3220597.515061946586
0.000006133333   3218638.840946180746
0.000006266667   3216680.521395669319
0.000006400000   3214722.556194683071
0.000006533333   3212764.945127533749
0.000006666667   3210807.687978570815
0.000006800000   3208850.784532181919
0.000006933333   3206894.234572794754
0.000007066667   3204938.037884876598
0.000007200000   3202982.194252932444
0.000007333333   3201026.703461506870
0.000007466667   3199071.565295183100
0.000007600000   3197116.779538582545
0.000007733333   3195162.345976365730
0.000007866667   3193208.264393231831
0.000008000000   3191254.534573921002
0.000008133333   3189301.156303210184
0.000008266667   3187348.129365913104
0.000008400000   3185395.453546885867
0.000008533333   3183443.128631021827
0.000008666667   3181491.154403252527
0.000008800000   3179539.530648549553
0.000008933333   3177588.257151921280
0.000009066667   3175637.333698414732
0.000009200000   3173686.760073116980
0.000009333333   3171736.536061152350
0.000009466667   3169786.661447684281
0.000009600000   3167837.136017914396
0.000009733333   3165887.959557082970
0.000009866667   3163939.131850468926
0.000010000000   3161990.652683390304
0.000010133333   3160042.521841201000
0.000010266667   3158094.739109296352
0.000010400000   3156147.304273107555
0.000010533333   3154200.217118106317
0.000010666667   3152253.477429801598
0.000010800000   3150307.084993739612
0.000010933333   3148361.039595505688
0.000011066667   3146415.341020722408
0.000011200000   3144469.989055053797
0.000011333333   3142524.983484198805
0.000011466667   3140580.324093895499
0.000011600000   3138636.010669921059
0.000011733333   3136692.042998088989
0.000011866667   3134748.420864252839
0.000012000000   3132805.144054302480
0.000012133333   3130862.212354166899
0.000012266667   3128919.625549811870
0.000012400000   3126977.383427242283
0.000012533333   3125035.485772501677
0.000012666667   3123093.932371669915
0.000012800000   3121152.723010865971
0.000012933333   3119211.857476246543
0.000013066667   3117271.335554005112
0.000013200000   3115331.157030372415
0.000013333333   3113391.321691620164
0.000013466667   3111451.829324055929
0.000013600000   3109512.679714024533
0.000013733333   3107573.872647910845
0.000013866667   3105635.407912133727
0.000014000000   3103697.285293153487
0.000014133333   3101759.504577466287
0.000014266667   3099822.065551606007
0.000014400000   3097884.968002143316
0.000014533333   3095948.211715688463
0.000014666667   3094011.796478888951
0.000014800000   3092075.722078428604
0.000014933333   3090139.988301029895
0.000015066667   3088204.594933452550
0.000015200000   3086269.541762493085
0.000015333333   3084334.828574985731
0.000015466667   3082400.455157802906
0.000015600000   3080466.421297853813
0.000015733333   3078532.726782085840
0.000015866667   3076599.371397483628
0.000016000000   3074666.354931066744
0.000016133333   3072733.677169896197
0.000016266667   3070801.337901067454
0.000016400000   3068869.336911714170
0.000016533333   3066937.673989005387
0.000016666667   3065006.348920150660
0.000016800000   3063075.361492394935
0.000016933333   3061144.711493020877
0.000017066667   3059214.398709348869
0.000017200000   3057284.422928734217
0.000017333333   3055354.783938571345
0.000017466667   3053425.481526291929
0.000017600000   3051496.515479363967
0.000017733333   3049567.885585291311
0.000017866667   3047639.591631616931
0.000018000000   3045711.633405919187
0.000018133333   3043784.010695814621
0.000018266667   3041856.723288956564
0.000018400000   3039929.770973034669
0.000018533333   3038003.153535776306
0.000018666667   3036076.870764944702
0.000018800000   3034150.922448340803
0.000018933333   3032225.308373801876
0.000019066667   3030300.028329202905
0.000019200000   3028375.082102455199
0.000019333333   3026450.469481505454
0.000019466667   3024526.190254339017
0.000019600000   3022602.244208977558
0.000019733333   3020678.631133479066
0.000019866667   3018755.350815937854
0.000020000000   3016832.403044485953


0.000020000000   31981579.386917851865
0.000020666667   31714336.556498799473
0.000021333333   31449532.769989855587
0.000022000000   31187147.662214487791
0.000022666667   30927161.054008658975
0.000023333333   30669552.950668968260
0.000024000000   30414303.540414880961
0.000024666667   30161393.192865081131
0.000025333333   29910802.457527779043
0.000026000000   29662512.062304817140
0.000026666667   29416502.912009533495
0.000027333333   29172756.086898218840
0.000028000000   28931252.841215033084
0.000028666667   28691974.601750358939
0.000029333333   28454902.966412398964
0.000030000000   28220019.702811911702
0.000030666667   27987306.746860045940
0.000031333333   27756746.201379060745
0.000032000000   27528320.334725946188
0.000032666667   27302011.579428713769
0.000033333333   27077802.530835360289
0.000034000000   26855675.945775318891
0.000034666667   26635614.741233356297
0.000035333333   26417601.993035774678
0.000036000000   26201620.934548806399
0.000036666667   25987654.955389190465
0.000037333333   25775687.600146681070
0.000038000000   25565702.567118544132
0.000038666667   25357683.707055848092
0.000039333333   25151615.021921448410
0.000040000000   24947480.663659673184
0.000040666667   24745264.932977478951
0.000041333333   24544952.278137076646
0.000042000000   24346527.293759875000
0.000042666667   24149974.719641756266
0.000043333333   23955279.439579419792
0.000044000000   23762426.480207849294
0.000044666667   23571401.009848792106
0.000045333333   23382188.337370067835
0.000046000000   23194773.911055747420
0.000046666667   23009143.317487023771
0.000047333333   22825282.280433714390
0.000048000000   22643176.659756321460
0.000048666667   22462812.450318582356
0.000049333333   22284175.780910361558
0.000050000000   22107252.913180865347
0.000050666667   21932030.240582089871
0.000051333333   21758494.287322349846
0.000052000000   21586631.707329947501
0.000052666667   21416429.283226713538
0.000053333333   21247873.925311561674
0.000054000000   21080952.670553762466
0.000054666667   20915652.681596018374
0.000055333333   20751961.245767172426
0.000056000000   20589865.774104539305
0.000056666667   20429353.800385706127
0.000057333333   20270412.980169825256
0.000058000000   20113031.089848209172
0.000058666667   19957196.025704283267
0.000059333333   19802895.802982706577
0.000060000000   19650118.554967686534
0.000060666667   19498852.532070342451
0.000061333333   19349086.100925069302
0.000062000000   19200807.743494864553
0.000062666667   19054006.056185528636
0.000063333333   18908669.748968623579
0.000064000000   18764787.644513219595
0.000064666667   18622348.677326261997
0.000065333333   18481341.892901588231
0.000066000000   18341756.446877431124
0.000066666667   18203581.604202419519
0.000067333333   18066806.738309979439
0.000068000000   17931421.330301098526
0.000068666667   17797414.968135334551
0.000069333333   17664777.345830056816
0.000070000000   17533498.262667857111
0.000070666667   17403567.622412052006
0.000071333333   17274975.432530198246
0.000072000000   17147711.803425617516
0.000072666667   17021766.947676803917
0.000073333333   16897131.179284717888
0.000074000000   16773794.912927862257
0.000074666667   16651748.663225112483
0.000075333333   16530983.044006228447
0.000076000000   16411488.767589982599
0.000076666667   16293256.644069897011
0.000077333333   16176277.580607449636
0.000078000000   16060542.580732807517
0.000078666667   15946042.743652915582
0.000079333333   15832769.263566965237
0.000080000000   15720713.428989186883
0.000080666667   15609866.622078850865
0.000081333333   15500220.317977540195
0.000082000000   15391766.084153484553
0.000082666667   15284495.579753080383
0.000083333333   15178400.554959397763
0.000084000000   15073472.850357731804
0.000084666667   14969704.396308083087
0.000085333333   14867087.212324541062
0.000086000000   14765613.406461546198
0.000086666667   14665275.174706935883
0.000087333333   14566064.800381762907
0.000088000000   14467974.653546843678
0.000088666667   14370997.190415950492
0.000089333333   14275124.952775649726
0.000090000000   14180350.567411722615
0.000090666667   14086666.745542101562
0.000091333333   13994066.282256327569
0.000092000000   13902542.055961439386
0.000092666667   13812087.027834270149
0.000093333333   13722694.241280129179
0.000094000000   13634356.821397773921
0.000094666667   13547067.974450699985
0.000095333333   13460820.987344650552
0.000096000000   13375609.227111341432
0.000096666667   13291426.140398327261
0.000097333333   13208265.252965020016
0.000098000000   13126120.169184774160
0.000098666667   13044984.571553008631
0.000099333333   12964852.220201360062
0.000100000000   12885716.952417798340
0.000100666667   12807572.682172657922
0.000101333333   12730413.399650596082
0.000102000000   12654233.170788390562
0.000102666667   12579026.136818578467
0.000103333333   12504786.513818867505
0.000104000000   12431508.592267313972
0.000104666667   12359186.736603232101
0.000105333333   12287815.384793773293
0.000106000000   12217389.047906177118
0.000106666667   12147902.309685630724
0.000107333333   12079349.826138719916
0.000108000000   12011726.325122442096
0.000108666667   11945026.605938741937
0.000109333333   11879245.538934553042
0.000110000000   11814378.065107280388
0.000110666667   11750419.195715740323
0.000111333333   11687364.011896481737
0.000112000000   11625207.664285501465
0.000112666667   11563945.372645292431
0.000113333333   11503572.425497209653
0.000114000000   11444084.179759133607
0.000114666667   11385476.060388376936
0.000115333333   11327743.560029843822
0.000116000000   11270882.238669369370
0.000116666667   11214887.723292268813
0.000117333333   11159755.707547007129
0.000118000000   11105481.951414031908
0.000118666667   11052062.280879668891
0.000119333333   10999492.587615126744
0.000120000000   10947768.828660521656


0.000120000000   465280.175218072254
0.000122500000   463064.340553870948
0.000125000000   460854.281546481652
0.000127500000   458649.970630529104
0.000130000000   456451.380312332127
0.000132500000   454258.483169560903
0.000135000000   452071.251850894361
0.000137500000   449889.659075679898
0.000140000000   447713.677633592568
0.000142500000   445543.280384295853
0.000145000000   443378.440257103241
0.000147500000   441219.130250640039
0.000150000000   439065.323432507634
0.000152500000   436916.992938946467
0.000155000000   434774.111974501517
0.000157500000   432636.653811688360
0.000160000000   430504.591790659179
0.000162500000   428377.899318870681
0.000165000000   426256.549870752322
0.000167500000   424140.516987375333
0.000170000000   422029.774276122800
0.000172500000   419924.295410360617
0.000175000000   417824.054129108670
0.000177500000   415729.024236713769
0.000180000000   413639.179602522927
0.000182500000   411554.494160556991
0.000185000000   409474.941909185960
0.000187500000   407400.496910804417
0.000190000000   405331.133291508188
0.000192500000   403266.825240771519
0.000195000000   401207.547011125134
0.000197500000   399153.272917835275
0.000200000000   397103.977338583092
0.000202500000   395059.634713145322
0.000205000000   393020.219543075131
0.000207500000   390985.706391384418
0.000210000000   388956.069882226642
0.000212500000   386931.284700579708
0.000215000000   384911.325591930770
0.000217500000   382896.167361961212
0.000220000000   380885.784876232035
0.000222500000   378880.153059870936
0.000225000000   376879.246897258738
0.000227500000   374883.041431718390
0.000230000000   372891.511765202798
0.000232500000   370904.633057984815
0.000235000000   368922.380528347276
0.000237500000   366944.729452273808
0.000240000000   364971.655163140676
0.000242500000   363003.133051408746
0.000245000000   361039.138564316963
0.000247500000   359079.647205575660
0.000250000000   357124.634535061603
0.000252500000   355174.076168512693
0.000255000000   353227.947777223832
0.000257500000   351286.225087743951
0.000260000000   349348.883881572634
0.000262500000   347415.899994858482
0.000265000000   345487.249318097427
0.000267500000   343562.907795832434
0.000270000000   341642.851426352921
0.000272500000   339727.056261395861
0.000275000000   337815.498405846884
0.000277500000   335908.154017442139
0.000280000000   334004.999306471145
0.000282500000   332106.010535480047
0.000285000000   330211.164018975163
0.000287500000   328320.436123128224
0.000290000000   326433.803265480907
0.000292500000   324551.241914651182
0.000295000000   322672.728590039536
0.000297500000   320798.239861536364
0.000300000000   318927.752349229588
0.000302500000   317061.242723112868
0.000305000000   315198.687702794967
0.000307500000   313340.064057209238
0.000310000000   311485.348604323808
0.000312500000   309634.518210852286
0.000315000000   307787.549791965634
0.000317500000   305944.420311003923
0.000320000000   304105.106779189198
0.000322500000   302269.586255338450
0.000325000000   300437.835845577822
0.000327500000   298609.832703056920
0.000330000000   296785.554027663718
0.000332500000   294964.977065740444
0.000335000000   293148.079109799466
0.000337500000   291334.837498240522
0.000340000000   289525.229615067481
0.000342500000   287719.232889606850
0.000345000000   285916.824796225759
0.000347500000   284117.982854051283
0.000350000000   282322.684626690112
0.000352500000   280530.907721948402
0.000355000000   278742.629791552841
0.000357500000   276957.828530871542
0.000360000000   275176.481678636221
0.000362500000   273398.567016664136
0.000365000000   271624.062369581487
0.000367500000   269852.945604546170
0.000370000000   268085.194630972343
0.000372500000   266320.787400254514
0.000375000000   264559.701905492577
0.000377500000   262801.916181217588
0.000380000000   261047.408303117525
0.000382500000   259296.156387763942
0.000385000000   257548.138592338917
0.000387500000   255803.333114362700
0.000390000000   254061.718191421853
0.000392500000   252323.272100897768
0.000395000000   250587.973159695626
0.000397500000   248855.799723973963
0.000400000000   247126.730188874877
0.000402500000   245400.742988254322
0.000405000000   243677.816594413307
0.000407500000   241957.929517829354
0.000410000000   240241.060306888481
0.000412500000   238527.187547617476
0.000415000000   236816.289863416983
0.000417500000   235108.345914794918
0.000420000000   233403.334399100044
0.000422500000   231701.234050256578
0.000425000000   230002.023638498795
0.000427500000   228305.681970106292
0.000430000000   226612.187887139473
0.000432500000   224921.520267175831
0.000435000000   223233.658023046562
0.000437500000   221548.580102573294
0.000440000000   219866.265488305682
0.000442500000   218186.693197259301
0.000445000000   216509.842280653800
0.000447500000   214835.691823651781
0.000450000000   213164.220945097710
0.000452500000   211495.408797257667
0.000455000000   209829.234565559280
0.000457500000   208165.677468331967
0.000460000000   206504.716756547947
0.000462500000   204846.331713563326
0.000465000000   203190.501654859720
0.000467500000   201537.205927786214
0.000470000000   199886.423911301856
0.000472500000   198238.135015718406
0.000475000000   196592.318682443642
0.000477500000   194948.954383724631
0.000480000000   193308.021622392145
0.000482500000   191669.499931604572
0.000485000000   190033.368874592939
0.000487500000   188399.608044405817
0.000490000000   186768.197063654923
0.000492500000   185139.115584260959
0.000495000000   183512.343287199736
0.000497500000   181887.859882248740
0.000500000000   180265.645107734104
0.000502500000   178645.678730277868
0.000505000000   177027.940544545709
0.000507500000   175412.410372994695
0.000510000000   173799.068065621919
0.000512500000   172187.893499712896
0.000515000000   170578.866579590773
0.000517500000   168971.967236365628
0.000520000000   167367.175427684037
0.000522500000   165764.471137479326
0.000525000000   164163.834375721694
0.000527500000   162565.245178169047
0.000530000000   160968.683606117876
0.000532500000   159374.129746154591
0.000535000000   157781.563709907205
0.000537500000   156190.965633797197
0.000540000000   154602.315678791900
0.000542500000   153015.594030156848
0.000545000000   151430.780897208722
0.000547500000   149847.856513068662
0.000550000000   148266.801134415437
0.000552500000   146687.595041239401
0.000555000000   145110.218536596396
0.000557500000   143534.651946362254
0.000560000000   141960.875618987251
0.000562500000   140388.869925251143
0.000565000000   138818.615258018050
0.000567500000   137250.092031992244
0.000570000000   135683.280683473684
0.000572500000   134118.161670114088
0.000575000000   132554.715470673051
0.000577500000   130992.922584774744
0.000580000000   129432.763532664554
0.000582500000   127874.218854966181
0.000585000000   126317.269112438895
0.000587500000   124761.894885735062
0.000590000000   123208.076775158057
0.000592500000   121655.795400420131
0.000595000000   120105.031400400796
0.000597500000   118555.765432905289
0.000600000000   117007.978174423377
0.000602500000   115461.650319888198
0.000605000000   113916.762582435695
0.000607500000   112373.295693163891
0.000610000000   110831.230400892629
0.000612500000   109290.547471923375
0.000615000000   107751.227689799460
0.000617500000   106213.251855066250
0.000620000000   104676.600785031813


