0.000000000000   852.771099160282
0.000000133333   852.238301057619
0.000000266667   851.705596837527
0.000000400000   851.172986441324
0.000000533333   850.640469810338
0.000000666667   850.108046885905
0.000000800000   849.575717609375
0.000000933333   849.043481922106
0.000001066667   848.511339765466
0.000001200000   847.979291080836
0.000001333333   847.447335809605
0.000001466667   846.915473893172
0.000001600000   846.383705272947
0.000001733333   845.852029890352
0.000001866667   845.320447686816
0.000002000000   844.788958603781
0.000002133333   844.257562582697
0.000002266667   843.726259565026
0.000002400000   843.195049492241
0.000002533333   842.663932305821
0.000002666667   842.132907947261
0.000002800000   841.601976358062
0.000002933333   841.071137479736
0.000003066667   840.540391253807
0.000003200000   840.009737621807
0.000003333333   839.479176525280
0.000003466667   838.948707905779
0.000003600000   838.418331704867
0.000003733333   837.888047864119
0.000003866667   837.357856325118
0.000004000000   836.827757029459
0.000004133333   836.297749918745
0.000004266667   835.767834934591
0.000004400000   835.238012018622
0.000004533333   834.708281112471
0.000004666667   834.178642157786
0.000004800000   833.649095096219
0.000004933333   833.119639869436
0.000005066667   832.590276419113
0.000005200000   832.061004686935
0.000005333333   831.531824614597
0.000005466667   831.002736143804
0.000005600000   830.473739216273
0.000005733333   829.944833773729
0.000005866667   829.416019757908
0.000006000000   828.887297110556
0.000006133333   828.358665773428
0.000006266667   827.830125688291
0.000006400000   827.301676796920
0.000006533333   826.773319041102
0.000006666667   826.245052362633
0.000006800000   825.716876703318
0.000006933333   825.188792004975
0.000007066667   824.660798209429
0.000007200000   824.132895258516
0.000007333333   823.605083094084
0.000007466667   823.077361657987
0.000007600000   822.549730892092
0.000007733333   822.022190738275
0.000007866667   821.494741138423
0.000008000000   820.967382034431
0.000008133333   820.440113368206
0.000008266667   819.912935081665
0.000008400000   819.385847116731
0.000008533333   818.858849415343
0.000008666667   818.331941919446
0.000008800000   817.805124570995
0.000008933333   817.278397311957
0.000009066667   816.751760084306
0.000009200000   816.225212830030
0.000009333333   815.698755491124
0.000009466667   815.172388009591
0.000009600000   814.646110327450
0.000009733333   814.119922386723
0.000009866667   813.593824129448
0.000010000000   813.067815497668
0.000010133333   812.541896433438
0.000010266667   812.016066878824
0.000010400000   811.490326775899
0.000010533333   810.964676066749
0.000010666667   810.439114693468
0.000010800000   809.913642598160
0.000010933333   809.388259722938
0.000011066667   808.862966009927
0.000011200000   808.337761401261
0.000011333333   807.812645839082
0.000011466667   807.287619265544
0.000011600000   806.762681622810
0.000011733333   806.237832853053
0.000011866667   805.713072898456
0.000012000000   805.188401701211
0.000012133333   804.663819203520
0.000012266667   804.139325347595
0.000012400000   803.614920075659
0.000012533333   803.090603329942
0.000012666667   802.566375052686
0.000012800000   802.042235186141
0.000012933333   801.518183672570
0.000013066667   800.994220454241
0.000013200000   800.470345473436
0.000013333333   799.946558672444
0.000013466667   799.422859993564
0.000013600000   798.899249379107
0.000013733333   798.375726771391
0.000013866667   797.852292112745
0.000014000000   797.328945345508
0.000014133333   796.805686412027
0.000014266667   796.282515254661
0.000014400000   795.759431815776
0.000014533333   795.236436037751
0.000014666667   794.713527862971
0.000014800000   794.190707233833
0.000014933333   793.667974092744
0.000015066667   793.145328382118
0.000015200000   792.622770044382
0.000015333333   792.100299021970
0.000015466667   791.577915257327
0.000015600000   791.055618692907
0.000015733333   790.533409271174
0.000015866667   790.011286934602
0.000016000000   789.489251625673
0.000016133333   788.967303286879
0.000016266667   788.445441860724
0.000016400000   787.923667289719
0.000016533333   787.401979516385
0.000016666667   786.880378483252
0.000016800000   786.358864132862
0.000016933333   785.837436407765
0.000017066667   785.316095250519
0.000017200000   784.794840603694
0.000017333333   784.273672409869
0.000017466667   783.752590611632
0.000017600000   783.231595151580
0.000017733333   782.710685972321
0.000017866667   782.189863016471
0.000018000000   781.669126226656
0.000018133333   781.148475545511
0.000018266667   780.627910915683
0.000018400000   780.107432279825
0.000018533333   779.587039580603
0.000018666667   779.066732760688
0.000018800000   778.546511762764
0.000018933333   778.026376529524
0.000019066667   777.506327003669
0.000019200000   776.986363127912
0.000019333333   776.466484844972
0.000019466667   775.946692097580
0.000019600000   775.426984828475
0.000019733333   774.907362980408
0.000019866667   774.387826496135
0.000020000000   773.868375318425


0.000020000000   647.948231716054
0.000020666667   642.533879994587
0.000021333333   637.168943412051
0.000022000000   631.853009369055
0.000022666667   626.585669034834
0.000023333333   621.366517315800
0.000024000000   616.195152824391
0.000024666667   611.071177848201
0.000025333333   605.994198319397
0.000026000000   600.963823784404
0.000026666667   595.979667373887
0.000027333333   591.041345772988
0.000028000000   586.148479191855
0.000028666667   581.300691336428
0.000029333333   576.497609379504
0.000030000000   571.738863932058
0.000030666667   567.024089014841
0.000031333333   562.352922030230
0.000032000000   557.725003734343
0.000032666667   553.139978209410
0.000033333333   548.597492836401
0.000034000000   544.097198267909
0.000034666667   539.638748401277
0.000035333333   535.221800351990
0.000036000000   530.846014427295
0.000036666667   526.511054100083
0.000037333333   522.216585983005
0.000038000000   517.962279802833
0.000038666667   513.747808375060
0.000039333333   509.572847578737
0.000040000000   505.437076331545
0.000040666667   501.340176565103
0.000041333333   497.281833200507
0.000042000000   493.261734124097
0.000042666667   489.279570163453
0.000043333333   485.335035063618
0.000044000000   481.427825463546
0.000044666667   477.557640872772
0.000045333333   473.724183648298
0.000046000000   469.927158971709
0.000046666667   466.166274826491
0.000047333333   462.441241975584
0.000048000000   458.751773939126
0.000048666667   455.097586972429
0.000049333333   451.478400044155
0.000050000000   447.893934814699
0.000050666667   444.343915614791
0.000051333333   440.828069424287
0.000052000000   437.346125851175
0.000052666667   433.897817110782
0.000053333333   430.482878005177
0.000054000000   427.101045902777
0.000054666667   423.752060718147
0.000055333333   420.435664892000
0.000056000000   417.151603371388
0.000056666667   413.899623590085
0.000057333333   410.679475449168
0.000058000000   407.490911297777
0.000058666667   404.333685914070
0.000059333333   401.207556486368
0.000060000000   398.112282594477
0.000060666667   395.047626191199
0.000061333333   392.013351584026
0.000062000000   389.009225417013
0.000062666667   386.035016652829
0.000063333333   383.090496554993
0.000064000000   380.175438670278
0.000064666667   377.289618811301
0.000065333333   374.432815039274
0.000066000000   371.604807646942
0.000066666667   368.805379141684
0.000067333333   366.034314228784
0.000068000000   363.291399794878
0.000068666667   360.576424891558
0.000069333333   357.889180719156
0.000070000000   355.229460610678
0.000070666667   352.597060015919
0.000071333333   349.991776485721
0.000072000000   347.413409656414
0.000072666667   344.861761234399
0.000073333333   342.336634980902
0.000074000000   339.837836696879
0.000074666667   337.365174208083
0.000075333333   334.918457350285
0.000076000000   332.497497954648
0.000076666667   330.102109833253
0.000077333333   327.732108764785
0.000078000000   325.387312480362
0.000078666667   323.067540649517
0.000079333333   320.772614866332
0.000080000000   318.502358635715
0.000080666667   316.256597359825
0.000081333333   314.035158324651
0.000082000000   311.837870686719
0.000082666667   309.664565459962
0.000083333333   307.515075502719
0.000084000000   305.389235504883
0.000084666667   303.286881975186
0.000085333333   301.207853228625
0.000086000000   299.151989374030
0.000086666667   297.119132301765
0.000087333333   295.109125671568
0.000088000000   293.121814900529
0.000088666667   291.157047151201
0.000089333333   289.214671319847
0.000090000000   287.294538024815
0.000090666667   285.396499595054
0.000091333333   283.520410058755
0.000092000000   281.666125132127
0.000092666667   279.833502208294
0.000093333333   278.022400346339
0.000094000000   276.232680260453
0.000094666667   274.464204309230
0.000095333333   272.716836485080
0.000096000000   270.990442403768
0.000096666667   269.284889294080
0.000097333333   267.600045987611
0.000098000000   265.935782908679
0.000098666667   264.291972064358
0.000099333333   262.668487034635
0.000100000000   261.065202962689
0.000100666667   259.481996545285
0.000101333333   257.918746023295
0.000102000000   256.375331172333
0.000102666667   254.851633293507
0.000103333333   253.347535204293
0.000104000000   251.862921229519
0.000104666667   250.397677192474
0.000105333333   248.951690406123
0.000106000000   247.524849664442
0.000106666667   246.117045233866
0.000107333333   244.728168844849
0.000108000000   243.358113683538
0.000108666667   242.006774383556
0.000109333333   240.674047017903
0.000110000000   239.359829090959
0.000110666667   238.064019530604
0.000111333333   236.786518680445
0.000112000000   235.527228292149
0.000112666667   234.286051517891
0.000113333333   233.062892902901
0.000114000000   231.857658378128
0.000114666667   230.670255253002
0.000115333333   229.500592208307
0.000116000000   228.348579289157
0.000116666667   227.214127898078
0.000117333333   226.097150788195
0.000118000000   224.997562056522
0.000118666667   223.915277137356
0.000119333333   222.850212795769
0.000120000000   221.802287121215


0.000120000000   221.802287121215
0.000122500000   220.745983365802
0.000125000000   219.692432906055
0.000127500000   218.641622601371
0.000130000000   217.593539345320
0.000132500000   216.548170065487
0.000135000000   215.505501723308
0.000137500000   214.465521313906
0.000140000000   213.428215865932
0.000142500000   212.393572441397
0.000145000000   211.361578135519
0.000147500000   210.332220076554
0.000150000000   209.305485425642
0.000152500000   208.281361376641
0.000155000000   207.259835155973
0.000157500000   206.240894022460
0.000160000000   205.224525267167
0.000162500000   204.210716213246
0.000165000000   203.199454215772
0.000167500000   202.190726661591
0.000170000000   201.184520969159
0.000172500000   200.180824588387
0.000175000000   199.179625000483
0.000177500000   198.180909717798
0.000180000000   197.184666283669
0.000182500000   196.190882272262
0.000185000000   195.199545288420
0.000187500000   194.210642967507
0.000190000000   193.224162975252
0.000192500000   192.240093007600
0.000195000000   191.258420790552
0.000197500000   190.279134080019
0.000200000000   189.302220661663
0.000202500000   188.327668350749
0.000205000000   187.355464991989
0.000207500000   186.385598459396
0.000210000000   185.418056656127
0.000212500000   184.452827514335
0.000215000000   183.489898995019
0.000217500000   182.529259087873
0.000220000000   181.570895811135
0.000222500000   180.614797211440
0.000225000000   179.660951363668
0.000227500000   178.709346370799
0.000230000000   177.759970363760
0.000232500000   176.812811501281
0.000235000000   175.867857969747
0.000237500000   174.925097983046
0.000240000000   173.984519782428
0.000242500000   173.046111636355
0.000245000000   172.109861840356
0.000247500000   171.175758716879
0.000250000000   170.243790615148
0.000252500000   169.313945911016
0.000255000000   168.386213006821
0.000257500000   167.460580331240
0.000260000000   166.537036339147
0.000262500000   165.615569511464
0.000265000000   164.696168355026
0.000267500000   163.778821402427
0.000270000000   162.863517211888
0.000272500000   161.950244367103
0.000275000000   161.038991477107
0.000277500000   160.129747176127
0.000280000000   159.222500123443
0.000282500000   158.317239003246
0.000285000000   157.413952524497
0.000287500000   156.512629420786
0.000290000000   155.613258450192
0.000292500000   154.715828395141
0.000295000000   153.820328062269
0.000297500000   152.926746282280
0.000300000000   152.035071909808
0.000302500000   151.145293823277
0.000305000000   150.257400924762
0.000307500000   149.371382139855
0.000310000000   148.487226417517
0.000312500000   147.604922729953
0.000315000000   146.724460072464
0.000317500000   145.845827463313
0.000320000000   144.969013943592
0.000322500000   144.094008577079
0.000325000000   143.220800450105
0.000327500000   142.349378671419
0.000330000000   141.479732372049
0.000332500000   140.611850705168
0.000335000000   139.745722845960
0.000337500000   138.881337991483
0.000340000000   138.018685360533
0.000342500000   137.157754193516
0.000345000000   136.298533752305
0.000347500000   135.441013320112
0.000350000000   134.585182201352
0.000352500000   133.731029721513
0.000355000000   132.878545227016
0.000357500000   132.027718085090
0.000360000000   131.178537683632
0.000362500000   130.330993431081
0.000365000000   129.485074756284
0.000367500000   128.640771108359
0.000370000000   127.798071956572
0.000372500000   126.956966790200
0.000375000000   126.117445118401
0.000377500000   125.279496470083
0.000380000000   124.443110393774
0.000382500000   123.608276457493
0.000385000000   122.774984248617
0.000387500000   121.943223373752
0.000390000000   121.112983458605
0.000392500000   120.284254147852
0.000395000000   119.457025105013
0.000397500000   118.631286012318
0.000400000000   117.807026570581
0.000402500000   116.984236499071
0.000405000000   116.162905535386
0.000407500000   115.343023435321
0.000410000000   114.524579972742
0.000412500000   113.707564939461
0.000415000000   112.891968145103
0.000417500000   112.077779416985
0.000420000000   111.264988599986
0.000422500000   110.453585556419
0.000425000000   109.643560165908
0.000427500000   108.834902325259
0.000430000000   108.027601948336
0.000432500000   107.221648965934
0.000435000000   106.417033325652
0.000437500000   105.613744991772
0.000440000000   104.811773945129
0.000442500000   104.011110182988
0.000445000000   103.211743718922
0.000447500000   102.413664582681
0.000450000000   101.616862820074
0.000452500000   100.821328492842
0.000455000000   100.027051678533
0.000457500000   99.234022470382
0.000460000000   98.442230977182
0.000462500000   97.651667323166
0.000465000000   96.862321647880
0.000467500000   96.074184106063
0.000470000000   95.287244867521
0.000472500000   94.501494117007
0.000475000000   93.716922054097
0.000477500000   92.933518893070
0.000480000000   92.151274862782
0.000482500000   91.370180206548
0.000485000000   90.590225182019
0.000487500000   89.811400061059
0.000490000000   89.033695129625
0.000492500000   88.257100687648
0.000495000000   87.481607048908
0.000497500000   86.707204540914
0.000500000000   85.933883504787
0.000502500000   85.161634295134
0.000505000000   84.390447279933
0.000507500000   83.620312840409
0.000510000000   82.851221370915
0.000512500000   82.083163278815
0.000515000000   81.316128984359
0.000517500000   80.550108920569
0.000520000000   79.785093533115
0.000522500000   79.021073280200
0.000525000000   78.258038632438
0.000527500000   77.495980072736
0.000530000000   76.734888096177
0.000532500000   75.974753209896
0.000535000000   75.215565932971
0.000537500000   74.457316796294
0.000540000000   73.699996342462
0.000542500000   72.943595125653
0.000545000000   72.188103711512
0.000547500000   71.433512677029
0.000550000000   70.679812610426
0.000552500000   69.926994111039
0.000555000000   69.175047789198
0.000557500000   68.423964266110
0.000560000000   67.673734173746
0.000562500000   66.924348154720
0.000565000000   66.175796862175
0.000567500000   65.428070959664
0.000570000000   64.681161121037
0.000572500000   63.935058030318
0.000575000000   63.189752381599
0.000577500000   62.445234878915
0.000580000000   61.701496236131
0.000582500000   60.958527176828
0.000585000000   60.216318434185
0.000587500000   59.474860750865
0.000590000000   58.734144878896
0.000592500000   57.994161579562
0.000595000000   57.254901623282
0.000597500000   56.516355789498
0.000600000000   55.778514866559
0.000602500000   55.041369651604
0.000605000000   54.304910950453
0.000607500000   53.569129577486
0.000610000000   52.834016355532
0.000612500000   52.099562115753
0.000615000000   51.365757697531
0.000617500000   50.632593948353
0.000620000000   49.900061723697


