0.000000000000   877.768246838849
0.000000133333   877.244400686450
0.000000266667   876.720651171295
0.000000400000   876.196998235686
0.000000533333   875.673441821939
0.000000666667   875.149981872378
0.000000800000   874.626618329339
0.000000933333   874.103351135168
0.000001066667   873.580180232222
0.000001200000   873.057105562869
0.000001333333   872.534127069487
0.000001466667   872.011244694463
0.000001600000   871.488458380199
0.000001733333   870.965768069103
0.000001866667   870.443173703596
0.000002000000   869.920675226110
0.000002133333   869.398272579084
0.000002266667   868.875965704973
0.000002400000   868.353754546238
0.000002533333   867.831639045352
0.000002666667   867.309619144800
0.000002800000   866.787694787076
0.000002933333   866.265865914683
0.000003066667   865.744132470139
0.000003200000   865.222494395968
0.000003333333   864.700951634707
0.000003466667   864.179504128903
0.000003600000   863.658151821113
0.000003733333   863.136894653905
0.000003866667   862.615732569857
0.000004000000   862.094665511558
0.000004133333   861.573693421607
0.000004266667   861.052816242615
0.000004400000   860.532033917200
0.000004533333   860.011346387994
0.000004666667   859.490753597638
0.000004800000   858.970255488783
0.000004933333   858.449852004092
0.000005066667   857.929543086236
0.000005200000   857.409328677899
0.000005333333   856.889208721773
0.000005466667   856.369183160562
0.000005600000   855.849251936980
0.000005733333   855.329414993752
0.000005866667   854.809672273612
0.000006000000   854.290023719306
0.000006133333   853.770469273589
0.000006266667   853.251008879227
0.000006400000   852.731642478995
0.000006533333   852.212370015681
0.000006666667   851.693191432082
0.000006800000   851.174106671005
0.000006933333   850.655115675267
0.000007066667   850.136218387697
0.000007200000   849.617414751133
0.000007333333   849.098704708422
0.000007466667   848.580088202426
0.000007600000   848.061565176011
0.000007733333   847.543135572059
0.000007866667   847.024799333458
0.000008000000   846.506556403109
0.000008133333   845.988406723922
0.000008266667   845.470350238818
0.000008400000   844.952386890728
0.000008533333   844.434516622593
0.000008666667   843.916739377363
0.000008800000   843.399055098003
0.000008933333   842.881463727481
0.000009066667   842.363965208782
0.000009200000   841.846559484898
0.000009333333   841.329246498830
0.000009466667   840.812026193592
0.000009600000   840.294898512206
0.000009733333   839.777863397707
0.000009866667   839.260920793137
0.000010000000   838.744070641550
0.000010133333   838.227312886010
0.000010266667   837.710647469590
0.000010400000   837.194074335375
0.000010533333   836.677593426460
0.000010666667   836.161204685949
0.000010800000   835.644908056956
0.000010933333   835.128703482605
0.000011066667   834.612590906033
0.000011200000   834.096570270383
0.000011333333   833.580641518812
0.000011466667   833.064804594484
0.000011600000   832.549059440575
0.000011733333   832.033406000270
0.000011866667   831.517844216765
0.000012000000   831.002374033266
0.000012133333   830.486995392988
0.000012266667   829.971708239158
0.000012400000   829.456512515011
0.000012533333   828.941408163793
0.000012666667   828.426395128761
0.000012800000   827.911473353181
0.000012933333   827.396642780329
0.000013066667   826.881903353491
0.000013200000   826.367255015962
0.000013333333   825.852697711051
0.000013466667   825.338231382073
0.000013600000   824.823855972354
0.000013733333   824.309571425232
0.000013866667   823.795377684051
0.000014000000   823.281274692170
0.000014133333   822.767262392954
0.000014266667   822.253340729779
0.000014400000   821.739509646032
0.000014533333   821.225769085109
0.000014666667   820.712118990417
0.000014800000   820.198559305373
0.000014933333   819.685089973401
0.000015066667   819.171710937939
0.000015200000   818.658422142432
0.000015333333   818.145223530338
0.000015466667   817.632115045121
0.000015600000   817.119096630257
0.000015733333   816.606168229234
0.000015866667   816.093329785546
0.000016000000   815.580581242699
0.000016133333   815.067922544209
0.000016266667   814.555353633601
0.000016400000   814.042874454411
0.000016533333   813.530484950183
0.000016666667   813.018185064474
0.000016800000   812.505974740848
0.000016933333   811.993853922880
0.000017066667   811.481822554155
0.000017200000   810.969880578268
0.000017333333   810.458027938823
0.000017466667   809.946264579434
0.000017600000   809.434590443725
0.000017733333   808.923005475331
0.000017866667   808.411509617895
0.000018000000   807.900102815071
0.000018133333   807.388785010522
0.000018266667   806.877556147922
0.000018400000   806.366416170953
0.000018533333   805.855365023308
0.000018666667   805.344402648691
0.000018800000   804.833528990812
0.000018933333   804.322743993395
0.000019066667   803.812047600172
0.000019200000   803.301439754884
0.000019333333   802.790920401282
0.000019466667   802.280489483127
0.000019600000   801.770146944192
0.000019733333   801.259892728255
0.000019866667   800.749726779109
0.000020000000   800.239649040552


0.000020000000   636.253305914231
0.000020666667   630.936678730848
0.000021333333   625.668574784304
0.000022000000   620.448588922285
0.000022666667   615.276319693079
0.000023333333   610.151369314699
0.000024000000   605.073343644295
0.000024666667   600.041852147840
0.000025333333   595.056507870095
0.000026000000   590.116927404848
0.000026666667   585.222730865431
0.000027333333   580.373541855504
0.000028000000   575.568987440102
0.000028666667   570.808698116961
0.000029333333   566.092307788096
0.000030000000   561.419453731649
0.000030666667   556.789776573991
0.000031333333   552.202920262083
0.000032000000   547.658532036097
0.000032666667   543.156262402281
0.000033333333   538.695765106085
0.000034000000   534.276697105532
0.000034666667   529.898718544830
0.000035333333   525.561492728244
0.000036000000   521.264686094191
0.000036666667   517.007968189597
0.000037333333   512.791011644477
0.000038000000   508.613492146759
0.000038666667   504.475088417344
0.000039333333   500.375482185396
0.000040000000   496.314358163864
0.000040666667   492.291404025238
0.000041333333   488.306310377524
0.000042000000   484.358770740454
0.000042666667   480.448481521912
0.000043333333   476.575141994589
0.000044000000   472.738454272853
0.000044666667   468.938123289841
0.000045333333   465.173856774764
0.000046000000   461.445365230432
0.000046666667   457.752361910989
0.000047333333   454.094562799859
0.000048000000   450.471686587906
0.000048666667   446.883454651797
0.000049333333   443.329591032573
0.000050000000   439.809822414430
0.000050666667   436.323878103696
0.000051333333   432.871490008015
0.000052000000   429.452392615725
0.000052666667   426.066322975444
0.000053333333   422.713020675841
0.000054000000   419.392227825615
0.000054666667   416.103689033658
0.000055333333   412.847151389411
0.000056000000   409.622364443421
0.000056666667   406.429080188073
0.000057333333   403.267053038518
0.000058000000   400.136039813789
0.000058666667   397.035799718096
0.000059333333   393.966094322306
0.000060000000   390.926687545610
0.000060666667   387.917345637364
0.000061333333   384.937837159114
0.000062000000   381.987932966794
0.000062666667   379.067406193105
0.000063333333   376.176032230068
0.000064000000   373.313588711750
0.000064666667   370.479855497162
0.000065333333   367.674614653327
0.000066000000   364.897650438523
0.000066666667   362.148749285689
0.000067333333   359.427699785999
0.000068000000   356.734292672609
0.000068666667   354.068320804553
0.000069333333   351.429579150823
0.000070000000   348.817864774594
0.000070666667   346.232976817618
0.000071333333   343.674716484779
0.000072000000   341.142887028803
0.000072666667   338.637293735126
0.000073333333   336.157743906919
0.000074000000   333.704046850270
0.000074666667   331.276013859517
0.000075333333   328.873458202737
0.000076000000   326.496195107383
0.000076666667   324.144041746074
0.000077333333   321.816817222535
0.000078000000   319.514342557686
0.000078666667   317.236440675876
0.000079333333   314.982936391264
0.000080000000   312.753656394346
0.000080666667   310.548429238630
0.000081333333   308.367085327444
0.000082000000   306.209456900902
0.000082666667   304.075378022991
0.000083333333   301.964684568819
0.000084000000   299.877214211989
0.000084666667   297.812806412114
0.000085333333   295.771302402470
0.000086000000   293.752545177789
0.000086666667   291.756379482183
0.000087333333   289.782651797202
0.000088000000   287.831210330029
0.000088666667   285.901905001805
0.000089333333   283.994587436088
0.000090000000   282.109110947442
0.000090666667   280.245330530156
0.000091333333   278.403102847090
0.000092000000   276.582286218653
0.000092666667   274.782740611909
0.000093333333   273.004327629802
0.000094000000   271.246910500520
0.000094666667   269.510354066967
0.000095333333   267.794524776379
0.000096000000   266.099290670042
0.000096666667   264.424521373153
0.000097333333   262.770088084788
0.000098000000   261.135863567998
0.000098666667   259.521722140021
0.000099333333   257.927539662623
0.000100000000   256.353193532541
0.000100666667   254.798562672063
0.000101333333   253.263527519712
0.000102000000   251.747970021050
0.000102666667   250.251773619603
0.000103333333   248.774823247893
0.000104000000   247.317005318589
0.000104666667   245.878207715774
0.000105333333   244.458319786321
0.000106000000   243.057232331382
0.000106666667   241.674837597990
0.000107333333   240.311029270775
0.000108000000   238.965702463785
0.000108666667   237.638753712420
0.000109333333   236.330080965473
0.000110000000   235.039583577286
0.000110666667   233.767162300007
0.000111333333   232.512719275956
0.000112000000   231.276158030103
0.000112666667   230.057383462643
0.000113333333   228.856301841688
0.000114000000   227.672820796053
0.000114666667   226.506849308156
0.000115333333   225.358297707017
0.000116000000   224.227077661360
0.000116666667   223.113102172822
0.000117333333   222.016285569262
0.000118000000   220.936543498171
0.000118666667   219.873792920186
0.000119333333   218.827952102701
0.000120000000   217.798940613586


0.000120000000   217.798940613586
0.000122500000   216.761702260992
0.000125000000   215.727167509372
0.000127500000   214.695323455298
0.000130000000   213.666157228901
0.000132500000   212.639655993712
0.000135000000   211.615806946503
0.000137500000   210.594597317124
0.000140000000   209.576014368346
0.000142500000   208.560045395703
0.000145000000   207.546677727331
0.000147500000   206.535898723812
0.000150000000   205.527695778016
0.000152500000   204.522056314941
0.000155000000   203.518967791562
0.000157500000   202.518417696668
0.000160000000   201.520393550712
0.000162500000   200.524882905649
0.000165000000   199.531873344786
0.000167500000   198.541352482626
0.000170000000   197.553307964711
0.000172500000   196.567727467471
0.000175000000   195.584598698068
0.000177500000   194.603909394245
0.000180000000   193.625647324170
0.000182500000   192.649800286286
0.000185000000   191.676356109158
0.000187500000   190.705302651320
0.000190000000   189.736627801128
0.000192500000   188.770319476601
0.000195000000   187.806365625278
0.000197500000   186.844754224064
0.000200000000   185.885473279081
0.000202500000   184.928510825516
0.000205000000   183.973854927477
0.000207500000   183.021493677839
0.000210000000   182.071415198097
0.000212500000   181.123607638220
0.000215000000   180.178059176499
0.000217500000   179.234758019405
0.000220000000   178.293692401437
0.000222500000   177.354850584977
0.000225000000   176.418220860146
0.000227500000   175.483791544652
0.000230000000   174.551550983652
0.000232500000   173.621487549600
0.000235000000   172.693589642105
0.000237500000   171.767845687787
0.000240000000   170.844244140131
0.000242500000   169.922773479343
0.000245000000   169.003422212208
0.000247500000   168.086178871945
0.000250000000   167.171032018064
0.000252500000   166.257970236224
0.000255000000   165.346982138091
0.000257500000   164.438056361196
0.000260000000   163.531181568791
0.000262500000   162.626346449710
0.000265000000   161.723539718227
0.000267500000   160.822750113917
0.000270000000   159.923966401512
0.000272500000   159.027177370763
0.000275000000   158.132371836302
0.000277500000   157.239538637499
0.000280000000   156.348666638323
0.000282500000   155.459744727208
0.000285000000   154.572761816907
0.000287500000   153.687706844361
0.000290000000   152.804568770555
0.000292500000   151.923336580383
0.000295000000   151.043999282513
0.000297500000   150.166545909244
0.000300000000   149.290965516376
0.000302500000   148.417247183067
0.000305000000   147.545380011701
0.000307500000   146.675353127753
0.000310000000   145.807155679648
0.000312500000   144.940776838631
0.000315000000   144.076205798630
0.000317500000   143.213431776120
0.000320000000   142.352444009990
0.000322500000   141.493231761409
0.000325000000   140.635784313692
0.000327500000   139.780090972163
0.000330000000   138.926141064028
0.000332500000   138.073923938236
0.000335000000   137.223428965349
0.000337500000   136.374645537409
0.000340000000   135.527563067806
0.000342500000   134.682170991145
0.000345000000   133.838458763114
0.000347500000   132.996415860355
0.000350000000   132.156031780329
0.000352500000   131.317296041190
0.000355000000   130.480198181647
0.000357500000   129.644727760840
0.000360000000   128.810874358210
0.000362500000   127.978627573362
0.000365000000   127.147977025942
0.000367500000   126.318912355506
0.000370000000   125.491423221388
0.000372500000   124.665499302577
0.000375000000   123.841130297581
0.000377500000   123.018305924302
0.000380000000   122.197015919910
0.000382500000   121.377250040711
0.000385000000   120.558998062021
0.000387500000   119.742249778040
0.000390000000   118.926995001720
0.000392500000   118.113223564645
0.000395000000   117.300925316896
0.000397500000   116.490090126933
0.000400000000   115.680707881460
0.000402500000   114.872768485307
0.000405000000   114.066261861298
0.000407500000   113.261177950126
0.000410000000   112.457506710234
0.000412500000   111.655238117679
0.000415000000   110.854362166017
0.000417500000   110.054868866173
0.000420000000   109.256748246316
0.000422500000   108.459990351737
0.000425000000   107.664585244724
0.000427500000   106.870523004437
0.000430000000   106.077793726787
0.000432500000   105.286387524309
0.000435000000   104.496294526040
0.000437500000   103.707504877398
0.000440000000   102.920008740055
0.000442500000   102.133796291819
0.000445000000   101.348857726508
0.000447500000   100.565183253827
0.000450000000   99.782763099251
0.000452500000   99.001587503896
0.000455000000   98.221646724405
0.000457500000   97.442931032818
0.000460000000   96.665430716460
0.000462500000   95.889136077811
0.000465000000   95.114037434391
0.000467500000   94.340125118636
0.000470000000   93.567389477782
0.000472500000   92.795820873736
0.000475000000   92.025409682965
0.000477500000   91.256146296371
0.000480000000   90.488021119173
0.000482500000   89.721024570784
0.000485000000   88.955147084697
0.000487500000   88.190379108361
0.000490000000   87.426711103064
0.000492500000   86.664133543814
0.000495000000   85.902636919220
0.000497500000   85.142211731370
0.000500000000   84.382848495721
0.000502500000   83.624537740972
0.000505000000   82.867270008949
0.000507500000   82.111035854489
0.000510000000   81.355825845319
0.000512500000   80.601630561942
0.000515000000   79.848440597514
0.000517500000   79.096246557733
0.000520000000   78.345039060719
0.000522500000   77.594808736893
0.000525000000   76.845546228869
0.000527500000   76.097242191328
0.000530000000   75.349887290909
0.000532500000   74.603472206087
0.000535000000   73.857987627060
0.000537500000   73.113424255633
0.000540000000   72.369772805098
0.000542500000   71.627024000124
0.000545000000   70.885168576637
0.000547500000   70.144197281706
0.000550000000   69.404100873427
0.000552500000   68.664870120810
0.000555000000   67.926495803660
0.000557500000   67.188968712466
0.000560000000   66.452279648281
0.000562500000   65.716419422614
0.000565000000   64.981378857311
0.000567500000   64.247148784439
0.000570000000   63.513720046176
0.000572500000   62.781083494696
0.000575000000   62.049229992051
0.000577500000   61.318150410061
0.000580000000   60.587835630200
0.000582500000   59.858276543479
0.000585000000   59.129464050335
0.000587500000   58.401389060518
0.000590000000   57.674042492977
0.000592500000   56.947415275744
0.000595000000   56.221498345827
0.000597500000   55.496282649089
0.000600000000   54.771759140141
0.000602500000   54.047918782230
0.000605000000   53.324752547119
0.000607500000   52.602251414983
0.000610000000   51.880406374291
0.000612500000   51.159208421694
0.000615000000   50.438648561917
0.000617500000   49.718717807642
0.000620000000   48.999407179396


