0.000000000000   364.291981357718
0.000000133333   364.064377400837
0.000000266667   363.836813549288
0.000000400000   363.609289778002
0.000000533333   363.381806061915
0.000000666667   363.154362375969
0.000000800000   362.926958695107
0.000000933333   362.699594994278
0.000001066667   362.472271248437
0.000001200000   362.244987432541
0.000001333333   362.017743521554
0.000001466667   361.790539490440
0.000001600000   361.563375314173
0.000001733333   361.336250967727
0.000001866667   361.109166426082
0.000002000000   360.882121664223
0.000002133333   360.655116657139
0.000002266667   360.428151379822
0.000002400000   360.201225807271
0.000002533333   359.974339914486
0.000002666667   359.747493676475
0.000002800000   359.520687068248
0.000002933333   359.293920064820
0.000003066667   359.067192641209
0.000003200000   358.840504772441
0.000003333333   358.613856433543
0.000003466667   358.387247599547
0.000003600000   358.160678245490
0.000003733333   357.934148346413
0.000003866667   357.707657877363
0.000004000000   357.481206813387
0.000004133333   357.254795129542
0.000004266667   357.028422800885
0.000004400000   356.802089802478
0.000004533333   356.575796109390
0.000004666667   356.349541696692
0.000004800000   356.123326539459
0.000004933333   355.897150612771
0.000005066667   355.671013891714
0.000005200000   355.444916351375
0.000005333333   355.218857966849
0.000005466667   354.992838713232
0.000005600000   354.766858565626
0.000005733333   354.540917499137
0.000005866667   354.315015488875
0.000006000000   354.089152509956
0.000006133333   353.863328537498
0.000006266667   353.637543546623
0.000006400000   353.411797512461
0.000006533333   353.186090410142
0.000006666667   352.960422214803
0.000006800000   352.734792901584
0.000006933333   352.509202445630
0.000007066667   352.283650822089
0.000007200000   352.058138006116
0.000007333333   351.832663972867
0.000007466667   351.607228697504
0.000007600000   351.381832155193
0.000007733333   351.156474321105
0.000007866667   350.931155170414
0.000008000000   350.705874678299
0.000008133333   350.480632819944
0.000008266667   350.255429570535
0.000008400000   350.030264905263
0.000008533333   349.805138799326
0.000008666667   349.580051227923
0.000008800000   349.355002166259
0.000008933333   349.129991589541
0.000009066667   348.905019472983
0.000009200000   348.680085791802
0.000009333333   348.455190521220
0.000009466667   348.230333636461
0.000009600000   348.005515112756
0.000009733333   347.780734925338
0.000009866667   347.555993049446
0.000010000000   347.331289460322
0.000010133333   347.106624133213
0.000010266667   346.881997043370
0.000010400000   346.657408166047
0.000010533333   346.432857476505
0.000010666667   346.208344950006
0.000010800000   345.983870561818
0.000010933333   345.759434287214
0.000011066667   345.535036101468
0.000011200000   345.310675979863
0.000011333333   345.086353897681
0.000011466667   344.862069830212
0.000011600000   344.637823752749
0.000011733333   344.413615640588
0.000011866667   344.189445469032
0.000012000000   343.965313213384
0.000012133333   343.741218848955
0.000012266667   343.517162351060
0.000012400000   343.293143695014
0.000012533333   343.069162856142
0.000012666667   342.845219809768
0.000012800000   342.621314531224
0.000012933333   342.397446995843
0.000013066667   342.173617178966
0.000013200000   341.949825055934
0.000013333333   341.726070602095
0.000013466667   341.502353792799
0.000013600000   341.278674603403
0.000013733333   341.055033009266
0.000013866667   340.831428985751
0.000014000000   340.607862508227
0.000014133333   340.384333552064
0.000014266667   340.160842092640
0.000014400000   339.937388105334
0.000014533333   339.713971565531
0.000014666667   339.490592448618
0.000014800000   339.267250729990
0.000014933333   339.043946385041
0.000015066667   338.820679389174
0.000015200000   338.597449717793
0.000015333333   338.374257346307
0.000015466667   338.151102250129
0.000015600000   337.927984404677
0.000015733333   337.704903785371
0.000015866667   337.481860367637
0.000016000000   337.258854126905
0.000016133333   337.035885038609
0.000016266667   336.812953078185
0.000016400000   336.590058221077
0.000016533333   336.367200442729
0.000016666667   336.144379718592
0.000016800000   335.921596024120
0.000016933333   335.698849334771
0.000017066667   335.476139626007
0.000017200000   335.253466873294
0.000017333333   335.030831052104
0.000017466667   334.808232137909
0.000017600000   334.585670106190
0.000017733333   334.363144932428
0.000017866667   334.140656592110
0.000018000000   333.918205060727
0.000018133333   333.695790313773
0.000018266667   333.473412326747
0.000018400000   333.251071075153
0.000018533333   333.028766534496
0.000018666667   332.806498680289
0.000018800000   332.584267488045
0.000018933333   332.362072933284
0.000019066667   332.139914991529
0.000019200000   331.917793638307
0.000019333333   331.695708849149
0.000019466667   331.473660599590
0.000019600000   331.251648865170
0.000019733333   331.029673621431
0.000019866667   330.807734843921
0.000020000000   330.585832508191


0.000020000000   330.585832508191
0.000020666667   327.823408160504
0.000021333333   325.086195618393
0.000022000000   322.373984371967
0.000022666667   319.686565834099
0.000023333333   317.023733324388
0.000024000000   314.385282053261
0.000024666667   311.771009106225
0.000025333333   309.180713428264
0.000026000000   306.614195808370
0.000026666667   304.071258864228
0.000027333333   301.551707027035
0.000028000000   299.055346526457
0.000028666667   296.581985375729
0.000029333333   294.131433356890
0.000030000000   291.703502006152
0.000030666667   289.298004599409
0.000031333333   286.914756137873
0.000032000000   284.553573333849
0.000032666667   282.214274596638
0.000033333333   279.896680018572
0.000034000000   277.600611361178
0.000034666667   275.325892041468
0.000035333333   273.072347118362
0.000036000000   270.839803279232
0.000036666667   268.628088826573
0.000037333333   266.437033664798
0.000038000000   264.266469287160
0.000038666667   262.116228762786
0.000039333333   259.986146723845
0.000040000000   257.876059352829
0.000040666667   255.785804369951
0.000041333333   253.715221020667
0.000042000000   251.664150063315
0.000042666667   249.632433756864
0.000043333333   247.619915848785
0.000044000000   245.626441563034
0.000044666667   243.651857588149
0.000045333333   241.696012065458
0.000046000000   239.758754577402
0.000046666667   237.839936135965
0.000047333333   235.939409171216
0.000048000000   234.057027519962
0.000048666667   232.192646414505
0.000049333333   230.346122471507
0.000050000000   228.517313680969
0.000050666667   226.706079395302
0.000051333333   224.912280318514
0.000052000000   223.135778495497
0.000052666667   221.376437301419
0.000053333333   219.634121431213
0.000054000000   217.908696889172
0.000054666667   216.200030978646
0.000055333333   214.507992291837
0.000056000000   212.832450699688
0.000056666667   211.173277341880
0.000057333333   209.530344616923
0.000058000000   207.903526172335
0.000058666667   206.292696894934
0.000059333333   204.697732901208
0.000060000000   203.118511527794
0.000060666667   201.554911322040
0.000061333333   200.006812032667
0.000062000000   198.474094600517
0.000062666667   196.956641149403
0.000063333333   195.454334977037
0.000064000000   193.967060546060
0.000064666667   192.494703475153
0.000065333333   191.037150530242
0.000066000000   189.594289615787
0.000066666667   188.166009766165
0.000067333333   186.752201137135
0.000068000000   185.352754997387
0.000068666667   183.967563720183
0.000069333333   182.596520775079
0.000070000000   181.239520719734
0.000070666667   179.896459191795
0.000071333333   178.567232900878
0.000072000000   177.251739620619
0.000072666667   175.949878180816
0.000073333333   174.661548459644
0.000074000000   173.386651375958
0.000074666667   172.125088881675
0.000075333333   170.876763954227
0.000076000000   169.641580589106
0.000076666667   168.419443792476
0.000077333333   167.210259573870
0.000078000000   166.013934938960
0.000078666667   164.830377882407
0.000079333333   163.659497380782
0.000080000000   162.501203385569
0.000080666667   161.355406816238
0.000081333333   160.222019553393
0.000082000000   159.100954431999
0.000082666667   157.992125234674
0.000083333333   156.895446685061
0.000084000000   155.810834441267
0.000084666667   154.738205089381
0.000085333333   153.677476137054
0.000086000000   152.628566007158
0.000086666667   151.591394031513
0.000087333333   150.565880444677
0.000088000000   149.551946377821
0.000088666667   148.549513852654
0.000089333333   147.558505775432
0.000090000000   146.578845931028
0.000090666667   145.610458977068
0.000091333333   144.653270438141
0.000092000000   143.707206700065
0.000092666667   142.772195004232
0.000093333333   141.848163442010
0.000094000000   140.935040949211
0.000094666667   140.032757300628
0.000095333333   139.141243104633
0.000096000000   138.260429797841
0.000096666667   137.390249639837
0.000097333333   136.530635707965
0.000098000000   135.681521892183
0.000098666667   134.842842889978
0.000099333333   134.014534201344
0.000100000000   133.196532123821
0.000100666667   132.388773747594
0.000101333333   131.591196950661
0.000102000000   130.803740394048
0.000102666667   130.026343517096
0.000103333333   129.258946532802
0.000104000000   128.501490423224
0.000104666667   127.753916934936
0.000105333333   127.016168574553
0.000106000000   126.288188604307
0.000106666667   125.569921037687
0.000107333333   124.861310635127
0.000108000000   124.162302899764
0.000108666667   123.472844073243
0.000109333333   122.792881131583
0.000110000000   122.122361781101
0.000110666667   121.461234454390
0.000111333333   120.809448306349
0.000112000000   120.166953210280
0.000112666667   119.533699754026
0.000113333333   118.909639236174
0.000114000000   118.294723662310
0.000114666667   117.688905741328
0.000115333333   117.092138881789
0.000116000000   116.504377188345
0.000116666667   115.925575458203
0.000117333333   115.355689177651
0.000118000000   114.794674518634
0.000118666667   114.242488335386
0.000119333333   113.699088161107
0.000120000000   113.164432204702


0.000120000000   113.164432204702
0.000122500000   112.625501717246
0.000125000000   112.087975972477
0.000127500000   111.551848266006
0.000130000000   111.017111910877
0.000132500000   110.483760237493
0.000135000000   109.951786593524
0.000137500000   109.421184343830
0.000140000000   108.891946870373
0.000142500000   108.364067572142
0.000145000000   107.837539865061
0.000147500000   107.312357181916
0.000150000000   106.788512972266
0.000152500000   106.266000702368
0.000155000000   105.744813855088
0.000157500000   105.224945929826
0.000160000000   104.706390442432
0.000162500000   104.189140925126
0.000165000000   103.673190926414
0.000167500000   103.158534011016
0.000170000000   102.645163759775
0.000172500000   102.133073769585
0.000175000000   101.622257653308
0.000177500000   101.112709039693
0.000180000000   100.604421573301
0.000182500000   100.097388914420
0.000185000000   99.591604738990
0.000187500000   99.087062738524
0.000190000000   98.583756620027
0.000192500000   98.081680105918
0.000195000000   97.580826933955
0.000197500000   97.081190857153
0.000200000000   96.582765643706
0.000202500000   96.085545076913
0.000205000000   95.589522955097
0.000207500000   95.094693091529
0.000210000000   94.601049314350
0.000212500000   94.108585466497
0.000215000000   93.617295405622
0.000217500000   93.127173004017
0.000220000000   92.638212148539
0.000222500000   92.150406740531
0.000225000000   91.663750695749
0.000227500000   91.178237944285
0.000230000000   90.693862430490
0.000232500000   90.210618112899
0.000235000000   89.728498964156
0.000237500000   89.247498970942
0.000240000000   88.767612133892
0.000242500000   88.288832467528
0.000245000000   87.811154000181
0.000247500000   87.334570773918
0.000250000000   86.859076844463
0.000252500000   86.384666281131
0.000255000000   85.911333166746
0.000257500000   85.439071597572
0.000260000000   84.967875683238
0.000262500000   84.497739546666
0.000265000000   84.028657323993
0.000267500000   83.560623164504
0.000270000000   83.093631230555
0.000272500000   82.627675697502
0.000275000000   82.162750753626
0.000277500000   81.698850600065
0.000280000000   81.235969450736
0.000282500000   80.774101532269
0.000285000000   80.313241083927
0.000287500000   79.853382357544
0.000290000000   79.394519617445
0.000292500000   78.936647140378
0.000295000000   78.479759215443
0.000297500000   78.023850144020
0.000300000000   77.568914239698
0.000302500000   77.114945828202
0.000305000000   76.661939247328
0.000307500000   76.209888846865
0.000310000000   75.758788988529
0.000312500000   75.308634045895
0.000315000000   74.859418404318
0.000317500000   74.411136460874
0.000320000000   73.963782624282
0.000322500000   73.517351314836
0.000325000000   73.071836964339
0.000327500000   72.627234016030
0.000330000000   72.183536924515
0.000332500000   71.740740155698
0.000335000000   71.298838186714
0.000337500000   70.857825505859
0.000340000000   70.417696612517
0.000342500000   69.978446017100
0.000345000000   69.540068240972
0.000347500000   69.102557816384
0.000350000000   68.665909286404
0.000352500000   68.230117204854
0.000355000000   67.795176136233
0.000357500000   67.361080655658
0.000360000000   66.927825348792
0.000362500000   66.495404811776
0.000365000000   66.063813651165
0.000367500000   65.633046483857
0.000370000000   65.203097937027
0.000372500000   64.773962648061
0.000375000000   64.345635264490
0.000377500000   63.918110443920
0.000380000000   63.491382853966
0.000382500000   63.065447172190
0.000385000000   62.640298086029
0.000387500000   62.215930292731
0.000390000000   61.792338499288
0.000392500000   61.369517422374
0.000395000000   60.947461788272
0.000397500000   60.526166332815
0.000400000000   60.105625801317
0.000402500000   59.685834948506
0.000405000000   59.266788538462
0.000407500000   58.848481344552
0.000410000000   58.430908149358
0.000412500000   58.014063744623
0.000415000000   57.597942931175
0.000417500000   57.182540518870
0.000420000000   56.767851326523
0.000422500000   56.353870181846
0.000425000000   55.940591921382
0.000427500000   55.528011390438
0.000430000000   55.116123443029
0.000432500000   54.704922941803
0.000435000000   54.294404757986
0.000437500000   53.884563771312
0.000440000000   53.475394869964
0.000442500000   53.066892950504
0.000445000000   52.659052917817
0.000447500000   52.251869685041
0.000450000000   51.845338173507
0.000452500000   51.439453312674
0.000455000000   51.034210040068
0.000457500000   50.629603301215
0.000460000000   50.225628049583
0.000462500000   49.822279246513
0.000465000000   49.419551861163
0.000467500000   49.017440870440
0.000470000000   48.615941258939
0.000472500000   48.215048018881
0.000475000000   47.814756150050
0.000477500000   47.415060659730
0.000480000000   47.015956562644
0.000482500000   46.617438880892
0.000485000000   46.219502643887
0.000487500000   45.822142888295
0.000490000000   45.425354657972
0.000492500000   45.029133003902
0.000495000000   44.633472984137
0.000497500000   44.238369663732
0.000500000000   43.843818114687
0.000502500000   43.449813415885
0.000505000000   43.056350653027
0.000507500000   42.663424918576
0.000510000000   42.271031311691
0.000512500000   41.879164938171
0.000515000000   41.487820910387
0.000517500000   41.096994347229
0.000520000000   40.706680374038
0.000522500000   40.316874122551
0.000525000000   39.927570730836
0.000527500000   39.538765343233
0.000530000000   39.150453110294
0.000532500000   38.762629188723
0.000535000000   38.375288741312
0.000537500000   37.988426936885
0.000540000000   37.602038950236
0.000542500000   37.216119962068
0.000545000000   36.830665158935
0.000547500000   36.445669733178
0.000550000000   36.061128882871
0.000552500000   35.677037811755
0.000555000000   35.293391729183
0.000557500000   34.910185850056
0.000560000000   34.527415394768
0.000562500000   34.145075589143
0.000565000000   33.763161664375
0.000567500000   33.381668856972
0.000570000000   33.000592408692
0.000572500000   32.619927566489
0.000575000000   32.239669582449
0.000577500000   31.859813713732
0.000580000000   31.480355222516
0.000582500000   31.101289375933
0.000585000000   30.722611446013
0.000587500000   30.344316709625
0.000590000000   29.966400448416
0.000592500000   29.588857948756
0.000595000000   29.211684501675
0.000597500000   28.834875402805
0.000600000000   28.458425952326
0.000602500000   28.082331454900
0.000605000000   27.706587219619
0.000607500000   27.331188559942
0.000610000000   26.956130793639
0.000612500000   26.581409242731
0.000615000000   26.207019233434
0.000617500000   25.832956096099
0.000620000000   25.459215165152


