0.000000000000   374.970416010444
0.000000133333   374.746636202508
0.000000266667   374.522897676660
0.000000400000   374.299200408256
0.000000533333   374.075544372651
0.000000666667   373.851929545208
0.000000800000   373.628355901294
0.000000933333   373.404823416279
0.000001066667   373.181332065540
0.000001200000   372.957881824456
0.000001333333   372.734472668412
0.000001466667   372.511104572798
0.000001600000   372.287777513007
0.000001733333   372.064491464438
0.000001866667   371.841246402493
0.000002000000   371.618042302580
0.000002133333   371.394879140110
0.000002266667   371.171756890501
0.000002400000   370.948675529172
0.000002533333   370.725635031549
0.000002666667   370.502635373062
0.000002800000   370.279676529145
0.000002933333   370.056758475237
0.000003066667   369.833881186782
0.000003200000   369.611044639228
0.000003333333   369.388248808026
0.000003466667   369.165493668633
0.000003600000   368.942779196511
0.000003733333   368.720105367126
0.000003866667   368.497472155947
0.000004000000   368.274879538450
0.000004133333   368.052327490114
0.000004266667   367.829815986422
0.000004400000   367.607345002862
0.000004533333   367.384914514928
0.000004666667   367.162524498115
0.000004800000   366.940174927927
0.000004933333   366.717865779868
0.000005066667   366.495597029449
0.000005200000   366.273368652184
0.000005333333   366.051180623595
0.000005466667   365.829032919203
0.000005600000   365.606925514537
0.000005733333   365.384858385131
0.000005866667   365.162831506520
0.000006000000   364.940844854247
0.000006133333   364.718898403857
0.000006266667   364.496992130901
0.000006400000   364.275126010934
0.000006533333   364.053300019514
0.000006666667   363.831514132207
0.000006800000   363.609768324578
0.000006933333   363.388062572202
0.000007066667   363.166396850655
0.000007200000   362.944771135517
0.000007333333   362.723185402376
0.000007466667   362.501639626821
0.000007600000   362.280133784447
0.000007733333   362.058667850852
0.000007866667   361.837241801639
0.000008000000   361.615855612418
0.000008133333   361.394509258799
0.000008266667   361.173202716399
0.000008400000   360.951935960839
0.000008533333   360.730708967744
0.000008666667   360.509521712744
0.000008800000   360.288374171474
0.000008933333   360.067266319570
0.000009066667   359.846198132676
0.000009200000   359.625169586440
0.000009333333   359.404180656512
0.000009466667   359.183231318549
0.000009600000   358.962321548211
0.000009733333   358.741451321162
0.000009866667   358.520620613071
0.000010000000   358.299829399611
0.000010133333   358.079077656461
0.000010266667   357.858365359302
0.000010400000   357.637692483821
0.000010533333   357.417059005707
0.000010666667   357.196464900657
0.000010800000   356.975910144370
0.000010933333   356.755394712549
0.000011066667   356.534918580902
0.000011200000   356.314481725141
0.000011333333   356.094084120984
0.000011466667   355.873725744151
0.000011600000   355.653406570368
0.000011733333   355.433126575364
0.000011866667   355.212885734873
0.000012000000   354.992684024634
0.000012133333   354.772521420389
0.000012266667   354.552397897885
0.000012400000   354.332313432872
0.000012533333   354.112268001108
0.000012666667   353.892261578351
0.000012800000   353.672294140365
0.000012933333   353.452365662920
0.000013066667   353.232476121787
0.000013200000   353.012625492743
0.000013333333   352.792813751570
0.000013466667   352.573040874054
0.000013600000   352.353306835984
0.000013733333   352.133611613154
0.000013866667   351.913955181362
0.000014000000   351.694337516412
0.000014133333   351.474758594111
0.000014266667   351.255218390268
0.000014400000   351.035716880701
0.000014533333   350.816254041227
0.000014666667   350.596829847673
0.000014800000   350.377444275865
0.000014933333   350.158097301637
0.000015066667   349.938788900824
0.000015200000   349.719519049268
0.000015333333   349.500287722815
0.000015466667   349.281094897313
0.000015600000   349.061940548617
0.000015733333   348.842824652584
0.000015866667   348.623747185077
0.000016000000   348.404708121961
0.000016133333   348.185707439108
0.000016266667   347.966745112393
0.000016400000   347.747821117694
0.000016533333   347.528935430896
0.000016666667   347.310088027884
0.000016800000   347.091278884552
0.000016933333   346.872507976795
0.000017066667   346.653775280514
0.000017200000   346.435080771613
0.000017333333   346.216424426000
0.000017466667   345.997806219588
0.000017600000   345.779226128295
0.000017733333   345.560684128041
0.000017866667   345.342180194752
0.000018000000   345.123714304358
0.000018133333   344.905286432792
0.000018266667   344.686896555992
0.000018400000   344.468544649901
0.000018533333   344.250230690465
0.000018666667   344.031954653634
0.000018800000   343.813716515363
0.000018933333   343.595516251611
0.000019066667   343.377353838341
0.000019200000   343.159229251520
0.000019333333   342.941142467120
0.000019466667   342.723093461116
0.000019600000   342.505082209488
0.000019733333   342.287108688220
0.000019866667   342.069172873300
0.000020000000   341.851274740720


0.000020000000   324.619033629709
0.000020666667   321.906468740228
0.000021333333   319.218660604237
0.000022000000   316.555402511370
0.000022666667   313.916489639326
0.000023333333   311.301719038112
0.000024000000   308.710889614436
0.000024666667   306.143802116245
0.000025333333   303.600259117395
0.000026000000   301.080065002473
0.000026666667   298.583025951751
0.000027333333   296.108949926277
0.000028000000   293.657646653113
0.000028666667   291.228927610694
0.000029333333   288.822606014335
0.000030000000   286.438496801862
0.000030666667   284.076416619383
0.000031333333   281.736183807185
0.000032000000   279.417618385764
0.000032666667   277.120542041980
0.000033333333   274.844778115350
0.000034000000   272.590151584455
0.000034666667   270.356489053485
0.000035333333   268.143618738900
0.000036000000   265.951370456220
0.000036666667   263.779575606937
0.000037333333   261.628067165550
0.000038000000   259.496679666714
0.000038666667   257.385249192523
0.000039333333   255.293613359896
0.000040000000   253.221611308094
0.000040666667   251.169083686346
0.000041333333   249.135872641594
0.000042000000   247.121821806354
0.000042666667   245.126776286690
0.000043333333   243.150582650301
0.000044000000   241.193088914721
0.000044666667   239.254144535633
0.000045333333   237.333600395288
0.000046000000   235.431308791037
0.000046666667   233.547123423974
0.000047333333   231.680899387683
0.000048000000   229.832493157095
0.000048666667   228.001762577447
0.000049333333   226.188566853353
0.000050000000   224.392766537974
0.000050666667   222.614223522294
0.000051333333   220.852801024497
0.000052000000   219.108363579452
0.000052666667   217.380777028288
0.000053333333   215.669908508082
0.000054000000   213.975626441641
0.000054666667   212.297800527376
0.000055333333   210.636301729292
0.000056000000   208.991002267052
0.000056666667   207.361775606160
0.000057333333   205.748496448224
0.000058000000   204.151040721321
0.000058666667   202.569285570457
0.000059333333   201.003109348115
0.000060000000   199.452391604903
0.000060666667   197.917013080288
0.000061333333   196.396855693426
0.000062000000   194.891802534078
0.000062666667   193.401737853625
0.000063333333   191.926547056157
0.000064000000   190.466116689669
0.000064666667   189.020334437327
0.000065333333   187.589089108840
0.000066000000   186.172270631899
0.000066666667   184.769770043719
0.000067333333   183.381479482653
0.000068000000   182.007292179902
0.000068666667   180.647102451303
0.000069333333   179.300805689195
0.000070000000   177.968298354385
0.000070666667   176.649477968172
0.000071333333   175.344243104479
0.000072000000   174.052493382043
0.000072666667   172.774129456697
0.000073333333   171.509053013734
0.000074000000   170.257166760342
0.000074666667   169.018374418121
0.000075333333   167.792580715682
0.000076000000   166.579691381318
0.000076666667   165.379613135752
0.000077333333   164.192253684967
0.000078000000   163.017521713105
0.000078666667   161.855326875447
0.000079333333   160.705579791461
0.000080000000   159.568192037932
0.000080666667   158.443076142158
0.000081333333   157.330145575227
0.000082000000   156.229314745358
0.000082666667   155.140498991322
0.000083333333   154.063614575928
0.000084000000   152.998578679586
0.000084666667   151.945309393936
0.000085333333   150.903725715546
0.000086000000   149.873747539688
0.000086666667   148.855295654175
0.000087333333   147.848291733267
0.000088000000   146.852658331647
0.000088666667   145.868318878472
0.000089333333   144.895197671473
0.000090000000   143.933219871144
0.000090666667   142.982311494978
0.000091333333   142.042399411780
0.000092000000   141.113411336048
0.000092666667   140.195275822402
0.000093333333   139.287922260103
0.000094000000   138.391280867612
0.000094666667   137.505282687228
0.000095333333   136.629859579785
0.000096000000   135.764944219409
0.000096666667   134.910470088344
0.000097333333   134.066371471831
0.000098000000   133.232583453060
0.000098666667   132.409041908174
0.000099333333   131.595683501338
0.000100000000   130.792445679868
0.000100666667   129.999266669420
0.000101333333   129.216085469241
0.000102000000   128.442841847475
0.000102666667   127.679476336532
0.000103333333   126.925930228517
0.000104000000   126.182145570709
0.000104666667   125.448065161109
0.000105333333   124.723632544041
0.000106000000   124.008792005807
0.000106666667   123.303488570403
0.000107333333   122.607667995294
0.000108000000   121.921276767237
0.000108666667   121.244262098173
0.000109333333   120.576571921159
0.000110000000   119.918154886370
0.000110666667   119.268960357146
0.000111333333   118.628938406100
0.000112000000   117.998039811277
0.000112666667   117.376216052369
0.000113333333   116.763419306984
0.000114000000   116.159602446966
0.000114666667   115.564719034774
0.000115333333   114.978723319907
0.000116000000   114.401570235388
0.000116666667   113.833215394297
0.000117333333   113.273615086358
0.000118000000   112.722726274577
0.000118666667   112.180506591932
0.000119333333   111.646914338113
0.000120000000   111.121908476320


0.000120000000   111.121908476320
0.000122500000   110.592705235200
0.000125000000   110.064881382333
0.000127500000   109.538430334336
0.000130000000   109.013345524949
0.000132500000   108.489620404955
0.000135000000   107.967248442093
0.000137500000   107.446223120981
0.000140000000   106.926537943034
0.000142500000   106.408186426379
0.000145000000   105.891162105781
0.000147500000   105.375458532557
0.000150000000   104.861069274498
0.000152500000   104.347987915786
0.000155000000   103.836208056919
0.000157500000   103.325723314627
0.000160000000   102.816527321792
0.000162500000   102.308613727372
0.000165000000   101.801976196319
0.000167500000   101.296608409503
0.000170000000   100.792504063628
0.000172500000   100.289656871159
0.000175000000   99.788060560239
0.000177500000   99.287708874615
0.000180000000   98.788595573556
0.000182500000   98.290714431779
0.000185000000   97.794059239366
0.000187500000   97.298623801694
0.000190000000   96.804401939351
0.000192500000   96.311387488062
0.000195000000   95.819574298611
0.000197500000   95.328956236767
0.000200000000   94.839527183205
0.000202500000   94.351281033427
0.000205000000   93.864211697693
0.000207500000   93.378313100938
0.000210000000   92.893579182703
0.000212500000   92.410003897051
0.000215000000   91.927581212500
0.000217500000   91.446305111941
0.000220000000   90.966169592570
0.000222500000   90.487168665805
0.000225000000   90.009296357217
0.000227500000   89.532546706455
0.000230000000   89.056913767169
0.000232500000   88.582391606939
0.000235000000   88.108974307196
0.000237500000   87.636655963157
0.000240000000   87.165430683740
0.000242500000   86.695292591502
0.000245000000   86.226235822555
0.000247500000   85.758254526502
0.000250000000   85.291342866359
0.000252500000   84.825495018482
0.000255000000   84.360705172496
0.000257500000   83.896967531222
0.000260000000   83.434276310608
0.000262500000   82.972625739648
0.000265000000   82.512010060320
0.000267500000   82.052423527509
0.000270000000   81.593860408935
0.000272500000   81.136314985083
0.000275000000   80.679781549134
0.000277500000   80.224254406887
0.000280000000   79.769727876696
0.000282500000   79.316196289392
0.000285000000   78.863653988218
0.000287500000   78.412095328756
0.000290000000   77.961514678854
0.000292500000   77.511906418563
0.000295000000   77.063264940058
0.000297500000   76.615584647574
0.000300000000   76.168859957335
0.000302500000   75.723085297483
0.000305000000   75.278255108011
0.000307500000   74.834363840690
0.000310000000   74.391405959004
0.000312500000   73.949375938077
0.000315000000   73.508268264607
0.000317500000   73.068077436796
0.000320000000   72.628797964281
0.000322500000   72.190424368066
0.000325000000   71.752951180455
0.000327500000   71.316372944981
0.000330000000   70.880684216341
0.000332500000   70.445879560324
0.000335000000   70.011953553749
0.000337500000   69.578900784392
0.000340000000   69.146715850921
0.000342500000   68.715393362829
0.000345000000   68.284927940364
0.000347500000   67.855314214467
0.000350000000   67.426546826699
0.000352500000   66.998620429178
0.000355000000   66.571529684514
0.000357500000   66.145269265735
0.000360000000   65.719833856229
0.000362500000   65.295218149674
0.000365000000   64.871416849970
0.000367500000   64.448424671176
0.000370000000   64.026236337443
0.000372500000   63.604846582948
0.000375000000   63.184250151827
0.000377500000   62.764441798113
0.000380000000   62.345416285668
0.000382500000   61.927168388118
0.000385000000   61.509692888786
0.000387500000   61.092984580633
0.000390000000   60.677038266184
0.000392500000   60.261848757472
0.000395000000   59.847410875968
0.000397500000   59.433719452517
0.000400000000   59.020769327276
0.000402500000   58.608555349647
0.000405000000   58.197072378213
0.000407500000   57.786315280677
0.000410000000   57.376278933793
0.000412500000   56.966958223306
0.000415000000   56.558348043886
0.000417500000   56.150443299068
0.000420000000   55.743238901182
0.000422500000   55.336729771294
0.000425000000   54.930910839145
0.000427500000   54.525777043080
0.000430000000   54.121323329993
0.000432500000   53.717544655260
0.000435000000   53.314435982673
0.000437500000   52.911992284387
0.000440000000   52.510208540845
0.000442500000   52.109079740724
0.000445000000   51.708600880871
0.000447500000   51.308766966238
0.000450000000   50.909573009822
0.000452500000   50.511014032600
0.000455000000   50.113085063472
0.000457500000   49.715781139193
0.000460000000   49.319097304316
0.000462500000   48.923028611128
0.000465000000   48.527570119587
0.000467500000   48.132716897264
0.000470000000   47.738464019276
0.000472500000   47.344806568232
0.000475000000   46.951739634166
0.000477500000   46.559258314475
0.000480000000   46.167357713864
0.000482500000   45.776032944278
0.000485000000   45.385279124845
0.000487500000   44.995091381817
0.000490000000   44.605464848502
0.000492500000   44.216394665211
0.000495000000   43.827875979194
0.000497500000   43.439903944577
0.000500000000   43.052473722307
0.000502500000   42.665580480088
0.000505000000   42.279219392321
0.000507500000   41.893385640045
0.000510000000   41.508074410877
0.000512500000   41.123280898950
0.000515000000   40.739000304854
0.000517500000   40.355227835578
0.000520000000   39.971958704448
0.000522500000   39.589188131068
0.000525000000   39.206911341259
0.000527500000   38.825123567004
0.000530000000   38.443820046382
0.000532500000   38.062996023514
0.000535000000   37.682646748500
0.000537500000   37.302767477364
0.000540000000   36.923353471989
0.000542500000   36.544400000063
0.000545000000   36.165902335019
0.000547500000   35.787855755972
0.000550000000   35.410255547667
0.000552500000   35.033097000413
0.000555000000   34.656375410031
0.000557500000   34.280086077789
0.000560000000   33.904224310347
0.000562500000   33.528785419701
0.000565000000   33.153764723118
0.000567500000   32.779157543081
0.000570000000   32.404959207233
0.000572500000   32.031165048314
0.000575000000   31.657770404108
0.000577500000   31.284770617378
0.000580000000   30.912161035816
0.000582500000   30.539937011979
0.000585000000   30.168093903232
0.000587500000   29.796627071693
0.000590000000   29.425531884172
0.000592500000   29.054803712115
0.000595000000   28.684437931544
0.000597500000   28.314429923004
0.000600000000   27.944775071501
0.000602500000   27.575468766444
0.000605000000   27.206506401591
0.000607500000   26.837883374991
0.000610000000   26.469595088924
0.000612500000   26.101636949844
0.000615000000   25.734004368325
0.000617500000   25.366692759001
0.000620000000   24.999697540508


