0.000000000000   839.861171272888
0.000000133333   837.763742559669
0.000000266667   835.682559451414
0.000000400000   833.617373815876
0.000000533333   831.567942283692
0.000000666667   829.534026153671
0.000000800000   827.515391299987
0.000000933333   825.511808081223
0.000001066667   823.523051251257
0.000001200000   821.548899871922
0.000001333333   819.589137227426
0.000001466667   817.643550740488
0.000001600000   815.711931890162
0.000001733333   813.794076131302
0.000001866667   811.889782815650
0.000002000000   809.998855114507
0.000002133333   808.121099942956
0.000002266667   806.256327885603
0.000002400000   804.404353123820
0.000002533333   802.564993364430
0.000002666667   800.738069769844
0.000002800000   798.923406889587
0.000002933333   797.120832593206
0.000003066667   795.330178004521
0.000003200000   793.551277437200
0.000003333333   791.783968331624
0.000003466667   790.028091193027
0.000003600000   788.283489530869
0.000003733333   786.550009799433
0.000003866667   784.827501339618
0.000004000000   783.115816321894
0.000004133333   781.414809690404
0.000004266667   779.724339108200
0.000004400000   778.044264903564
0.000004533333   776.374450017418
0.000004666667   774.714759951791
0.000004800000   773.065062719314
0.000004933333   771.425228793740
0.000005066667   769.795131061451
0.000005200000   768.174644773945
0.000005333333   766.563647501277
0.000005466667   764.962019086437
0.000005600000   763.369641600643
0.000005733333   761.786399299536
0.000005866667   760.212178580259
0.000006000000   758.646867939392
0.000006133333   757.090357931740
0.000006266667   755.542541129952
0.000006400000   754.003312084944
0.000006533333   752.472567287130
0.000006666667   750.950205128428
0.000006800000   749.436125865030
0.000006933333   747.930231580925
0.000007066667   746.432426152160
0.000007200000   744.942615211814
0.000007333333   743.460706115683
0.000007466667   741.986607908660
0.000007600000   740.520231291785
0.000007733333   739.061488589968
0.000007866667   737.610293720358
0.000008000000   736.166562161355
0.000008133333   734.730210922243
0.000008266667   733.301158513444
0.000008400000   731.879324917362
0.000008533333   730.464631559829
0.000008666667   729.057001282120
0.000008800000   727.656358313537
0.000008933333   726.262628244548
0.000009066667   724.875738000469
0.000009200000   723.495615815683
0.000009333333   722.122191208375
0.000009466667   720.755394955786
0.000009600000   719.395159069961
0.000009733333   718.041416774004
0.000009866667   716.694102478796
0.000010000000   715.353151760201
0.000010133333   714.018501336728
0.000010266667   712.690089047655
0.000010400000   711.367853831586
0.000010533333   710.051735705458
0.000010666667   708.741675743971
0.000010800000   707.437616059431
0.000010933333   706.139499782020
0.000011066667   704.847271040452
0.000011200000   703.560874943037
0.000011333333   702.280257559130
0.000011466667   701.005365900954
0.000011600000   699.736147905806
0.000011733333   698.472552418620
0.000011866667   697.214529174890
0.000012000000   695.962028783953
0.000012133333   694.715002712599
0.000012266667   693.473403269039
0.000012400000   692.237183587189
0.000012533333   691.006297611287
0.000012666667   689.780700080824
0.000012800000   688.560346515793
0.000012933333   687.345193202235
0.000013066667   686.135197178099
0.000013200000   684.930316219385
0.000013333333   683.730508826579
0.000013466667   682.535734211376
0.000013600000   681.345952283677
0.000013733333   680.161123638859
0.000013866667   678.981209545314
0.000014000000   677.806171932250
0.000014133333   676.635973377749
0.000014266667   675.470577097078
0.000014400000   674.309946931251
0.000014533333   673.154047335826
0.000014666667   672.002843369950
0.000014800000   670.856300685635
0.000014933333   669.714385517258
0.000015066667   668.577064671298
0.000015200000   667.444305516282
0.000015333333   666.316075972960
0.000015466667   665.192344504682
0.000015600000   664.073080107995
0.000015733333   662.958252303438
0.000015866667   661.847831126539
0.000016000000   660.741787119018
0.000016133333   659.640091320173
0.000016266667   658.542715258467
0.000016400000   657.449630943296
0.000016533333   656.360810856945
0.000016666667   655.276227946726
0.000016800000   654.195855617285
0.000016933333   653.119667723098
0.000017066667   652.047638561124
0.000017200000   650.979742863641
0.000017333333   649.915955791231
0.000017466667   648.856252925946
0.000017600000   647.800610264617
0.000017733333   646.749004212335
0.000017866667   645.701411576078
0.000018000000   644.657809558491
0.000018133333   643.618175751818
0.000018266667   642.582488131980
0.000018400000   641.550725052799
0.000018533333   640.522865240362
0.000018666667   639.498887787526
0.000018800000   638.478772148563
0.000018933333   637.462498133940
0.000019066667   636.450045905227
0.000019200000   635.441395970146
0.000019333333   634.436529177742
0.000019466667   633.435426713688
0.000019600000   632.438070095708
0.000019733333   631.444441169130
0.000019866667   630.454522102559
0.000020000000   629.468295383672


0.000020000000   527.044238947412
0.000020666667   521.734457914059
0.000021333333   516.486629450982
0.000022000000   511.299842885853
0.000022666667   506.173213437219
0.000023333333   501.105880976493
0.000024000000   496.097008861680
0.000024666667   491.145782838546
0.000025333333   486.251410005131
0.000026000000   481.413117835813
0.000026666667   476.630153261324
0.000027333333   471.901781801355
0.000028000000   467.227286746589
0.000028666667   462.605968387180
0.000029333333   458.037143284913
0.000030000000   453.520143586387
0.000030666667   449.054316374799
0.000031333333   444.639023057991
0.000032000000   440.273638790596
0.000032666667   435.957551928244
0.000033333333   431.690163511917
0.000034000000   427.470886780646
0.000034666667   423.299146710861
0.000035333333   419.174379580813
0.000036000000   415.096032558569
0.000036666667   411.063563312187
0.000037333333   407.076439640740
0.000038000000   403.134139124982
0.000038666667   399.236148796455
0.000039333333   395.381964823989
0.000040000000   391.571092216533
0.000040666667   387.803044541380
0.000041333333   384.077343656870
0.000042000000   380.393519458724
0.000042666667   376.751109639211
0.000043333333   373.149659458396
0.000044000000   369.588721526774
0.000044666667   366.067855598607
0.000045333333   362.586628375374
0.000046000000   359.144613318713
0.000046666667   355.741390472338
0.000047333333   352.376546292391
0.000048000000   349.049673485767
0.000048666667   345.760370855928
0.000049333333   342.508243155808
0.000050000000   339.292900947384
0.000050666667   336.113960467546
0.000051333333   332.971043499908
0.000052000000   329.863777252223
0.000052666667   326.791794239095
0.000053333333   323.754732169682
0.000054000000   320.752233840130
0.000054666667   317.783947030451
0.000055333333   314.849524405628
0.000056000000   311.948623420699
0.000056666667   309.080906229602
0.000057333333   306.246039597594
0.000058000000   303.443694817029
0.000058666667   300.673547626336
0.000059333333   297.935278132013
0.000060000000   295.228570733486
0.000060666667   292.553114050677
0.000061333333   289.908600854142
0.000062000000   287.294727997653
0.000062666667   284.711196353083
0.000063333333   282.157710747498
0.000064000000   279.633979902323
0.000064666667   277.139716374495
0.000065333333   274.674636499498
0.000066000000   272.238460336187
0.000066666667   269.830911613317
0.000067333333   267.451717677692
0.000068000000   265.100609443862
0.000068666667   262.777321345287
0.000069333333   260.481591286911
0.000070000000   258.213160599075
0.000070666667   255.971773992702
0.000071333333   253.757179515711
0.000072000000   251.569128510601
0.000072666667   249.407375573140
0.000073333333   247.271678512138
0.000074000000   245.161798310236
0.000074666667   243.077499085677
0.000075333333   241.018548055018
0.000076000000   238.984715496752
0.000076666667   236.975774715787
0.000077333333   234.991502008769
0.000078000000   233.031676630199
0.000078666667   231.096080759328
0.000079333333   229.184499467794
0.000080000000   227.296720687968
0.000080666667   225.432535182005
0.000081333333   223.591736511551
0.000082000000   221.774121008097
0.000082666667   219.979487743960
0.000083333333   218.207638503859
0.000084000000   216.458377757083
0.000084666667   214.731512630216
0.000085333333   213.026852880415
0.000086000000   211.344210869216
0.000086666667   209.683401536860
0.000087333333   208.044242377115
0.000088000000   206.426553412591
0.000088666667   204.830157170522
0.000089333333   203.254878659017
0.000090000000   201.700545343754
0.000090666667   200.166987125117
0.000091333333   198.654036315756
0.000092000000   197.161527618570
0.000092666667   195.689298105091
0.000093333333   194.237187194272
0.000094000000   192.805036631657
0.000094666667   191.392690468943
0.000095333333   189.999995043904
0.000096000000   188.626798960685
0.000096666667   187.272953070459
0.000097333333   185.938310452424
0.000098000000   184.622726395155
0.000098666667   183.326058378287
0.000099333333   182.048166054540
0.000100000000   180.788911232054
0.000100666667   179.548157857066
0.000101333333   178.325771996881
0.000102000000   177.121621823173
0.000102666667   175.935577595580
0.000103333333   174.767511645601
0.000104000000   173.617298360798
0.000104666667   172.484814169281
0.000105333333   171.369937524486
0.000106000000   170.272548890239
0.000106666667   169.192530726099
0.000107333333   168.129767472979
0.000108000000   167.084145539038
0.000108666667   166.055553285851
0.000109333333   165.043881014838
0.000110000000   164.049020953967
0.000110666667   163.070867244704
0.000111333333   162.109315929241
0.000112000000   161.164264937962
0.000112666667   160.235614077178
0.000113333333   159.323265017098
0.000114000000   158.427121280062
0.000114666667   157.547088229013
0.000115333333   156.683073056217
0.000116000000   155.834984772218
0.000116666667   155.002734195044
0.000117333333   154.186233939645
0.000118000000   153.385398407563
0.000118666667   152.600143776848
0.000119333333   151.830387992197
0.000120000000   151.076050755329


0.000120000000   151.076050755329
0.000122500000   150.258481180953
0.000125000000   149.443906302317
0.000127500000   148.632308466395
0.000130000000   147.823670095695
0.000132500000   147.017973687774
0.000135000000   146.215201814770
0.000137500000   145.415337122929
0.000140000000   144.618362332132
0.000142500000   143.824260235430
0.000145000000   143.033013698577
0.000147500000   142.244605659568
0.000150000000   141.459019128177
0.000152500000   140.676237185497
0.000155000000   139.896242983485
0.000157500000   139.119019744505
0.000160000000   138.344550760879
0.000162500000   137.572819394431
0.000165000000   136.803809076043
0.000167500000   136.037503305208
0.000170000000   135.273885649583
0.000172500000   134.512939744551
0.000175000000   133.754649292775
0.000177500000   132.998998063765
0.000180000000   132.245969893441
0.000182500000   131.495548683693
0.000185000000   130.747718401959
0.000187500000   130.002463080784
0.000190000000   129.259766817399
0.000192500000   128.519613773291
0.000195000000   127.781988173780
0.000197500000   127.046874307596
0.000200000000   126.314256526459
0.000202500000   125.584119244656
0.000205000000   124.856446938633
0.000207500000   124.131224146568
0.000210000000   123.408435467969
0.000212500000   122.688065563256
0.000215000000   121.970099153351
0.000217500000   121.254521019276
0.000220000000   120.541316001740
0.000222500000   119.830469000739
0.000225000000   119.121964975152
0.000227500000   118.415788942343
0.000230000000   117.711925977757
0.000232500000   117.010361214527
0.000235000000   116.311079843077
0.000237500000   115.614067110727
0.000240000000   114.919308321304
0.000242500000   114.226788834748
0.000245000000   113.536494066726
0.000247500000   112.848409488243
0.000250000000   112.162520625258
0.000252500000   111.478813058298
0.000255000000   110.797272422080
0.000257500000   110.117884405125
0.000260000000   109.440634749383
0.000262500000   108.765509249854
0.000265000000   108.092493754211
0.000267500000   107.421574162430
0.000270000000   106.752736426411
0.000272500000   106.085966549613
0.000275000000   105.421250586680
0.000277500000   104.758574643074
0.000280000000   104.097924874710
0.000282500000   103.439287487588
0.000285000000   102.782648737433
0.000287500000   102.127994929328
0.000290000000   101.475312417359
0.000292500000   100.824587604249
0.000295000000   100.175806941007
0.000297500000   99.528956926568
0.000300000000   98.884024107436
0.000302500000   98.240995077336
0.000305000000   97.599856476856
0.000307500000   96.960594993100
0.000310000000   96.323197359338
0.000312500000   95.687650354656
0.000315000000   95.053940803611
0.000317500000   94.422055575885
0.000320000000   93.791981585942
0.000322500000   93.163705792683
0.000325000000   92.537215199106
0.000327500000   91.912496851968
0.000330000000   91.289537841440
0.000332500000   90.668325300778
0.000335000000   90.048846405979
0.000337500000   89.431088375449
0.000340000000   88.815038469671
0.000342500000   88.200683990870
0.000345000000   87.588012282681
0.000347500000   86.977010729823
0.000350000000   86.367666757766
0.000352500000   85.759967832403
0.000355000000   85.153901459728
0.000357500000   84.549455185506
0.000360000000   83.946616594952
0.000362500000   83.345373312404
0.000365000000   82.745713001008
0.000367500000   82.147623362389
0.000370000000   81.551092136338
0.000372500000   80.956107100489
0.000375000000   80.362656070005
0.000377500000   79.770726897260
0.000380000000   79.180307471523
0.000382500000   78.591385718647
0.000385000000   78.003949600751
0.000387500000   77.417987115914
0.000390000000   76.833486297859
0.000392500000   76.250435215646
0.000395000000   75.668821973362
0.000397500000   75.088634709813
0.000400000000   74.509861598218
0.000402500000   73.932490845902
0.000405000000   73.356510693994
0.000407500000   72.781909417118
0.000410000000   72.208675323095
0.000412500000   71.636796752641
0.000415000000   71.066262079060
0.000417500000   70.497059707952
0.000420000000   69.929178076909
0.000422500000   69.362605655218
0.000425000000   68.797330943565
0.000427500000   68.233342473736
0.000430000000   67.670628808324
0.000432500000   67.109178540435
0.000435000000   66.548980293391
0.000437500000   65.990022720442
0.000440000000   65.432294504468
0.000442500000   64.875784357696
0.000445000000   64.320481021402
0.000447500000   63.766373265625
0.000450000000   63.213449888882
0.000452500000   62.661699717873
0.000455000000   62.111111607200
0.000457500000   61.561674439079
0.000460000000   61.013377123055
0.000462500000   60.466208595716
0.000465000000   59.920157820412
0.000467500000   59.375213786970
0.000470000000   58.831365511413
0.000472500000   58.288602035678
0.000475000000   57.746912427335
0.000477500000   57.206285779310
0.000480000000   56.666711209601
0.000482500000   56.128177861002
0.000485000000   55.590674900827
0.000487500000   55.054191520630
0.000490000000   54.518716935931
0.000492500000   53.984240385938
0.000495000000   53.450751133274
0.000497500000   52.918238463702
0.000500000000   52.386691685851
0.000502500000   51.856100130944
0.000505000000   51.326453152524
0.000507500000   50.797740126184
0.000510000000   50.269950449295
0.000512500000   49.743073540736
0.000515000000   49.217098840624
0.000517500000   48.692015810043
0.000520000000   48.167813930781
0.000522500000   47.644482705053
0.000525000000   47.122011655242
0.000527500000   46.600390323628
0.000530000000   46.079608272122
0.000532500000   45.559655081999
0.000535000000   45.040520353637
0.000537500000   44.522193706249
0.000540000000   44.004664777616
0.000542500000   43.487923223832
0.000545000000   42.971958719033
0.000547500000   42.456760955137
0.000550000000   41.942319641581
0.000552500000   41.428624505064
0.000555000000   40.915665289278
0.000557500000   40.403431754654
0.000560000000   39.891913678100
0.000562500000   39.381100852739
0.000565000000   38.870983087652
0.000567500000   38.361550207619
0.000570000000   37.852792052860
0.000572500000   37.344698478778
0.000575000000   36.837259355698
0.000577500000   36.330464568617
0.000580000000   35.824304016939
0.000582500000   35.318767614226
0.000585000000   34.813845287936
0.000587500000   34.309526979172
0.000590000000   33.805802642423
0.000592500000   33.302662245315
0.000595000000   32.800095768349
0.000597500000   32.298093204653
0.000600000000   31.796644559725
0.000602500000   31.295739851182
0.000605000000   30.795369108504
0.000607500000   30.295522372785
0.000610000000   29.796189696476
0.000612500000   29.297361143137
0.000615000000   28.799026787184
0.000617500000   28.301176713635
0.000620000000   27.803801017865


