0.000000000000   358.777039289541
0.000000133333   357.881046845089
0.000000266667   356.991994297669
0.000000400000   356.109775648629
0.000000533333   355.234286933954
0.000000666667   354.365426183806
0.000000800000   353.503093382881
0.000000933333   352.647190431553
0.000001066667   351.797621107803
0.000001200000   350.954291029912
0.000001333333   350.117107619901
0.000001466667   349.285980067704
0.000001600000   348.460819296067
0.000001733333   347.641537926140
0.000001866667   346.828050243774
0.000002000000   346.020272166478
0.000002133333   345.218121211054
0.000002266667   344.421516461875
0.000002400000   343.630378539801
0.000002533333   342.844629571716
0.000002666667   342.064193160683
0.000002800000   341.288994356695
0.000002933333   340.518959628009
0.000003066667   339.754016833065
0.000003200000   338.994095192960
0.000003333333   338.239125264481
0.000003466667   337.489038913677
0.000003600000   336.743769289961
0.000003733333   336.003250800732
0.000003866667   335.267419086513
0.000004000000   334.536210996580
0.000004133333   333.809564565084
0.000004266667   333.087418987654
0.000004400000   332.369714598472
0.000004533333   331.656392847801
0.000004666667   330.947396279974
0.000004800000   330.242668511818
0.000004933333   329.542154211517
0.000005066667   328.845799077898
0.000005200000   328.153549820131
0.000005333333   327.465354137843
0.000005466667   326.781160701626
0.000005600000   326.100919133941
0.000005733333   325.424579990404
0.000005866667   324.752094741450
0.000006000000   324.083415754365
0.000006133333   323.418496275680
0.000006266667   322.757290413923
0.000006400000   322.099753122707
0.000006533333   321.445840184173
0.000006666667   320.795508192758
0.000006800000   320.148714539292
0.000006933333   319.505417395414
0.000007066667   318.865575698304
0.000007200000   318.229149135723
0.000007333333   317.596098131353
0.000007466667   316.966383830433
0.000007600000   316.339968085687
0.000007733333   315.716813443534
0.000007866667   315.096883130573
0.000008000000   314.480141040350
0.000008133333   313.866551720383
0.000008266667   313.256080359453
0.000008400000   312.648692775156
0.000008533333   312.044355401696
0.000008666667   311.443035277936
0.000008800000   310.844700035686
0.000008933333   310.249317888226
0.000009066667   309.656857619065
0.000009200000   309.067288570927
0.000009333333   308.480580634959
0.000009466667   307.896704240158
0.000009600000   307.315630343014
0.000009733333   306.737330417363
0.000009866667   306.161776444443
0.000010000000   305.588940903157
0.000010133333   305.018796760532
0.000010266667   304.451317462367
0.000010400000   303.886476924083
0.000010533333   303.324249521747
0.000010666667   302.764610083289
0.000010800000   302.207533879889
0.000010933333   301.652996617549
0.000011066667   301.100974428832
0.000011200000   300.551443864769
0.000011333333   300.004381886937
0.000011466667   299.459765859693
0.000011600000   298.917573542572
0.000011733333   298.377783082840
0.000011866667   297.840373008198
0.000012000000   297.305322219639
0.000012133333   296.772609984450
0.000012266667   296.242215929360
0.000012400000   295.714120033829
0.000012533333   295.188302623473
0.000012666667   294.664744363631
0.000012800000   294.143426253062
0.000012933333   293.624329617769
0.000013066667   293.107436104959
0.000013200000   292.592727677126
0.000013333333   292.080186606254
0.000013466667   291.569795468143
0.000013600000   291.061537136861
0.000013733333   290.555394779298
0.000013866667   290.051351849850
0.000014000000   289.549392085202
0.000014133333   289.049499499231
0.000014266667   288.551658378008
0.000014400000   288.055853274916
0.000014533333   287.562069005864
0.000014666667   287.070290644603
0.000014800000   286.580503518149
0.000014933333   286.092693202297
0.000015066667   285.606845517236
0.000015200000   285.122946523253
0.000015333333   284.640982516536
0.000015466667   284.160940025068
0.000015600000   283.682805804603
0.000015733333   283.206566834738
0.000015866667   282.732210315067
0.000016000000   282.259723661420
0.000016133333   281.789094502189
0.000016266667   281.320310674726
0.000016400000   280.853360221836
0.000016533333   280.388231388332
0.000016666667   279.924912617679
0.000016800000   279.463392548714
0.000016933333   279.003660012430
0.000017066667   278.545704028845
0.000017200000   278.089513803939
0.000017333333   277.635078726657
0.000017466667   277.182388365990
0.000017600000   276.731432468118
0.000017733333   276.282200953623
0.000017866667   275.834683914767
0.000018000000   275.388871612837
0.000018133333   274.944754475551
0.000018266667   274.502323094528
0.000018400000   274.061568222820
0.000018533333   273.622480772507
0.000018666667   273.185051812348
0.000018800000   272.749272565493
0.000018933333   272.315134407254
0.000019066667   271.882628862927
0.000019200000   271.451747605684
0.000019333333   271.022482454501
0.000019466667   270.594825372159
0.000019600000   270.168768463287
0.000019733333   269.744303972459
0.000019866667   269.321424282353
0.000020000000   268.900121911945


0.000020000000   268.900121911945
0.000020666667   266.191049956153
0.000021333333   263.513586454583
0.000022000000   260.867266778496
0.000022666667   258.251639508785
0.000023333333   255.666265804333
0.000024000000   253.110718806980
0.000024666667   250.584583080891
0.000025333333   248.087454084250
0.000026000000   245.618937671333
0.000026666667   243.178649623124
0.000027333333   240.766215204773
0.000028000000   238.381268748260
0.000028666667   236.023453258766
0.000029333333   233.692420043323
0.000030000000   231.387828360401
0.000030666667   229.109345089183
0.000031333333   226.856644417343
0.000032000000   224.629407546223
0.000032666667   222.427322412369
0.000033333333   220.250083424447
0.000034000000   218.097391214615
0.000034666667   215.968952403500
0.000035333333   213.864479377966
0.000036000000   211.783690080903
0.000036666667   209.726307812340
0.000037333333   207.692061041194
0.000038000000   205.680683227031
0.000038666667   203.691912651253
0.000039333333   201.725492257137
0.000040000000   199.781169498231
0.000040666667   197.858696194582
0.000041333333   195.957828396362
0.000042000000   194.078326254451
0.000042666667   192.219953897557
0.000043333333   190.382479315508
0.000044000000   188.565674248354
0.000044666667   186.769314080922
0.000045333333   184.993177742538
0.000046000000   183.237047611588
0.000046666667   181.500709424662
0.000047333333   179.783952189996
0.000048000000   178.086568104983
0.000048666667   176.408352477514
0.000049333333   174.749103650922
0.000050000000   173.108622932339
0.000050666667   171.486714524258
0.000051333333   169.883185459137
0.000052000000   168.297845536849
0.000052666667   166.730507264844
0.000053333333   165.180985800858
0.000054000000   163.649098898026
0.000054666667   162.134666852271
0.000055333333   160.637512451851
0.000056000000   159.157460928928
0.000056666667   157.694339913062
0.000057333333   156.247979386528
0.000058000000   154.818211641341
0.000058666667   153.404871237926
0.000059333333   152.007794965313
0.000060000000   150.626821802799
0.000060666667   149.261792882999
0.000061333333   147.912551456195
0.000062000000   146.578942855945
0.000062666667   145.260814465859
0.000063333333   143.958015687499
0.000064000000   142.670397909348
0.000064666667   141.397814476783
0.000065333333   140.140120663009
0.000066000000   138.897173640912
0.000066666667   137.668832455774
0.000067333333   136.454957998823
0.000068000000   135.255412981562
0.000068666667   134.070061910861
0.000069333333   132.898771064751
0.000070000000   131.741408468916
0.000070666667   130.597843873827
0.000071333333   129.467948732506
0.000072000000   128.351596178878
0.000072666667   127.248661006704
0.000073333333   126.159019649050
0.000074000000   125.082550158284
0.000074666667   124.019132186570
0.000075333333   122.968646966846
0.000076000000   121.930977294261
0.000076666667   120.906007508055
0.000077333333   119.893623473862
0.000078000000   118.893712566428
0.000078666667   117.906163652719
0.000079333333   116.930867075405
0.000080000000   115.967714636718
0.000080666667   115.016599582656
0.000081333333   114.077416587526
0.000082000000   113.150061738825
0.000082666667   112.234432522429
0.000083333333   111.330427808092
0.000084000000   110.437947835247
0.000084666667   109.556894199090
0.000085333333   108.687169836946
0.000086000000   107.828679014906
0.000086666667   106.981327314724
0.000087333333   106.145021620977
0.000088000000   105.319670108465
0.000088666667   104.505182229858
0.000089333333   103.701468703580
0.000090000000   102.908441501916
0.000090666667   102.126013839345
0.000091333333   101.354100161100
0.000092000000   100.592616131924
0.000092666667   99.841478625047
0.000093333333   99.100605711363
0.000094000000   98.369916648805
0.000094666667   97.649331871910
0.000095333333   96.938772981583
0.000096000000   96.238162735044
0.000096666667   95.547425035949
0.000097333333   94.866484924706
0.000098000000   94.195268568957
0.000098666667   93.533703254228
0.000099333333   92.881717374765
0.000100000000   92.239240424518
0.000100666667   91.606202988299
0.000101333333   90.982536733102
0.000102000000   90.368174399578
0.000102666667   89.763049793663
0.000103333333   89.167097778368
0.000104000000   88.580254265713
0.000104666667   88.002456208817
0.000105333333   87.433641594125
0.000106000000   86.873749433795
0.000106666667   86.322719758214
0.000107333333   85.780493608663
0.000108000000   85.247013030121
0.000108666667   84.722221064209
0.000109333333   84.206061742265
0.000110000000   83.698480078554
0.000110666667   83.199422063624
0.000111333333   82.708834657776
0.000112000000   82.226665784675
0.000112666667   81.752864325091
0.000113333333   81.287380110764
0.000114000000   80.830163918399
0.000114666667   80.381167463782
0.000115333333   79.940343396029
0.000116000000   79.507645291948
0.000116666667   79.083027650533
0.000117333333   78.666445887574
0.000118000000   78.257856330389
0.000118666667   77.857216212678
0.000119333333   77.464483669489
0.000120000000   77.079617732311


0.000120000000   77.079617732311
0.000122500000   76.662490398445
0.000125000000   76.246890970570
0.000127500000   75.832810442039
0.000130000000   75.420239844742
0.000132500000   75.009170248864
0.000135000000   74.599592762638
0.000137500000   74.191498532107
0.000140000000   73.784878740884
0.000142500000   73.379724609913
0.000145000000   72.976027397233
0.000147500000   72.573778397739
0.000150000000   72.172968942948
0.000152500000   71.773590400764
0.000155000000   71.375634175247
0.000157500000   70.979091706380
0.000160000000   70.583954469836
0.000162500000   70.190213976750
0.000165000000   69.797861773491
0.000167500000   69.406889441433
0.000170000000   69.017288596726
0.000172500000   68.629050890077
0.000175000000   68.242168006518
0.000177500000   67.856631665186
0.000180000000   67.472433619102
0.000182500000   67.089565654946
0.000185000000   66.708019592836
0.000187500000   66.327787286114
0.000190000000   65.948860621122
0.000192500000   65.571231516985
0.000195000000   65.194891925398
0.000197500000   64.819833830406
0.000200000000   64.446049248193
0.000202500000   64.073530226866
0.000205000000   63.702268846241
0.000207500000   63.332257217637
0.000210000000   62.963487483658
0.000212500000   62.595951817988
0.000215000000   62.229642425179
0.000217500000   61.864551540447
0.000220000000   61.500671429459
0.000222500000   61.137994388132
0.000225000000   60.776512742425
0.000227500000   60.416218848134
0.000230000000   60.057105090693
0.000232500000   59.699163884963
0.000235000000   59.342387675039
0.000237500000   58.986768934045
0.000240000000   58.632300163931
0.000242500000   58.278973895280
0.000245000000   57.926782687105
0.000247500000   57.575719126655
0.000250000000   57.225775829213
0.000252500000   56.876945437907
0.000255000000   56.529220623510
0.000257500000   56.182594084248
0.000260000000   55.837058545604
0.000262500000   55.492606760130
0.000265000000   55.149231507251
0.000267500000   54.806925593077
0.000270000000   54.465681850210
0.000272500000   54.125493137558
0.000275000000   53.786352340143
0.000277500000   53.448252368915
0.000280000000   53.111186160566
0.000282500000   52.775146677341
0.000285000000   52.440126906854
0.000287500000   52.106119861902
0.000290000000   51.773118580285
0.000292500000   51.441116124617
0.000295000000   51.110105582147
0.000297500000   50.780080064575
0.000300000000   50.451032707876
0.000302500000   50.122956672110
0.000305000000   49.795845141253
0.000307500000   49.469691323010
0.000310000000   49.144488448642
0.000312500000   48.820229772784
0.000315000000   48.496908573271
0.000317500000   48.174518150962
0.000320000000   47.853051829562
0.000322500000   47.532502955450
0.000325000000   47.212864897503
0.000327500000   46.894131046922
0.000330000000   46.576294817061
0.000332500000   46.259349643254
0.000335000000   45.943288982642
0.000337500000   45.628106314005
0.000340000000   45.313795137587
0.000342500000   45.000348974934
0.000345000000   44.687761368715
0.000347500000   44.376025882563
0.000350000000   44.065136100901
0.000352500000   43.755085628777
0.000355000000   43.445868091698
0.000357500000   43.137477135462
0.000360000000   42.829906425996
0.000362500000   42.523149649186
0.000365000000   42.217200510718
0.000367500000   41.912052735913
0.000370000000   41.607700069560
0.000372500000   41.304136275760
0.000375000000   41.001355137758
0.000377500000   40.699350457786
0.000380000000   40.398116056899
0.000382500000   40.097645774820
0.000385000000   39.797933469771
0.000387500000   39.498973018323
0.000390000000   39.200758315234
0.000392500000   38.903283273289
0.000395000000   38.606541823144
0.000397500000   38.310527913170
0.000400000000   38.015235509295
0.000402500000   37.720658594848
0.000405000000   37.426791170405
0.000407500000   37.133627253632
0.000410000000   36.841160879130
0.000412500000   36.549386098286
0.000415000000   36.258296979112
0.000417500000   35.967887606098
0.000420000000   35.678152080056
0.000422500000   35.389084517969
0.000425000000   35.100679052839
0.000427500000   34.812929833539
0.000430000000   34.525831024655
0.000432500000   34.239376806344
0.000435000000   33.953561374179
0.000437500000   33.668378939001
0.000440000000   33.383823726770
0.000442500000   33.099889978416
0.000445000000   32.816571949695
0.000447500000   32.533863911033
0.000450000000   32.251760147389
0.000452500000   31.970254958098
0.000455000000   31.689342656735
0.000457500000   31.409017570959
0.000460000000   31.129274042375
0.000462500000   30.850106426386
0.000465000000   30.571509092047
0.000467500000   30.293476421923
0.000470000000   30.016002811945
0.000472500000   29.739082671264
0.000475000000   29.462710422110
0.000477500000   29.186880499648
0.000480000000   28.911587351837
0.000482500000   28.636825439287
0.000485000000   28.362589235116
0.000487500000   28.088873224811
0.000490000000   27.815671906087
0.000492500000   27.542979788744
0.000495000000   27.270791394528
0.000497500000   26.999101256991
0.000500000000   26.727903921353
0.000502500000   26.457193944359
0.000505000000   26.186965894145
0.000507500000   25.917214350094
0.000510000000   25.647933902702
0.000512500000   25.379119153437
0.000515000000   25.110764714604
0.000517500000   24.842865209206
0.000520000000   24.575415270806
0.000522500000   24.308409543394
0.000525000000   24.041842681246
0.000527500000   23.775709348790
0.000530000000   23.510004220470
0.000532500000   23.244721980612
0.000535000000   22.979857323284
0.000537500000   22.715404952168
0.000540000000   22.451359580417
0.000542500000   22.187715930527
0.000545000000   21.924468734201
0.000547500000   21.661612732213
0.000550000000   21.399142674276
0.000552500000   21.137053318910
0.000555000000   20.875339433305
0.000557500000   20.613995793191
0.000560000000   20.353017182704
0.000562500000   20.092398394255
0.000565000000   19.832134228394
0.000567500000   19.572219493683
0.000570000000   19.312649006561
0.000572500000   19.053417591213
0.000575000000   18.794520079438
0.000577500000   18.535951310519
0.000580000000   18.277706131091
0.000582500000   18.019779395013
0.000585000000   17.762165963233
0.000587500000   17.504860703659
0.000590000000   17.247858491032
0.000592500000   16.991154206793
0.000595000000   16.734742738954
0.000597500000   16.478618981966
0.000600000000   16.222777836594
0.000602500000   15.967214209787
0.000605000000   15.711923014543
0.000607500000   15.456899169788
0.000610000000   15.202137600243
0.000612500000   14.947633236294
0.000615000000   14.693381013869
0.000617500000   14.439375874304
0.000620000000   14.185612764217


