0.000000000000   365.399181005212
0.000000133333   364.508047588115
0.000000266667   363.623874307644
0.000000400000   362.746555202091
0.000000533333   361.875986344784
0.000000666667   361.012065803634
0.000000800000   360.154693601489
0.000000933333   359.303771677281
0.000001066667   358.459203847958
0.000001200000   357.620895771179
0.000001333333   356.788754908755
0.000001466667   355.962690490828
0.000001600000   355.142613480767
0.000001733333   354.328436540769
0.000001866667   353.520073998150
0.000002000000   352.717441812314
0.000002133333   351.920457542386
0.000002266667   351.129040315493
0.000002400000   350.343110795682
0.000002533333   349.562591153465
0.000002666667   348.787405035971
0.000002800000   348.017477537703
0.000002933333   347.252735171879
0.000003066667   346.493105842346
0.000003200000   345.738518816068
0.000003333333   344.988904696153
0.000003466667   344.244195395434
0.000003600000   343.504324110575
0.000003733333   342.769225296696
0.000003866667   342.038834642516
0.000004000000   341.313089045981
0.000004133333   340.591926590400
0.000004266667   339.875286521046
0.000004400000   339.163109222232
0.000004533333   338.455336194855
0.000004666667   337.751910034377
0.000004800000   337.052774409266
0.000004933333   336.357874039855
0.000005066667   335.667154677635
0.000005200000   334.980563084964
0.000005333333   334.298047015184
0.000005466667   333.619555193132
0.000005600000   332.945037296055
0.000005733333   332.274443934897
0.000005866667   331.607726635972
0.000006000000   330.944837823001
0.000006133333   330.285730799514
0.000006266667   329.630359731601
0.000006400000   328.978679631018
0.000006533333   328.330646338630
0.000006666667   327.686216508183
0.000006800000   327.045347590415
0.000006933333   326.407997817474
0.000007066667   325.774126187659
0.000007200000   325.143692450469
0.000007333333   324.516657091948
0.000007466667   323.892981320330
0.000007600000   323.272627051973
0.000007733333   322.655556897580
0.000007866667   322.041734148694
0.000008000000   321.431122764465
0.000008133333   320.823687358693
0.000008266667   320.219393187125
0.000008400000   319.618206135011
0.000008533333   319.020092704914
0.000008666667   318.425020004765
0.000008800000   317.832955736163
0.000008933333   317.243868182906
0.000009066667   316.657726199763
0.000009200000   316.074499201467
0.000009333333   315.494157151935
0.000009466667   314.916670553706
0.000009600000   314.342010437596
0.000009733333   313.770148352557
0.000009866667   313.201056355751
0.000010000000   312.634707002821
0.000010133333   312.071073338359
0.000010266667   311.510128886576
0.000010400000   310.951847642152
0.000010533333   310.396204061282
0.000010666667   309.843173052899
0.000010800000   309.292729970081
0.000010933333   308.744850601631
0.000011066667   308.199511163829
0.000011200000   307.656688292361
0.000011333333   307.116359034400
0.000011466667   306.578500840863
0.000011600000   306.043091558823
0.000011733333   305.510109424070
0.000011866667   304.979533053839
0.000012000000   304.451341439680
0.000012133333   303.925513940472
0.000012266667   303.402030275595
0.000012400000   302.880870518228
0.000012533333   302.362015088797
0.000012666667   301.845444748557
0.000012800000   301.331140593304
0.000012933333   300.819084047225
0.000013066667   300.309256856868
0.000013200000   299.801641085248
0.000013333333   299.296219106069
0.000013466667   298.792973598073
0.000013600000   298.291887539503
0.000013733333   297.792944202687
0.000013866667   297.296127148736
0.000014000000   296.801420222356
0.000014133333   296.308807546762
0.000014266667   295.818273518716
0.000014400000   295.329802803653
0.000014533333   294.843380330929
0.000014666667   294.358991289157
0.000014800000   293.876621121652
0.000014933333   293.396255521974
0.000015066667   292.917880429561
0.000015200000   292.441482025469
0.000015333333   291.967046728193
0.000015466667   291.494561189588
0.000015600000   291.024012290876
0.000015733333   290.555387138744
0.000015866667   290.088673061525
0.000016000000   289.623857605469
0.000016133333   289.160928531094
0.000016266667   288.699873809619
0.000016400000   288.240681619482
0.000016533333   287.783340342933
0.000016666667   287.327838562704
0.000016800000   286.874165058765
0.000016933333   286.422308805139
0.000017066667   285.972258966809
0.000017200000   285.524004896683
0.000017333333   285.077536132638
0.000017466667   284.632842394635
0.000017600000   284.189913581898
0.000017733333   283.748739770167
0.000017866667   283.309311209010
0.000018000000   282.871618319210
0.000018133333   282.435651690213
0.000018266667   282.001402077631
0.000018400000   281.568860400827
0.000018533333   281.138017740540
0.000018666667   280.708865336587
0.000018800000   280.281394585617
0.000018933333   279.855597038926
0.000019066667   279.431464400327
0.000019200000   279.008988524086
0.000019333333   278.588161412900
0.000019466667   278.168975215945
0.000019600000   277.751422226970
0.000019733333   277.335494882445
0.000019866667   276.921185759769
0.000020000000   276.508487575520


0.000020000000   263.697084110163
0.000020666667   261.041607483810
0.000021333333   258.417078372698
0.000022000000   255.823043591780
0.000022666667   253.259062769831
0.000023333333   250.724707738434
0.000024000000   248.219561956356
0.000024666667   245.743219967182
0.000025333333   243.295286888194
0.000026000000   240.875377928626
0.000026666667   238.483117935508
0.000027333333   236.118140965461
0.000028000000   233.780089880860
0.000028666667   231.468615968917
0.000029333333   229.183378582300
0.000030000000   226.924044800000
0.000030666667   224.690289107226
0.000031333333   222.481793093196
0.000032000000   220.298245165742
0.000032666667   218.139340281742
0.000033333333   216.004779692409
0.000034000000   213.894270702571
0.000034666667   211.807526443101
0.000035333333   209.744265655706
0.000036000000   207.704212489360
0.000036666667   205.687096307660
0.000037333333   203.692651506494
0.000038000000   201.720617341369
0.000038666667   199.770737763869
0.000039333333   197.842761266668
0.000040000000   195.936440736618
0.000040666667   194.051533315426
0.000041333333   192.187800267474
0.000042000000   190.345006854369
0.000042666667   188.522922215826
0.000043333333   186.721319256507
0.000044000000   184.939974538485
0.000044666667   183.178668178990
0.000045333333   181.437183753136
0.000046000000   179.715308201355
0.000046666667   178.012831741232
0.000047333333   176.329547783531
0.000048000000   174.665252852137
0.000048666667   173.019746507705
0.000049333333   171.392831274806
0.000050000000   169.784312572366
0.000050666667   168.193998647213
0.000051333333   166.621700510561
0.000052000000   165.067231877254
0.000052666667   163.530409107634
0.000053333333   162.011051151872
0.000054000000   160.508979496628
0.000054666667   159.024018113917
0.000055333333   157.555993412057
0.000056000000   156.104734188580
0.000056666667   154.670071585011
0.000057333333   153.251839043399
0.000058000000   151.849872264521
0.000058666667   150.464009167660
0.000059333333   149.094089851874
0.000060000000   147.739956558682
0.000060666667   146.401453636090
0.000061333333   145.078427503888
0.000062000000   143.770726620152
0.000062666667   142.478201448890
0.000063333333   141.200704428770
0.000064000000   139.938089942889
0.000064666667   138.690214289509
0.000065333333   137.456935653733
0.000066000000   136.238114080066
0.000066666667   135.033611445817
0.000067333333   133.843291435301
0.000068000000   132.667019514814
0.000068666667   131.504662908329
0.000069333333   130.356090573888
0.000070000000   129.221173180665
0.000070666667   128.099783086652
0.000071333333   126.991794316955
0.000072000000   125.897082542673
0.000072666667   124.815525060322
0.000073333333   123.747000771796
0.000074000000   122.691390164831
0.000074666667   121.648575293956
0.000075333333   120.618439761920
0.000076000000   119.600868701547
0.000076666667   118.595748758047
0.000077333333   117.602968071717
0.000078000000   116.622416261056
0.000078666667   115.653984406254
0.000079333333   114.697565033058
0.000080000000   113.753052096985
0.000080666667   112.820340967883
0.000081333333   111.899328414825
0.000082000000   110.989912591319
0.000082666667   110.091993020827
0.000083333333   109.205470582590
0.000084000000   108.330247497737
0.000084666667   107.466227315671
0.000085333333   106.613314900742
0.000086000000   105.771416419167
0.000086666667   104.940439326216
0.000087333333   104.120292353649
0.000088000000   103.310885497387
0.000088666667   102.512130005430
0.000089333333   101.723938365991
0.000090000000   100.946224295868
0.000090666667   100.178902729022
0.000091333333   99.421889805378
0.000092000000   98.675102859826
0.000092666667   97.938460411428
0.000093333333   97.211882152822
0.000094000000   96.495288939826
0.000094666667   95.788602781222
0.000095333333   95.091746828731
0.000096000000   94.404645367175
0.000096666667   93.727223804806
0.000097333333   93.059408663821
0.000098000000   92.401127571043
0.000098666667   91.752309248770
0.000099333333   91.112883505796
0.000100000000   90.482781228585
0.000100666667   89.861934372617
0.000101333333   89.250275953879
0.000102000000   88.647740040521
0.000102666667   88.054261744658
0.000103333333   87.469777214329
0.000104000000   86.894223625595
0.000104666667   86.327539174792
0.000105333333   85.769663070923
0.000106000000   85.220535528193
0.000106666667   84.680097758685
0.000107333333   84.148291965173
0.000108000000   83.625061334076
0.000108666667   83.110350028538
0.000109333333   82.604103181655
0.000110000000   82.106266889819
0.000110666667   81.616788206207
0.000111333333   81.135615134386
0.000112000000   80.662696622059
0.000112666667   80.197982554924
0.000113333333   79.741423750671
0.000114000000   79.292971953095
0.000114666667   78.852579826335
0.000115333333   78.420200949233
0.000116000000   77.995789809820
0.000116666667   77.579301799911
0.000117333333   77.170693209832
0.000118000000   76.769921223253
0.000118666667   76.376943912149
0.000119333333   75.991720231868
0.000120000000   75.614210016319


0.000120000000   75.614210016319
0.000122500000   75.205106737437
0.000125000000   74.797501246063
0.000127500000   74.391384715110
0.000130000000   73.986748355246
0.000132500000   73.583583414651
0.000135000000   73.181881178786
0.000137500000   72.781632970151
0.000140000000   72.382830148054
0.000142500000   71.985464108376
0.000145000000   71.589526283340
0.000147500000   71.195008141274
0.000150000000   70.801901186389
0.000152500000   70.410196958541
0.000155000000   70.019887033008
0.000157500000   69.630963020262
0.000160000000   69.243416565742
0.000162500000   68.857239349627
0.000165000000   68.472423086617
0.000167500000   68.088959525702
0.000170000000   67.706840449950
0.000172500000   67.326057676276
0.000175000000   66.946603055230
0.000177500000   66.568468470770
0.000180000000   66.191645840054
0.000182500000   65.816127113214
0.000185000000   65.441904273143
0.000187500000   65.068969335281
0.000190000000   64.697314347402
0.000192500000   64.326931389397
0.000195000000   63.957812573063
0.000197500000   63.589950041895
0.000200000000   63.223335970873
0.000202500000   62.857962566251
0.000205000000   62.493822065355
0.000207500000   62.130906736366
0.000210000000   61.769208878122
0.000212500000   61.408720819908
0.000215000000   61.049434921254
0.000217500000   60.691343571728
0.000220000000   60.334439190733
0.000222500000   59.978714227311
0.000225000000   59.624161159933
0.000227500000   59.270772496306
0.000230000000   58.918540773169
0.000232500000   58.567458556099
0.000235000000   58.217518439307
0.000237500000   57.868713045448
0.000240000000   57.521035025419
0.000242500000   57.174477058168
0.000245000000   56.829031850498
0.000247500000   56.484692136875
0.000250000000   56.141450679233
0.000252500000   55.799300266783
0.000255000000   55.458233715823
0.000257500000   55.118243869548
0.000260000000   54.779323597858
0.000262500000   54.441465797171
0.000265000000   54.104663390238
0.000267500000   53.768909325949
0.000270000000   53.434196579154
0.000272500000   53.100518150473
0.000275000000   52.767867066113
0.000277500000   52.436236377684
0.000280000000   52.105619162013
0.000282500000   51.776008520968
0.000285000000   51.447397581267
0.000287500000   51.119779494307
0.000290000000   50.793147435974
0.000292500000   50.467494606473
0.000295000000   50.142814230140
0.000297500000   49.819099555271
0.000300000000   49.496343853941
0.000302500000   49.174540421827
0.000305000000   48.853682578035
0.000307500000   48.533763664920
0.000310000000   48.214777047916
0.000312500000   47.896716115361
0.000315000000   47.579574278319
0.000317500000   47.263344970414
0.000320000000   46.948021647656
0.000322500000   46.633597788265
0.000325000000   46.320066892509
0.000327500000   46.007422482525
0.000330000000   45.695658102155
0.000332500000   45.384767316779
0.000335000000   45.074743713140
0.000337500000   44.765580899183
0.000340000000   44.457272503885
0.000342500000   44.149812177089
0.000345000000   43.843193589340
0.000347500000   43.537410431718
0.000350000000   43.232456415676
0.000352500000   42.928325272874
0.000355000000   42.625010755015
0.000357500000   42.322506633687
0.000360000000   42.020806700195
0.000362500000   41.719904765404
0.000365000000   41.419794659577
0.000367500000   41.120470232213
0.000370000000   40.821925351891
0.000372500000   40.524153906104
0.000375000000   40.227149801109
0.000377500000   39.930906961763
0.000380000000   39.635419331366
0.000382500000   39.340680871508
0.000385000000   39.046685561907
0.000387500000   38.753427400257
0.000390000000   38.460900402070
0.000392500000   38.169098600525
0.000395000000   37.878016046308
0.000397500000   37.587646807463
0.000400000000   37.297984969237
0.000402500000   37.009024633926
0.000405000000   36.720759920724
0.000407500000   36.433184965571
0.000410000000   36.146293921000
0.000412500000   35.860080955990
0.000415000000   35.574540255810
0.000417500000   35.289666021875
0.000420000000   35.005452471592
0.000422500000   34.721893838213
0.000425000000   34.438984370685
0.000427500000   34.156718333504
0.000430000000   33.875090006568
0.000432500000   33.594093685024
0.000435000000   33.313723679130
0.000437500000   33.033974314099
0.000440000000   32.754839929964
0.000442500000   32.476314881421
0.000445000000   32.198393537694
0.000447500000   31.921070282383
0.000450000000   31.644339513325
0.000452500000   31.368195642447
0.000455000000   31.092633095625
0.000457500000   30.817646312537
0.000460000000   30.543229746527
0.000462500000   30.269377864455
0.000465000000   29.996085146563
0.000467500000   29.723346086326
0.000470000000   29.451155190318
0.000472500000   29.179506978066
0.000475000000   28.908395981914
0.000477500000   28.637816746878
0.000480000000   28.367763830512
0.000482500000   28.098231802765
0.000485000000   27.829215245844
0.000487500000   27.560708754074
0.000490000000   27.292706933761
0.000492500000   27.025204403055
0.000495000000   26.758195791811
0.000497500000   26.491675741453
0.000500000000   26.225638904835
0.000502500000   25.960079946108
0.000505000000   25.694993540581
0.000507500000   25.430374374587
0.000510000000   25.166217145347
0.000512500000   24.902516560834
0.000515000000   24.639267339638
0.000517500000   24.376464210835
0.000520000000   24.114101913847
0.000522500000   23.852175198313
0.000525000000   23.590678823950
0.000527500000   23.329607560427
0.000530000000   23.068956187226
0.000532500000   22.808719493509
0.000535000000   22.548892277989
0.000537500000   22.289469348797
0.000540000000   22.030445523348
0.000542500000   21.771815628208
0.000545000000   21.513574498969
0.000547500000   21.255716980109
0.000550000000   20.998237924869
0.000552500000   20.741132195116
0.000555000000   20.484394661217
0.000557500000   20.228020201905
0.000560000000   19.972003704153
0.000562500000   19.716340063039
0.000565000000   19.461024181622
0.000567500000   19.206050970810
0.000570000000   18.951415349228
0.000572500000   18.697112243095
0.000575000000   18.443136586090
0.000577500000   18.189483319229
0.000580000000   17.936147390728
0.000582500000   17.683123755886
0.000585000000   17.430407376947
0.000587500000   17.177993222979
0.000590000000   16.925876269743
0.000592500000   16.674051499568
0.000595000000   16.422513901220
0.000597500000   16.171258469781
0.000600000000   15.920280206516
0.000602500000   15.669574118751
0.000605000000   15.419135219742
0.000607500000   15.168958528555
0.000610000000   14.919039069933
0.000612500000   14.669371874175
0.000615000000   14.419951977007
0.000617500000   14.170774419457
0.000620000000   13.921834247734


