0.000000000000   55537472.380197405815
0.000000133333   55001365.994646027684
0.000000266667   54474421.106899410486
0.000000400000   53956459.769563160837
0.000000533333   53447307.594151385128
0.000000666667   52946793.679771699011
0.000000800000   52454750.543242983520
0.000000933333   51971014.050617411733
0.000001066667   51495423.350078389049
0.000001200000   51027820.806186988950
0.000001333333   50568051.935449682176
0.000001466667   50115965.343180947006
0.000001600000   49671412.661634817719
0.000001733333   49234248.489379905164
0.000001866667   48804330.331892937422
0.000002000000   48381518.543346382678
0.000002133333   47965676.269566372037
0.000002266667   47556669.392137207091
0.000002400000   47154366.473629660904
0.000002533333   46758638.703930512071
0.000002666667   46369359.847651213408
0.000002800000   45986406.192594081163
0.000002933333   45609656.499254822731
0.000003066667   45238991.951340660453
0.000003200000   44874296.107283599675
0.000003333333   44515454.852729044855
0.000003466667   44162356.353980198503
0.000003600000   43814891.012379013002
0.000003733333   43472951.419604986906
0.000003866667   43136432.313873469830
0.000004000000   42805230.537015423179
0.000004133333   42479244.992420978844
0.000004266667   42158376.603829495609
0.000004400000   41842528.274949282408
0.000004533333   41531604.849890172482
0.000004666667   41225513.074392907321
0.000004800000   40924161.557839214802
0.000004933333   40627460.736027084291
0.000005066667   40335322.834695816040
0.000005200000   40047661.833785966039
0.000005333333   39764393.432419449091
0.000005466667   39485435.014585316181
0.000005600000   39210705.615517228842
0.000005733333   38940125.888748750091
0.000005866667   38673618.073832906783
0.000006000000   38411105.964712664485
0.000006133333   38152514.878729537129
0.000006266667   37897771.626257345080
0.000006400000   37646804.480948798358
0.000006533333   37399543.150582559407
0.000006666667   37155918.748498857021
0.000006800000   36915863.765612006187
0.000006933333   36679312.042988121510
0.000007066667   36446198.744976848364
0.000007200000   36216460.332886099815
0.000007333333   35990034.539189033210
0.000007466667   35766860.342252388597
0.000007600000   35546877.941576190293
0.000007733333   35330028.733534283936
0.000007866667   35116255.287605904043
0.000008000000   34905501.323088593781
0.000008133333   34697711.686282604933
0.000008266667   34492832.328137710690
0.000008400000   34290810.282353080809
0.000008533333   34091593.643921218812
0.000008666667   33895131.548107199371
0.000008800000   33701374.149854503572
0.000008933333   33510272.603609070182
0.000009066667   33321779.043553117663
0.000009200000   33135846.564240809530
0.000009333333   32952429.201627645642
0.000009466667   32771481.914485834539
0.000009600000   32592960.566198021173
0.000009733333   32416821.906921889633
0.000009866667   32243023.556118223816
0.000010000000   32071523.985435426235
0.000010133333   31902282.501943234354
0.000010266667   31735259.231708899140
0.000010400000   31570415.103709064424
0.000010533333   31407711.834070600569
0.000010666667   31247111.910634141415
0.000010800000   31088578.577833730727
0.000010933333   30932075.821886554360
0.000011066667   30777568.356286574155
0.000011200000   30625021.607596129179
0.000011333333   30474401.701529655606
0.000011466667   30325675.449323821813
0.000011600000   30178810.334388416260
0.000011733333   30033774.499232646078
0.000011866667   29890536.732661273330
0.000012000000   29749066.457235496491
0.000012133333   29609333.716993313283
0.000012266667   29471309.165424395353
0.000012400000   29334964.053694456816
0.000012533333   29200270.219114381820
0.000012666667   29067200.073849204928
0.000012800000   28935726.593862548470
0.000012933333   28805823.308091674000
0.000013066667   28677464.287848990411
0.000013200000   28550624.136445432901
0.000013333333   28425277.979031611234
0.000013466667   28301401.452652432024
0.000013600000   28178970.696511205286
0.000013733333   28057962.342439137399
0.000013866667   27938353.505566436797
0.000014000000   27820121.775191005319
0.000014133333   27703245.205841116607
0.000014266667   27587702.308528363705
0.000014400000   27473472.042187277228
0.000014533333   27360533.805298049003
0.000014666667   27248867.427689027041
0.000014800000   27138453.162515524775
0.000014933333   27029271.678411662579
0.000015066667   26921304.051812034100
0.000015200000   26814531.759440064430
0.000015333333   26708936.670959915966
0.000015466667   26604501.041788969189
0.000015600000   26501207.506067916751
0.000015733333   26399039.069785539061
0.000015866667   26297979.104055430740
0.000016000000   26198011.338541794568
0.000016133333   26099119.855031732470
0.000016266667   26001289.081151265651
0.000016400000   25904503.784222606570
0.000016533333   25808749.065260097384
0.000016666667   25714010.353102352470
0.000016800000   25620273.398678231984
0.000016933333   25527524.269404277205
0.000017066667   25435749.343711238354
0.000017200000   25344935.305697597563
0.000017333333   25255069.139907695353
0.000017466667   25166138.126232489944
0.000017600000   25078129.834930770099
0.000017733333   24991032.121768772602
0.000017866667   24904833.123276222497
0.000018000000   24819521.252116903663
0.000018133333   24735085.192571714520
0.000018266667   24651513.896132521331
0.000018400000   24568796.577204912901
0.000018533333   24486922.708918035030
0.000018666667   24405882.019039966166
0.000018800000   24325664.485996711999
0.000018933333   24246260.334993455559
0.000019066667   24167660.034236170352
0.000019200000   24089854.291252367198
0.000019333333   24012834.049309160560
0.000019466667   23936590.483927421272
0.000019600000   23861114.999490424991
0.000019733333   23786399.225945711136
0.000019866667   23712435.015598729253
0.000020000000   23639214.439996980131


0.000020000000   28121210.663918800652
0.000020666667   27812724.573286056519
0.000021333333   27509206.157699272037
0.000022000000   27210505.218179255724
0.000022666667   26916479.119460575283
0.000023333333   26626992.347446825355
0.000024000000   26341916.093431077898
0.000024666667   26061127.863453082740
0.000025333333   25784511.111263852566
0.000026000000   25511954.893461674452
0.000026666667   25243353.545450784266
0.000027333333   24978606.376956246793
0.000028000000   24717617.385905794799
0.000028666667   24460294.989561546594
0.000029333333   24206551.771852895617
0.000030000000   23956304.245925523341
0.000030666667   23709472.630981542170
0.000031333333   23465980.642542108893
0.000032000000   23225755.295316781849
0.000032666667   22988726.717913553119
0.000033333333   22754827.978670120239
0.000034000000   22523994.921930823475
0.000034666667   22296166.014134772122
0.000035333333   22071282.199119344354
0.000036000000   21849286.762079536915
0.000036666667   21630125.201657682657
0.000037333333   21413745.109670050442
0.000038000000   21200096.058006934822
0.000038666667   20989129.492271043360
0.000039333333   20780798.631745405495
0.000040000000   20575058.375307030976
0.000040666667   20371865.212925847620
0.000041333333   20171177.142410382628
0.000042000000   19972953.591082327068
0.000042666667   19777155.342081349343
0.000043333333   19583744.465019840747
0.000044000000   19392684.250724229962
0.000044666667   19203939.149815615267
0.000045333333   19017474.714897427708
0.000046000000   18833257.546132020652
0.000046666667   18651255.240001361817
0.000047333333   18471436.341059483588
0.000048000000   18293770.296495892107
0.000048666667   18118227.413340445608
0.000049333333   17944778.818150155246
0.000050000000   17773396.419028393924
0.000050666667   17604052.869835861027
0.000051333333   17436721.536461286247
0.000052000000   17271376.465027943254
0.000052666667   17107992.351919498295
0.000053333333   16946544.515515793115
0.000054000000   16787008.869535882026
0.000054666667   16629361.897891845554
0.000055333333   16473580.630962746218
0.000056000000   16319642.623203609139
0.000056666667   16167525.932009540498
0.000057333333   16017209.097759844735
0.000058000000   15868671.124971687794
0.000058666667   15721891.464496985078
0.000059333333   15576849.996700365096
0.000060000000   15433527.015559766442
0.000060666667   15291903.213634714484
0.000061333333   15151959.667850818485
0.000062000000   15013677.826051943004
0.000062666667   14877039.494274672121
0.000063333333   14742026.824702233076
0.000064000000   14608622.304257821292
0.000064666667   14476808.743799522519
0.000065333333   14346569.267881520092
0.000066000000   14217887.305048190057
0.000066666667   14090746.578629933298
0.000067333333   13965131.098011273891
0.000068000000   13841025.150343704969
0.000068666667   13718413.292677320540
0.000069333333   13597280.344486905262
0.000070000000   13477611.380569549277
0.000070666667   13359391.724292371422
0.000071333333   13242606.941170070320
0.000072000000   13127242.832753373310
0.000072666667   13013285.430810535327
0.000073333333   12900720.991785116494
0.000074000000   12789535.991514310241
0.000074666667   12679717.120193023235
0.000075333333   12571251.277569796890
0.000076000000   12464125.568361477926
0.000076666667   12358327.297874409705
0.000077333333   12253843.967820551246
0.000078000000   12150663.272317698225
0.000078666667   12048773.094063596800
0.000079333333   11948161.500674389303
0.000080000000   11848816.741178352386
0.000080666667   11750727.242656461895
0.000081333333   11653881.607021853328
0.000082000000   11558268.607930656523
0.000082666667   11463877.187817160040
0.000083333333   11370696.455046739429
0.000084000000   11278715.681180283427
0.000084666667   11187924.298344258219
0.000085333333   11098311.896700954065
0.000086000000   11009868.222013697028
0.000086666667   10922583.173302175477
0.000087333333   10836446.800583308563
0.000088000000   10751449.302693337202
0.000088666667   10667581.025187097490
0.000089333333   10584832.458310667425
0.000090000000   10503194.235043788329
0.000090666667   10422657.129208691418
0.000091333333   10343212.053642181680
0.000092000000   10264850.058427937329
0.000092666667   10187562.329186275601
0.000093333333   10111340.185418689623
0.000094000000   10036175.078904690221
0.000094666667   9962058.592148602009
0.000095333333   9888982.436874110252
0.000096000000   9816938.452564461157
0.000096666667   9745918.605046404526
0.000097333333   9675914.985115969554
0.000098000000   9606919.807204399258
0.000098666667   9538925.408082574606
0.000099333333   9471924.245602412149
0.000100000000   9405908.897473737597
0.000100666667   9340872.060075353831
0.000101333333   9276806.547298924997
0.000102000000   9213705.289424534887
0.000102666667   9151561.332026727498
0.000103333333   9090367.834910001606
0.000104000000   9030118.071072693914
0.000104666667   8970805.425698352978
0.000105333333   8912423.395173648372
0.000106000000   8854965.586132019758
0.000106666667   8798425.714522225782
0.000107333333   8742797.604701068252
0.000108000000   8688075.188549580052
0.000108666667   8634252.504611996934
0.000109333333   8581323.697256900370
0.000110000000   8529283.015859957784
0.000110666667   8478124.814007647336
0.000111333333   8427843.548721533269
0.000112000000   8378433.779702516273
0.000112666667   8329890.168594667688
0.000113333333   8282207.478268165141
0.000114000000   8235380.572120975703
0.000114666667   8189404.413398853503
0.000115333333   8144274.064533352852
0.000116000000   8099984.686497483402
0.000116666667   8056531.538178738207
0.000117333333   8013909.975769167766
0.000118000000   7972115.452172285877
0.000118666667   7931143.516426512040
0.000119333333   7890989.813144954853
0.000120000000   7851650.081971341744


0.000120000000   354953.318454782246
0.000122500000   352991.700149052078
0.000125000000   351037.583047211403
0.000127500000   349090.922050333931
0.000130000000   347151.672258855775
0.000132500000   345219.788971299422
0.000135000000   343295.227683003934
0.000137500000   341377.944084861432
0.000140000000   339467.894062059349
0.000142500000   337565.033692829544
0.000145000000   335669.319247202249
0.000147500000   333780.707185767416
0.000150000000   331899.154158440884
0.000152500000   330024.617003237072
0.000155000000   328157.052745047607
0.000157500000   326296.418594425137
0.000160000000   324442.671946373885
0.000162500000   322595.770379145222
0.000165000000   320755.671653039288
0.000167500000   318922.333709212020
0.000170000000   317095.714668488596
0.000172500000   315275.772830180998
0.000175000000   313462.466670913040
0.000177500000   311655.754843449278
0.000180000000   309855.596175530227
0.000182500000   308061.949668713089
0.000185000000   306274.774497217266
0.000187500000   304494.030006776098
0.000190000000   302719.675713493256
0.000192500000   300951.671302704373
0.000195000000   299189.976627844735
0.000197500000   297434.551709321444
0.000200000000   295685.356733391061
0.000202500000   293942.352051042253
0.000205000000   292205.498176883557
0.000207500000   290474.755788036622
0.000210000000   288750.085723033990
0.000212500000   287031.448980722053
0.000215000000   285318.806719168904
0.000217500000   283612.120254577370
0.000220000000   281911.351060202927
0.000222500000   280216.460765275813
0.000225000000   278527.411153928959
0.000227500000   276844.164164130227
0.000230000000   275166.681886619073
0.000232500000   273494.926563848625
0.000235000000   271828.860588931886
0.000237500000   270168.446504593012
0.000240000000   268513.647002122831
0.000242500000   266864.424920339254
0.000245000000   265220.743244551995
0.000247500000   263582.565105532005
0.000250000000   261949.853778485325
0.000252500000   260322.572682031518
0.000255000000   258700.685377185990
0.000257500000   257084.155566347501
0.000260000000   255472.947092289571
0.000262500000   253867.023937156104
0.000265000000   252266.350221461529
0.000267500000   250670.890203095158
0.000270000000   249080.608276329876
0.000272500000   247495.468970834481
0.000275000000   245915.436950691248
0.000277500000   244340.477013416414
0.000280000000   242770.554088985722
0.000282500000   241205.633238863316
0.000285000000   239645.679655035259
0.000287500000   238090.658659046545
0.000290000000   236540.535701042652
0.000292500000   234995.276358814503
0.000295000000   233454.846336847608
0.000297500000   231919.211465375090
0.000300000000   230388.337699434545
0.000302500000   228862.191117928596
0.000305000000   227340.737922689412
0.000307500000   225823.944437547034
0.000310000000   224311.777107401111
0.000312500000   222804.202497296734
0.000315000000   221301.187291503651
0.000317500000   219802.698292599351
0.000320000000   218308.702420555695
0.000322500000   216819.166711828788
0.000325000000   215334.058318453142
0.000327500000   213853.344507138798
0.000330000000   212376.992658371804
0.000332500000   210904.970265518990
0.000335000000   209437.244933935232
0.000337500000   207973.784380074707
0.000340000000   206514.556430605473
0.000342500000   205059.529021527123
0.000345000000   203608.670197292173
0.000347500000   202161.948109930352
0.000350000000   200719.331018176541
0.000352500000   199280.787286601728
0.000355000000   197846.285384747200
0.000357500000   196415.793886261963
0.000360000000   194989.281468043395
0.000362500000   193566.716909380921
0.000365000000   192148.069091102981
0.000367500000   190733.306994726649
0.000370000000   189322.399701611022
0.000372500000   187915.316392112960
0.000375000000   186512.026344746118
0.000377500000   185112.498935343232
0.000380000000   183716.703636220715
0.000382500000   182324.610015346640
0.000385000000   180936.187735511630
0.000387500000   179551.406553502398
0.000390000000   178170.236319278250
0.000392500000   176792.646975150565
0.000395000000   175418.608554964594
0.000397500000   174048.091183284676
0.000400000000   172681.065074581653
0.000402500000   171317.500532423175
0.000405000000   169957.367948667001
0.000407500000   168600.637802656478
0.000410000000   167247.280660418939
0.000412500000   165897.267173866741
0.000415000000   164550.568080000696
0.000417500000   163207.154200116347
0.000420000000   161866.996439012466
0.000422500000   160530.065784202423
0.000425000000   159196.333305127773
0.000427500000   157865.770152374316
0.000430000000   156538.347556890891
0.000432500000   155214.036829210148
0.000435000000   153892.809358672181
0.000437500000   152574.636612650153
0.000440000000   151259.490135778353
0.000442500000   149947.341549182951
0.000445000000   148638.162549714383
0.000447500000   147331.924909182504
0.000450000000   146028.600473594008
0.000452500000   144728.161162391596
0.000455000000   143430.578967695939
0.000457500000   142135.825953549414
0.000460000000   140843.874255162227
0.000462500000   139554.696078160458
0.000465000000   138268.263697836373
0.000467500000   136984.549458400870
0.000470000000   135703.525772237743
0.000472500000   134425.165119160141
0.000475000000   133149.440045669297
0.000477500000   131876.323164214555
0.000480000000   130605.787152456134
0.000482500000   129337.804752529366
0.000485000000   128072.348770311044
0.000487500000   126809.392074687508
0.000490000000   125548.907596824894
0.000492500000   124290.868329440927
0.000495000000   123035.247326078723
0.000497500000   121782.017700382305
0.000500000000   120531.152625374059
0.000502500000   119282.625332733733
0.000505000000   118036.409112079418
0.000507500000   116792.477310250077
0.000510000000   115550.803330589813
0.000512500000   114311.360632233758
0.000515000000   113074.122729395836
0.000517500000   111839.063190657907
0.000520000000   110606.155638260519
0.000522500000   109375.373747395497
0.000525000000   108146.691245499911
0.000527500000   106920.081911551533
0.000530000000   105695.519575365950
0.000532500000   104472.978116895130
0.000535000000   103252.431465527363
0.000537500000   102033.853599388865
0.000540000000   100817.218544646748
0.000542500000   99602.500374813128
0.000545000000   98389.673210051100
0.000547500000   97178.711216481664
0.000550000000   95969.588605492230
0.000552500000   94762.279633046433
0.000555000000   93556.758598995046
0.000557500000   92352.999846388557
0.000560000000   91150.977760790644
0.000562500000   89950.666769593081
0.000565000000   88752.041341331744
0.000567500000   87555.075985003976
0.000570000000   86359.745249387022
0.000572500000   85166.023722357611
0.000575000000   83973.886030212743
0.000577500000   82783.306836991469
0.000580000000   81594.260843797922
0.000582500000   80406.722788125291
0.000585000000   79220.667443180922
0.000587500000   78036.069617212444
0.000590000000   76852.904152834788
0.000592500000   75671.145926358382
0.000595000000   74490.769847118223
0.000597500000   73311.750856803832
0.000600000000   72134.063928790201
0.000602500000   70957.684067469687
0.000605000000   69782.586307584716
0.000607500000   68608.745713561410
0.000610000000   67436.137378843938
0.000612500000   66264.736425229901
0.000615000000   65094.518002206307
0.000617500000   63925.457286286459
0.000620000000   62757.529480347526


