0.000000000000   2224942822.534705162048
0.000000060000   2123145041.385590791702
0.000000120000   2026005513.004292488098
0.000000180000   1933311109.946323156357
0.000000240000   1844858457.524042606354
0.000000300000   1760453487.595644950867
0.000000360000   1679911012.773022413254
0.000000420000   1603054320.114311218262
0.000000480000   1529714783.409654617310
0.000000540000   1459731493.209540605545
0.000000600000   1392950903.783969163895
0.000000660000   1329226496.237874269485
0.000000720000   1268418457.043662786484
0.000000780000   1210393371.285556077957
0.000000840000   1155023929.942706584930
0.000000900000   1102188650.568856477737
0.000000960000   1051771610.755699396133
0.000001020000   1003662193.795155167580
0.000001080000   957754845.982533097267
0.000001140000   913948845.028096318245
0.000001200000   872148079.068917155266
0.000001260000   832260835.796165823936
0.000001320000   794199601.235170841217
0.000001380000   757880867.736768007278
0.000001440000   723224950.758665800095
0.000001500000   690155814.034835100174
0.000001560000   658600902.749344587326
0.000001620000   628490984.348615407944
0.000001680000   599759996.642832279205
0.000001740000   572344902.863242626190
0.000001800000   546185553.357331156731
0.000001860000   521224553.618427336216
0.000001920000   497407138.360196590424
0.000001980000   474681051.359730899334
0.000002040000   452996430.805609941483
0.000002100000   432305699.899383127689
0.000002160000   412563462.470448255539
0.000002220000   393726403.375301837921
0.000002280000   375753193.462634444237
0.000002340000   358604398.895760297775
0.000002400000   342242394.633432269096
0.000002460000   326631281.879215598106
0.000002520000   311736809.318301975727
0.000002580000   297526297.968954682350
0.000002640000   283968569.483705759048
0.000002700000   271033877.742996394634
0.000002760000   258693843.591174244881
0.000002820000   246921392.571656137705
0.000002880000   235690695.524645358324
0.000002940000   224977111.917072385550
0.000003000000   214757135.780423313379


0.000003000000   41629685.298351950943
0.000003170000   40569806.537791326642
0.000003340000   39537051.169282220304
0.000003510000   38530728.732821367681
0.000003680000   37550166.440434083343
0.000003850000   36594708.726374387741
0.000004020000   35663716.808839291334
0.000004190000   34756568.262904182076
0.000004360000   33872656.604393742979
0.000004530000   33011390.884410299361
0.000004700000   32172195.294248368591
0.000004870000   31354508.780431441963
0.000005040000   30557784.669613450766
0.000005210000   29781490.303094267845
0.000005380000   29025106.680704873055
0.000005550000   28288128.113824047148
0.000005720000   27570061.887294653803
0.000005890000   26870427.930013485253
0.000006060000   26188758.493974458426
0.000006230000   25524597.841550465673
0.000006400000   24877501.940805006772
0.000006570000   24247038.168629679829
0.000006740000   23632785.021509293467
0.000006910000   23034331.833720978349
0.000007080000   22451278.502779118717
0.000007250000   21883235.221942406148
0.000007420000   21329822.219604242593
0.000007590000   20790669.505392231047
0.000007760000   20265416.622807040811
0.000007930000   19753712.408235229552
0.000008100000   19255214.756174925715
0.000008270000   18769590.390517432243
0.000008440000   18296514.641731794924
0.000008610000   17835671.229803413153
0.000008780000   17386752.052781529725
0.000008950000   16949456.980794269592
0.000009120000   16523493.655393524095
0.000009290000   16108577.294095462188
0.000009460000   15704430.499986061826
0.000009630000   15310783.076264340430
0.000009800000   14927371.845599299297
0.000009970000   14553940.474179817364
0.000010140000   14190239.300339851528
0.000010310000   13836025.167644366622
0.000010480000   13491061.262324426323
0.000010650000   13155116.954952731729
0.000010820000   12827967.646253762767
0.000010990000   12509394.616945456713
0.000011160000   12199184.881512027234
0.000011330000   11897131.045810133219
0.000011500000   11603031.168413240463
0.000011670000   11316688.625601453707
0.000011840000   11037911.979906555265
0.000012010000   10766514.852124368772
0.000012180000   10502315.796708894894
0.000012350000   10245138.180464878678
0.000012520000   9994810.064457738772
0.000012690000   9751164.089061891660
0.000012860000   9514037.362070640549
0.000013030000   9283271.349792772904
0.000013200000   9058711.771063124761
0.000013370000   8840208.494096197188
0.000013540000   8627615.436113901436
0.000013710000   8420790.465680291876
0.000013880000   8219595.307678040117
0.000014050000   8023895.450863067992
0.000014220000   7833560.057935575023
0.000014390000   7648461.878067318350
0.000014560000   7468477.161826663651
0.000014730000   7293485.578444534913
0.000014900000   7123370.135365956463
0.000015070000   6958017.100033381023
0.000015240000   6797315.923849541694
0.000015410000   6641159.168268959038
0.000015580000   6489442.432968719862
0.000015750000   6342064.286050485447
0.000015920000   6198926.196227081120
0.000016090000   6059932.466948308051
0.000016260000   5924990.172421968542
0.000016430000   5794009.095487293787
0.000016600000   5666901.667299265973
0.000016770000   5543582.908783506602
0.000016940000   5423970.373822567984
0.000017110000   5307984.094135681167
0.000017280000   5195546.525815074332
0.000017450000   5086582.497483133338
0.000017620000   4981019.160035756417
0.000017790000   4878785.937938272022
0.000017960000   4779814.482041391544
0.000018130000   4684038.623885631561
0.000018300000   4591394.331463657320
0.000018470000   4501819.666410976090
0.000018640000   4415254.742596361786
0.000018810000   4331641.686084321700
0.000018980000   4250924.596442836337
0.000019150000   4173049.509370510932
0.000019320000   4097964.360618141480
0.000019490000   4025618.951180589385
0.000019660000   3955964.913735683076
0.000019830000   3888955.680307706818
0.000020000000   3824546.451133870054


0.000020000000   1513289.304496030323
0.000020666667   1421081.674009367125
0.000021333333   1334492.432029066607
0.000022000000   1253179.239328036085
0.000022666667   1176820.616067612544
0.000023333333   1105114.670794873266
0.000024000000   1037777.906884588883
0.000024666667   974544.101706962916
0.000025333333   915163.254089845577
0.000026000000   859400.595914097503
0.000026666667   807035.663934355020
0.000027333333   757861.428155543399
0.000028000000   711683.473319087410
0.000028666667   668319.230262745637
0.000029333333   627597.254115170566
0.000030000000   589356.546471465263
0.000030666667   553445.918869889225
0.000031333333   519723.395053157350
0.000032000000   488055.649651107495
0.000032666667   458317.481065518223
0.000033333333   430391.316473069543
0.000034000000   404166.746989428648
0.000034666667   379540.091156685085
0.000035333333   356413.985028338502
0.000036000000   334696.997231199872
0.000036666667   314303.267482314433
0.000037333333   295152.167131747061
0.000038000000   277167.980389151664
0.000038666667   260279.604973822657
0.000039333333   244420.271004718117
0.000040000000   229527.277019057801
0.000040666667   215541.742075820017
0.000041333333   202408.372964053095
0.000042000000   190075.245595636836
0.000042666667   178493.599718207406
0.000043333333   167617.646136623895
0.000044000000   157404.385680806095
0.000044666667   147813.439204215858
0.000045333333   138806.887940863409
0.000046000000   130349.123589673880
0.000046666667   122406.707533508452
0.000047333333   114948.238636247508
0.000048000000   107944.229095258794
0.000048666667   101366.987858421067
0.000049333333   95190.511144780394
0.000050000000   89390.379636001686
0.000050666667   83943.661932151852
0.000051333333   78828.823890116968
0.000052000000   74025.643486214030
0.000052666667   69515.130866398176
0.000053333333   65279.453267975681
0.000054000000   61301.864515993460
0.000054666667   57566.638815561644
0.000055333333   54059.008578351022
0.000056000000   50765.106037455756
0.000056666667   47671.908419790183
0.000057333333   44767.186459253076
0.000058000000   42039.456047101266
0.000058666667   39477.932828377277
0.000059333333   37072.489564883530
0.000060000000   34813.616096133512
0.000060666667   32692.381739981167
0.000061333333   30700.399984275995
0.000062000000   28829.795329948658
0.000062666667   27073.172154437798
0.000063333333   25423.585472356721
0.000064000000   23874.513477799148
0.000064666667   22419.831759727400
0.000065333333   21053.789088500900
0.000066000000   19770.984677814700
0.000066666667   18566.346832150699
0.000067333333   17435.112895322294
0.000068000000   16372.810420836824
0.000068666667   15375.239489631176
0.000069333333   14438.456105271727
0.000070000000   13558.756600970080
0.000070666667   12732.662996766025
0.000071333333   11956.909248985978
0.000072000000   11228.428337612722
0.000072666667   10544.340140515053
0.000073333333   9901.940046596919
0.000074000000   9298.688262847010
0.000074666667   8732.199773013090
0.000075333333   8200.234908201754
0.000076000000   7700.690492123479
0.000076666667   7231.591525974867
0.000077333333   6791.083380083345
0.000078000000   6377.424461443321
0.000078666667   5988.979328154058
0.000079333333   5624.212223536584
0.000080000000   5281.681004366083
0.000080666667   4960.031439214444
0.000081333333   4657.991854360883
0.000082000000   4374.368106102723
0.000082666667   4108.038859588849
0.000083333333   3857.951155510244
0.000084000000   3623.116247120065
0.000084666667   3402.605691124498
0.000085333333   3195.547676989360
0.000086000000   3001.123580149966
0.000086666667   2818.564725497053
0.000087333333   2647.149348342864
0.000088000000   2486.199740852283
0.000088666667   2335.079572657135
0.000089333333   2193.191375060444
0.000090000000   2059.974178884192
0.000090666667   1934.901296621575
0.000091333333   1817.478240125281
0.000092000000   1707.240765599146
0.000092666667   1603.753038163884
0.000093333333   1506.605908740306
0.000094000000   1415.415296437524
0.000094666667   1329.820670050737
0.000095333333   1249.483622665062
0.000096000000   1174.086533729956
0.000096666667   1103.331313314603
0.000097333333   1036.938223579572
0.000098000000   974.644772805284
0.000098666667   916.204677604759
0.000099333333   861.386889217612
0.000100000000   809.974680035676
0.000100666667   761.764786748729
0.000101333333   716.566606722671
0.000102000000   674.201444432952
0.000102666667   634.501804973944
0.000103333333   597.310731851079
0.000104000000   562.481186437662
0.000104666667   529.875466642944
0.000105333333   499.364662493146
0.000106000000   470.828146472980
0.000106666667   444.153096612710
0.000107333333   419.234050435208
0.000108000000   395.972487999507
0.000108666667   374.276442392360
0.000109333333   354.060136127855
0.000110000000   335.243642017546
0.000110666667   317.752567170317
0.000111333333   301.517758872653
0.000112000000   286.475031186467
0.000112666667   272.564911183580
0.000113333333   259.732403813549
0.000114000000   247.926774475234
0.000114666667   237.101348432486
0.000115333333   227.213326280899
0.000116000000   218.223614736097
0.000116666667   210.096672074515
0.000117333333   202.800367615647
0.000118000000   196.305854690185
0.000118666667   190.587456591825
0.000119333333   185.622565061847
0.000120000000   181.391550905097


0.000120000000   5.260354976248
0.000122500000   5.155383284261
0.000125000000   5.052504586314
0.000127500000   4.951677115485
0.000130000000   4.852859937610
0.000132500000   4.756012934671
0.000135000000   4.661096788505
0.000137500000   4.568072964842
0.000140000000   4.476903697663
0.000142500000   4.387551973864
0.000145000000   4.299981518232
0.000147500000   4.214156778719
0.000150000000   4.130042912003
0.000152500000   4.047605769350
0.000155000000   3.966811882744
0.000157500000   3.887628451301
0.000160000000   3.810023327956
0.000162500000   3.733965006407
0.000165000000   3.659422608325
0.000167500000   3.586365870822
0.000170000000   3.514765134160
0.000172500000   3.444591329711
0.000175000000   3.375815968157
0.000177500000   3.308411127924
0.000180000000   3.242349443843
0.000182500000   3.177604096044
0.000185000000   3.114148799065
0.000187500000   3.051957791184
0.000190000000   2.991005823956
0.000192500000   2.931268151965
0.000195000000   2.872720522776
0.000197500000   2.815339167094
0.000200000000   2.759100789105
0.000202500000   2.703982557029
0.000205000000   2.649962093841
0.000207500000   2.597017468193
0.000210000000   2.545127185508
0.000212500000   2.494270179252
0.000215000000   2.444425802385
0.000217500000   2.395573818974
0.000220000000   2.347694395982
0.000222500000   2.300768095215
0.000225000000   2.254775865426
0.000227500000   2.209699034588
0.000230000000   2.165519302309
0.000232500000   2.122218732402
0.000235000000   2.079779745603
0.000237500000   2.038185112440
0.000240000000   1.997417946229
0.000242500000   1.957461696224
0.000245000000   1.918300140900
0.000247500000   1.879917381358
0.000250000000   1.842297834881
0.000252500000   1.805426228602
0.000255000000   1.769287593302
0.000257500000   1.733867257339
0.000260000000   1.699150840684
0.000262500000   1.665124249089
0.000265000000   1.631773668362
0.000267500000   1.599085558761
0.000270000000   1.567046649492
0.000272500000   1.535643933329
0.000275000000   1.504864661325
0.000277500000   1.474696337644
0.000280000000   1.445126714482
0.000282500000   1.416143787097
0.000285000000   1.387735788935
0.000287500000   1.359891186854
0.000290000000   1.332598676439
0.000292500000   1.305847177417
0.000295000000   1.279625829154
0.000297500000   1.253923986248
0.000300000000   1.228731214208
0.000302500000   1.204037285215
0.000305000000   1.179832173973
0.000307500000   1.156106053638
0.000310000000   1.132849291824
0.000312500000   1.110052446701
0.000315000000   1.087706263154
0.000317500000   1.065801669030
0.000320000000   1.044329771452
0.000322500000   1.023281853211
0.000325000000   1.002649369226
0.000327500000   0.982423943076
0.000330000000   0.962597363596
0.000332500000   0.943161581548
0.000335000000   0.924108706349
0.000337500000   0.905431002871
0.000340000000   0.887120888296
0.000342500000   0.869170929045
0.000345000000   0.851573837753
0.000347500000   0.834322470312
0.000350000000   0.817409822975
0.000352500000   0.800829029507
0.000355000000   0.784573358400
0.000357500000   0.768636210141
0.000360000000   0.753011114529
0.000362500000   0.737691728056
0.000365000000   0.722671831320
0.000367500000   0.707945326511
0.000370000000   0.693506234931
0.000372500000   0.679348694563
0.000375000000   0.665466957698
0.000377500000   0.651855388598
0.000380000000   0.638508461206
0.000382500000   0.625420756909
0.000385000000   0.612586962330
0.000387500000   0.600001867176
0.000390000000   0.587660362123
0.000392500000   0.575557436739
0.000395000000   0.563688177451
0.000397500000   0.552047765550
0.000400000000   0.540631475237
0.000402500000   0.529434671699
0.000405000000   0.518452809234
0.000407500000   0.507681429400
0.000410000000   0.497116159209
0.000412500000   0.486752709349
0.000415000000   0.476586872443
0.000417500000   0.466614521341
0.000420000000   0.456831607447
0.000422500000   0.447234159072
0.000425000000   0.437818279820
0.000427500000   0.428580147014
0.000430000000   0.419516010135
0.000432500000   0.410622189304
0.000435000000   0.401895073788
0.000437500000   0.393331120534
0.000440000000   0.384926852728
0.000442500000   0.376678858387
0.000445000000   0.368583788971
0.000447500000   0.360638358027
0.000450000000   0.352839339851
0.000452500000   0.345183568179
0.000455000000   0.337667934905
0.000457500000   0.330289388814
0.000460000000   0.323044934348
0.000462500000   0.315931630388
0.000465000000   0.308946589058
0.000467500000   0.302086974555
0.000470000000   0.295350001999
0.000472500000   0.288732936297
0.000475000000   0.282233091038
0.000477500000   0.275847827401
0.000480000000   0.269574553082
0.000482500000   0.263410721244
0.000485000000   0.257353829480
0.000487500000   0.251401418799
0.000490000000   0.245551072628
0.000492500000   0.239800415832
0.000495000000   0.234147113745
0.000497500000   0.228588871227
0.000500000000   0.223123431730
0.000502500000   0.217748576384
0.000505000000   0.212462123092
0.000507500000   0.207261925648
0.000510000000   0.202145872864
0.000512500000   0.197111887714
0.000515000000   0.192157926489
0.000517500000   0.187281977969
0.000520000000   0.182482062606
0.000522500000   0.177756231718
0.000525000000   0.173102566704
0.000527500000   0.168519178256
0.000530000000   0.164004205602
0.000532500000   0.159555815742
0.000535000000   0.155172202709
0.000537500000   0.150851586834
0.000540000000   0.146592214024
0.000542500000   0.142392355049
0.000545000000   0.138250304841
0.000547500000   0.134164381801
0.000550000000   0.130132927117
0.000552500000   0.126154304090
0.000555000000   0.122226897470
0.000557500000   0.118349112799
0.000560000000   0.114519375765
0.000562500000   0.110736131564
0.000565000000   0.106997844265
0.000567500000   0.103302996191
0.000570000000   0.099650087298
0.000572500000   0.096037634570
0.000575000000   0.092464171417
0.000577500000   0.088928247074
0.000580000000   0.085428426020
0.000582500000   0.081963287390
0.000585000000   0.078531424399
0.000587500000   0.075131443770
0.000590000000   0.071761965174
0.000592500000   0.068421620661
0.000595000000   0.065109054110
0.000597500000   0.061822920679
0.000600000000   0.058561886256
0.000602500000   0.055324626918
0.000605000000   0.052109828396
0.000607500000   0.048916185538
0.000610000000   0.045742401784
0.000612500000   0.042587188631
0.000615000000   0.039449265121
0.000617500000   0.036327357312
0.000620000000   0.033220197765


