0.000000000000   946.453865414318
0.000000060000   942.820378486088
0.000000120000   939.193677181845
0.000000180000   935.573735399659
0.000000240000   931.960527086248
0.000000300000   928.354026236796
0.000000360000   924.754206894756
0.000000420000   921.161043151674
0.000000480000   917.574509146994
0.000000540000   913.994579067877
0.000000600000   910.421227149013
0.000000660000   906.854427672435
0.000000720000   903.294154967337
0.000000780000   899.740383409885
0.000000840000   896.193087423037
0.000000900000   892.652241476354
0.000000960000   889.117820085822
0.000001020000   885.589797813664
0.000001080000   882.068149268157
0.000001140000   878.552849103453
0.000001200000   875.043872019394
0.000001260000   871.541192761328
0.000001320000   868.044786119932
0.000001380000   864.554626931028
0.000001440000   861.070690075399
0.000001500000   857.592950478614
0.000001560000   854.121383110843
0.000001620000   850.655962986679
0.000001680000   847.196665164959
0.000001740000   843.743464748580
0.000001800000   840.296336884327
0.000001860000   836.855256762686
0.000001920000   833.420199617673
0.000001980000   829.991140726651
0.000002040000   826.568055410152
0.000002100000   823.150919031702
0.000002160000   819.739706997643
0.000002220000   816.334394756954
0.000002280000   812.934957801077
0.000002340000   809.541371663739
0.000002400000   806.153611920776
0.000002460000   802.771654189958
0.000002520000   799.395474130811
0.000002580000   796.025047444446
0.000002640000   792.660349873381
0.000002700000   789.301357201368
0.000002760000   785.948045253218
0.000002820000   782.600389894626
0.000002880000   779.258367031998
0.000002940000   775.921952612280
0.000003000000   772.591122622782


0.000003000000   758.981349707098
0.000003170000   756.182137514004
0.000003340000   753.395925278758
0.000003510000   750.622665101997
0.000003680000   747.862309307027
0.000003850000   745.114810438999
0.000004020000   742.380121264094
0.000004190000   739.658194768714
0.000004360000   736.948984158670
0.000004530000   734.252442858379
0.000004700000   731.568524510063
0.000004870000   728.897182972954
0.000005040000   726.238372322497
0.000005210000   723.592046849564
0.000005380000   720.958161059667
0.000005550000   718.336669672175
0.000005720000   715.727527619535
0.000005890000   713.130690046502
0.000006060000   710.546112309360
0.000006230000   707.973749975162
0.000006400000   705.413558820962
0.000006570000   702.865494833055
0.000006740000   700.329514206222
0.000006910000   697.805573342976
0.000007080000   695.293628852812
0.000007250000   692.793637551460
0.000007420000   690.305556460147
0.000007590000   687.829342804853
0.000007760000   685.364954015579
0.000007930000   682.912347725613
0.000008100000   680.471481770805
0.000008270000   678.042314188836
0.000008440000   675.624803218503
0.000008610000   673.218907298999
0.000008780000   670.824585069196
0.000008950000   668.441795366936
0.000009120000   666.070497228325
0.000009290000   663.710649887026
0.000009460000   661.362212773559
0.000009630000   659.025145514603
0.000009800000   656.699407932305
0.000009970000   654.384960043585
0.000010140000   652.081762059450
0.000010310000   649.789774384313
0.000010480000   647.508957615308
0.000010650000   645.239272541614
0.000010820000   642.980680143783
0.000010990000   640.733141593067
0.000011160000   638.496618250749
0.000011330000   636.271071667484
0.000011500000   634.056463582631
0.000011670000   631.852755923603
0.000011840000   629.659910805205
0.000012010000   627.477890528988
0.000012180000   625.306657582599
0.000012350000   623.146174639135
0.000012520000   620.996404556504
0.000012690000   618.857310376782
0.000012860000   616.728855325585
0.000013030000   614.611002811429
0.000013200000   612.503716425104
0.000013370000   610.406959939051
0.000013540000   608.320697306734
0.000013710000   606.244892662023
0.000013880000   604.179510318580
0.000014050000   602.124514769240
0.000014220000   600.079870685403
0.000014390000   598.045542916429
0.000014560000   596.021496489030
0.000014730000   594.007696606671
0.000014900000   592.004108648972
0.000015070000   590.010698171109
0.000015240000   588.027430903230
0.000015410000   586.054272749855
0.000015580000   584.091189789300
0.000015750000   582.138148273087
0.000015920000   580.195114625367
0.000016090000   578.262055442342
0.000016260000   576.338937491690
0.000016430000   574.425727711994
0.000016600000   572.522393212178
0.000016770000   570.628901270931
0.000016940000   568.745219336157
0.000017110000   566.871315024406
0.000017280000   565.007156120321
0.000017450000   563.152710576086
0.000017620000   561.307946510870
0.000017790000   559.472832210283
0.000017960000   557.647336125831
0.000018130000   555.831426874370
0.000018300000   554.025073237571
0.000018470000   552.228244161378
0.000018640000   550.440908755480
0.000018810000   548.663036292776
0.000018980000   546.894596208847
0.000019150000   545.135558101433
0.000019320000   543.385891729907
0.000019490000   541.645567014759
0.000019660000   539.914554037075
0.000019830000   538.192823038025
0.000020000000   536.480344418350


0.000020000000   430.706853733038
0.000020666667   425.575260399177
0.000021333333   420.507283190108
0.000022000000   415.502164531083
0.000022666667   410.559156243617
0.000023333333   405.677519433651
0.000024000000   400.856524381097
0.000024666667   396.095450430758
0.000025333333   391.393585884604
0.000026000000   386.750227895384
0.000026666667   382.164682361563
0.000027333333   377.636263823568
0.000028000000   373.164295361319
0.000028666667   368.748108493046
0.000029333333   364.387043075358
0.000030000000   360.080447204568
0.000030666667   355.827677119240
0.000031333333   351.628097103962
0.000032000000   347.481079394314
0.000032666667   343.386004083030
0.000033333333   339.342259027332
0.000034000000   335.349239757426
0.000034666667   331.406349386144
0.000035333333   327.512998519718
0.000036000000   323.668605169679
0.000036666667   319.872594665856
0.000037333333   316.124399570478
0.000038000000   312.423459593346
0.000038666667   308.769221508084
0.000039333333   305.161139069436
0.000040000000   301.598672931620
0.000040666667   298.081290567697
0.000041333333   294.608466189971
0.000042000000   291.179680671394
0.000042666667   287.794421467963
0.000043333333   284.452182542104
0.000044000000   281.152464287031
0.000044666667   277.894773452059
0.000045333333   274.678623068876
0.000046000000   271.503532378745
0.000046666667   268.369026760644
0.000047333333   265.274637660313
0.000048000000   262.219902520219
0.000048666667   259.204364710407
0.000049333333   256.227573460243
0.000050000000   253.289083791034
0.000050666667   250.388456449507
0.000051333333   247.525257842152
0.000052000000   244.699059970408
0.000052666667   241.909440366678
0.000053333333   239.155982031186
0.000054000000   236.438273369638
0.000054666667   233.755908131694
0.000055333333   231.108485350247
0.000056000000   228.495609281480
0.000056666667   225.916889345710
0.000057333333   223.371940069004
0.000058000000   220.860381025558
0.000058666667   218.381836780829
0.000059333333   215.935936835413
0.000060000000   213.522315569665
0.000060666667   211.140612189040
0.000061333333   208.790470670168
0.000062000000   206.471539707625
0.000062666667   204.183472661429
0.000063333333   201.925927505216
0.000064000000   199.698566775115
0.000064666667   197.501057519305
0.000065333333   195.333071248243
0.000066000000   193.194283885559
0.000066666667   191.084375719615
0.000067333333   189.003031355711
0.000068000000   186.949939668943
0.000068666667   184.924793757690
0.000069333333   182.927290897740
0.000070000000   180.957132497040
0.000070666667   179.014024051057
0.000071333333   177.097675098761
0.000072000000   175.207799179199
0.000072666667   173.344113788679
0.000073333333   171.506340338539
0.000074000000   169.694204113503
0.000074666667   167.907434230615
0.000075333333   166.145763598750
0.000076000000   164.408928878683
0.000076666667   162.696670443728
0.000077333333   161.008732340929
0.000078000000   159.344862252797
0.000078666667   157.704811459594
0.000079333333   156.088334802154
0.000080000000   154.495190645236
0.000080666667   152.925140841402
0.000081333333   151.377950695422
0.000082000000   149.853388929187
0.000082666667   148.351227647137
0.000083333333   146.871242302200
0.000084000000   145.413211662218
0.000084666667   143.976917776885
0.000085333333   142.562145945159
0.000086000000   141.168684683174
0.000086666667   139.796325692626
0.000087333333   138.444863829632
0.000088000000   137.114097074070
0.000088666667   135.803826499377
0.000089333333   134.513856242812
0.000090000000   133.243993476181
0.000090666667   131.994048377013
0.000091333333   130.763834100180
0.000092000000   129.553166749972
0.000092666667   128.361865352605
0.000093333333   127.189751829169
0.000094000000   126.036650969010
0.000094666667   124.902390403534
0.000095333333   123.786800580450
0.000096000000   122.689714738414
0.000096666667   121.610968882110
0.000097333333   120.550401757730
0.000098000000   119.507854828873
0.000098666667   118.483172252843
0.000099333333   117.476200857356
0.000100000000   116.486790117644
0.000100666667   115.514792133950
0.000101333333   114.560061609423
0.000102000000   113.622455828399
0.000102666667   112.701834635066
0.000103333333   111.798060412512
0.000104000000   110.910998062157
0.000104666667   110.040514983555
0.000105333333   109.186481054574
0.000106000000   108.348768611944
0.000106666667   107.527252432177
0.000107333333   106.721809712843
0.000108000000   105.932320054216
0.000108666667   105.158665441277
0.000109333333   104.400730226071
0.000110000000   103.658401110422
0.000110666667   102.931567128993
0.000111333333   102.220119632702
0.000112000000   101.523952272481
0.000112666667   100.842960983376
0.000113333333   100.177043968993
0.000114000000   99.526101686282
0.000114666667   98.890036830654
0.000115333333   98.268754321438
0.000116000000   97.662161287668
0.000116666667   97.070167054199
0.000117333333   96.492683128156
0.000118000000   95.929623185700
0.000118666667   95.380903059131
0.000119333333   94.846440724300
0.000120000000   94.326156288352


0.000120000000   94.326156288352
0.000122500000   93.696461739362
0.000125000000   93.069997539859
0.000127500000   92.446742091394
0.000130000000   91.826673906144
0.000132500000   91.209771606174
0.000135000000   90.596013922698
0.000137500000   89.985379695344
0.000140000000   89.377847871429
0.000142500000   88.773397505232
0.000145000000   88.172007757266
0.000147500000   87.573657893570
0.000150000000   86.978327284982
0.000152500000   86.385995406441
0.000155000000   85.796641836266
0.000157500000   85.210246255463
0.000160000000   84.626788447017
0.000162500000   84.046248295200
0.000165000000   83.468605784874
0.000167500000   82.893841000802
0.000170000000   82.321934126963
0.000172500000   81.752865445866
0.000175000000   81.186615337873
0.000177500000   80.623164280521
0.000180000000   80.062492847848
0.000182500000   79.504581709725
0.000185000000   78.949411631189
0.000187500000   78.396963471781
0.000190000000   77.847218184883
0.000192500000   77.300156817065
0.000195000000   76.755760507429
0.000197500000   76.214010486958
0.000200000000   75.674888077874
0.000202500000   75.138374692987
0.000205000000   74.604451835059
0.000207500000   74.073101096167
0.000210000000   73.544304157063
0.000212500000   73.018042786547
0.000215000000   72.494298840838
0.000217500000   71.973054262946
0.000220000000   71.454291082053
0.000222500000   70.937991412890
0.000225000000   70.424137455123
0.000227500000   69.912711492736
0.000230000000   69.403695893426
0.000232500000   68.897073107987
0.000235000000   68.392825669714
0.000237500000   67.890936193794
0.000240000000   67.391387376708
0.000242500000   66.894161995637
0.000245000000   66.399242907865
0.000247500000   65.906613050191
0.000250000000   65.416255438339
0.000252500000   64.928153166371
0.000255000000   64.442289406108
0.000257500000   63.958647406547
0.000260000000   63.477210493282
0.000262500000   62.997962067934
0.000265000000   62.520885607575
0.000267500000   62.045964664159
0.000270000000   61.573182863955
0.000272500000   61.102523906984
0.000275000000   60.633971566453
0.000277500000   60.167509688202
0.000280000000   59.703122190140
0.000282500000   59.240793061696
0.000285000000   58.780506363265
0.000287500000   58.322246225656
0.000290000000   57.865996849550
0.000292500000   57.411742504951
0.000295000000   56.959467530645
0.000297500000   56.509156333661
0.000300000000   56.060793388733
0.000302500000   55.614363237764
0.000305000000   55.169850489292
0.000307500000   54.727239817963
0.000310000000   54.286515963999
0.000312500000   53.847663732675
0.000315000000   53.410667993791
0.000317500000   52.975513681156
0.000320000000   52.542185792061
0.000322500000   52.110669386770
0.000325000000   51.680949588000
0.000327500000   51.253011580409
0.000330000000   50.826840610085
0.000332500000   50.402421984038
0.000335000000   49.979741069693
0.000337500000   49.558783294386
0.000340000000   49.139534144861
0.000342500000   48.721979166770
0.000345000000   48.306103964174
0.000347500000   47.891894199048
0.000350000000   47.479335590785
0.000352500000   47.068413915705
0.000355000000   46.659115006565
0.000357500000   46.251424752069
0.000360000000   45.845329096380
0.000362500000   45.440814038642
0.000365000000   45.037865632489
0.000367500000   44.636469985570
0.000370000000   44.236613259067
0.000372500000   43.838281667221
0.000375000000   43.441461476852
0.000377500000   43.046139006890
0.000380000000   42.652300627901
0.000382500000   42.259932761618
0.000385000000   41.869021880472
0.000387500000   41.479554507125
0.000390000000   41.091517214010
0.000392500000   40.704896622861
0.000395000000   40.319679404256
0.000397500000   39.935852277158
0.000400000000   39.553402008455
0.000402500000   39.172315412505
0.000405000000   38.792579350681
0.000407500000   38.414180730916
0.000410000000   38.037106507257
0.000412500000   37.661343679410
0.000415000000   37.286879292294
0.000417500000   36.913700435593
0.000420000000   36.541794243313
0.000422500000   36.171147893339
0.000425000000   35.801748606987
0.000427500000   35.433583648572
0.000430000000   35.066640324962
0.000432500000   34.700905985143
0.000435000000   34.336368019785
0.000437500000   33.973013860804
0.000440000000   33.610830980927
0.000442500000   33.249806893268
0.000445000000   32.889929150889
0.000447500000   32.531185346374
0.000450000000   32.173563111404
0.000452500000   31.817050116326
0.000455000000   31.461634069731
0.000457500000   31.107302718027
0.000460000000   30.754043845023
0.000462500000   30.401845271500
0.000465000000   30.050694854796
0.000467500000   29.700580488386
0.000470000000   29.351490101464
0.000472500000   29.003411658529
0.000475000000   28.656333158966
0.000477500000   28.310242636638
0.000480000000   27.965128159467
0.000482500000   27.620977829029
0.000485000000   27.277779780138
0.000487500000   26.935522180442
0.000490000000   26.594193230009
0.000492500000   26.253781160928
0.000495000000   25.914274236897
0.000497500000   25.575660752820
0.000500000000   25.237929034404
0.000502500000   24.901067437759
0.000505000000   24.565064348990
0.000507500000   24.229908183804
0.000510000000   23.895587387105
0.000512500000   23.562090432598
0.000515000000   23.229405822392
0.000517500000   22.897522086604
0.000520000000   22.566427782960
0.000522500000   22.236111496405
0.000525000000   21.906561838707
0.000527500000   21.577767448066
0.000530000000   21.249716988718
0.000532500000   20.922399150550
0.000535000000   20.595802648707
0.000537500000   20.269916223203
0.000540000000   19.944728638534
0.000542500000   19.620228683287
0.000545000000   19.296405169760
0.000547500000   18.973246933569
0.000550000000   18.650742833270
0.000552500000   18.328881749969
0.000555000000   18.007652586941
0.000557500000   17.687044269250
0.000560000000   17.367045743363
0.000562500000   17.047645976770
0.000565000000   16.728833957605
0.000567500000   16.410598694266
0.000570000000   16.092929215036
0.000572500000   15.775814567703
0.000575000000   15.459243819186
0.000577500000   15.143206055152
0.000580000000   14.827690379648
0.000582500000   14.512685914718
0.000585000000   14.198181800032
0.000587500000   13.884167192511
0.000590000000   13.570631265951
0.000592500000   13.257563210652
0.000595000000   12.944952233046
0.000597500000   12.632787555322
0.000600000000   12.321058415056
0.000602500000   12.009754064840
0.000605000000   11.698863771914
0.000607500000   11.388376817788
0.000610000000   11.078282497884
0.000612500000   10.768570121155
0.000615000000   10.459229009726
0.000617500000   10.150248498521
0.000620000000   9.841617934896


