0.000000000000   71360940.253134787083
0.000000060000   71086981.792959406972
0.000000120000   70813534.956779226661
0.000000180000   70540597.776555076241
0.000000240000   70268168.287915900350
0.000000300000   69996244.530144557357
0.000000360000   69724824.546163737774
0.000000420000   69453906.382521823049
0.000000480000   69183488.089378982782
0.000000540000   68913567.720492914319
0.000000600000   68644143.333205014467
0.000000660000   68375212.988426342607
0.000000720000   68106774.750623643398
0.000000780000   67838826.687805399299
0.000000840000   67571366.871508002281
0.000000900000   67304393.376781836152
0.000000960000   67037904.282177381217
0.000001020000   66771897.669731438160
0.000001080000   66506371.624953292310
0.000001140000   66241324.236810974777
0.000001200000   65976753.597717471421
0.000001260000   65712657.803516983986
0.000001320000   65449034.953471273184
0.000001380000   65185883.150245949626
0.000001440000   64923200.499896794558
0.000001500000   64660985.111856192350
0.000001560000   64399235.098919443786
0.000001620000   64137948.577231258154
0.000001680000   63877123.666272148490
0.000001740000   63616758.488844923675
0.000001800000   63356851.171061158180
0.000001860000   63097399.842327728868
0.000001920000   62838402.635333321989
0.000001980000   62579857.686034984887
0.000002040000   62321763.133644796908
0.000002100000   62064117.120616339147
0.000002160000   61806917.792631447315
0.000002220000   61550163.298586808145
0.000002280000   61293851.790580637753
0.000002340000   61037981.423899404705
0.000002400000   60782550.357004523277
0.000002460000   60527556.751519128680
0.000002520000   60272998.772214829922
0.000002580000   60018874.586998499930
0.000002640000   59765182.366899110377
0.000002700000   59511920.286054529250
0.000002760000   59259086.521698422730
0.000002820000   59006679.254147127271
0.000002880000   58754696.666786491871
0.000002940000   58503136.946058906615
0.000003000000   58251998.281450182199


0.000003000000   57225845.578835636377
0.000003170000   57014789.951755724847
0.000003340000   56804714.498405516148
0.000003510000   56595615.607258215547
0.000003680000   56387489.683575682342
0.000003850000   56180333.149346619844
0.000004020000   55974142.443225055933
0.000004190000   55768914.020469136536
0.000004360000   55564644.352880120277
0.000004530000   55361329.928741812706
0.000004700000   55158967.252760127187
0.000004870000   54957552.846003055573
0.000005040000   54757083.245840780437
0.000005210000   54557555.005886234343
0.000005380000   54358964.695935785770
0.000005550000   54161308.901910290122
0.000005720000   53964584.225796416402
0.000005890000   53768787.285588204861
0.000006060000   53573914.715228930116
0.000006230000   53379963.164553254843
0.000006400000   53186929.299229562283
0.000006570000   52994809.800702743232
0.000006740000   52803601.366137057543
0.000006910000   52613300.708359397948
0.000007080000   52423904.555802755058
0.000007250000   52235409.652449995279
0.000007420000   52047812.757777862251
0.000007590000   51861110.646701298654
0.000007760000   51675300.109517969191
0.000007930000   51490377.951853089035
0.000008100000   51306340.994604505599
0.000008270000   51123186.073888063431
0.000008440000   50940910.040983185172
0.000008610000   50759509.762278787792
0.000008780000   50578982.119219332933
0.000008950000   50399324.008251294494
0.000009120000   50220532.340769745409
0.000009290000   50042604.043065294623
0.000009460000   49865536.056271225214
0.000009630000   49689325.336310915649
0.000009800000   49513968.853845506907
0.000009970000   49339463.594221822917
0.000010140000   49165806.557420536876
0.000010310000   48992994.758004650474
0.000010480000   48821025.225068062544
0.000010650000   48649895.002184592187
0.000010820000   48479601.147357091308
0.000010990000   48310140.732966907322
0.000011160000   48141510.845723532140
0.000011330000   47973708.586614519358
0.000011500000   47806731.070855647326
0.000011670000   47640575.427841335535
0.000011840000   47475238.801095277071
0.000012010000   47310718.348221361637
0.000012180000   47147011.240854762495
0.000012350000   46984114.664613343775
0.000012520000   46822025.819049283862
0.000012690000   46660741.917600922287
0.000012860000   46500260.187544830143
0.000013030000   46340577.869948163629
0.000013200000   46181692.219621270895
0.000013370000   46023600.505070425570
0.000013540000   45866300.008450902998
0.000013710000   45709788.025520287454
0.000013880000   45554061.865591920912
0.000014050000   45399118.851488694549
0.000014220000   45244956.319497004151
0.000014390000   45091571.619320936501
0.000014560000   44938962.114036738873
0.000014730000   44787125.180047497153
0.000014900000   44636058.207037977874
0.000015070000   44485758.597929805517
0.000015240000   44336223.768836788833
0.000015410000   44187451.149020500481
0.000015580000   44039438.180846087635
0.000015750000   43892182.319738313556
0.000015920000   43745681.034137785435
0.000016090000   43599931.805457457900
0.000016260000   43454932.128039330244
0.000016430000   43310679.509111344814
0.000016600000   43167171.468744575977
0.000016770000   43024405.539810553193
0.000016940000   42882379.267938882113
0.000017110000   42741090.211475014687
0.000017280000   42600535.941438309848
0.000017450000   42460714.041480250657
0.000017620000   42321622.107842899859
0.000017790000   42183257.749317616224
0.000017960000   42045618.587203897536
0.000018130000   41908702.255268499255
0.000018300000   41772506.399704784155
0.000018470000   41637028.679092220962
0.000018640000   41502266.764356128871
0.000018810000   41368218.338727690279
0.000018980000   41234881.097704060376
0.000019150000   41102252.749008774757
0.000019320000   40970331.012552358210
0.000019490000   40839113.620393067598
0.000019660000   40708598.316698014736
0.000019830000   40578782.857704237103
0.000020000000   40449665.011680245399


0.000020000000   23814656.580677352846
0.000020666667   23530920.364505276084
0.000021333333   23250701.613058403134
0.000022000000   22973958.438490521163
0.000022666667   22700649.472493905574
0.000023333333   22430733.860115498304
0.000024000000   22164171.253649793565
0.000024666667   21900921.806607533246
0.000025333333   21640946.167759377509
0.000026000000   21384205.475253563374
0.000026666667   21130661.350806735456
0.000027333333   20880275.893967054784
0.000028000000   20633011.676448732615
0.000028666667   20388831.736537169665
0.000029333333   20147699.573563791811
0.000030000000   19909579.142449866980
0.000030666667   19674434.848318364471
0.000031333333   19442231.541173145175
0.000032000000   19212934.510644644499
0.000032666667   18986509.480801288038
0.000033333333   18762922.605025809258
0.000034000000   18542140.460955791175
0.000034666667   18324130.045487575233
0.000035333333   18108858.769842900336
0.000036000000   17896294.454697430134
0.000036666667   17686405.325370498002
0.000037333333   17479160.007075343281
0.000038000000   17274527.520229138434
0.000038666667   17072477.275822054595
0.000039333333   16872979.070844769478
0.000040000000   16676003.083773596212
0.000040666667   16481519.870112730190
0.000041333333   16289500.357992762700
0.000042000000   16099915.843824975193
0.000042666667   15912737.988010624424
0.000043333333   15727938.810704685748
0.000044000000   15545490.687633339316
0.000044666667   15365366.345964619890
0.000045333333   15187538.860231602564
0.000046000000   15011981.648307511583
0.000046666667   14838668.467432156205
0.000047333333   14667573.410289091989
0.000048000000   14498670.901132928208
0.000048666667   14331935.691966183484
0.000049333333   14167342.858765168115
0.000050000000   14004867.797754259780
0.000050666667   13844486.221728069708
0.000051333333   13686174.156420929357
0.000052000000   13529907.936923151836
0.000052666667   13375664.204143539071
0.000053333333   13223419.901317594573
0.000054000000   13073152.270560950041
0.000054666667   12924838.849467443302
0.000055333333   12778457.467751394957
0.000056000000   12633986.243933504447
0.000056666667   12491403.582069985569
0.000057333333   12350688.168524323031
0.000058000000   12211818.968781260774
0.000058666667   12074775.224302500486
0.000059333333   11939536.449423668906
0.000060000000   11806082.428292058408
0.000060666667   11674393.211844716221
0.000061333333   11544449.114826394245
0.000062000000   11416230.712846949697
0.000062666667   11289718.839477738366
0.000063333333   11164894.583386568353
0.000064000000   11041739.285510772839
0.000064666667   10920234.536268012598
0.000065333333   10800362.172804353759
0.000066000000   10682104.276279252023
0.000066666667   10565443.169186977670
0.000067333333   10450361.412714147940
0.000068000000   10336841.804132916033
0.000068666667   10224867.374229475856
0.000069333333   10114421.384767446667
0.000070000000   10005487.325985798612
0.000070666667   9898048.914130937308
0.000071333333   9792090.089022554457
0.000072000000   9687595.011652916670
0.000072666667   9584548.061819208786
0.000073333333   9482933.835788574070
0.000074000000   9382737.143995538354
0.000074666667   9283943.008771417663
0.000075333333   9186536.662105428055
0.000076000000   9090503.543437117711
0.000076666667   8995829.297479819506
0.000077333333   8902499.772074786946
0.000078000000   8810501.016075681895
0.000078666667   8719819.277263127267
0.000079333333   8630441.000288989395
0.000080000000   8542352.824650079012
0.000080666667   8455541.582691006362
0.000081333333   8369994.297635820694
0.000082000000   8285698.181648228317
0.000082666667   8202640.633920022286
0.000083333333   8120809.238787482493
0.000084000000   8040191.763875445351
0.000084666667   7960776.158268781379
0.000085333333   7882550.550710990094
0.000086000000   7805503.247829655185
0.000086666667   7729622.732388477772
0.000087333333   7654897.661565662362
0.000088000000   7581316.865258357488
0.000088666667   7508869.344412915409
0.000089333333   7437544.269380724989
0.000090000000   7367330.978299371898
0.000090666667   7298218.975498870015
0.000091333333   7230197.929932742380
0.000092000000   7163257.673633709550
0.000092666667   7097388.200193749741
0.000093333333   7032579.663268321194
0.000094000000   6968822.375104502775
0.000094666667   6906106.805092841387
0.000095333333   6844423.578342688270
0.000096000000   6783763.474280820228
0.000096666667   6724117.425273123197
0.000097333333   6665476.515269133262
0.000098000000   6607831.978469248861
0.000098666667   6551175.198014389724
0.000099333333   6495497.704697929323
0.000100000000   6440791.175699693151
0.000100666667   6387047.433341844007
0.000101333333   6334258.443866455927
0.000102000000   6282416.316234612837
0.000102666667   6231513.300946828909
0.000103333333   6181541.788884638809
0.000104000000   6132494.310173160397
0.000104666667   6084363.533064483665
0.000105333333   6037142.262841699645
0.000106000000   5990823.440743408166
0.000106666667   5945400.142908568494
0.000107333333   5900865.579341488890
0.000108000000   5857213.092896850780
0.000108666667   5814436.158284571022
0.000109333333   5772528.381094392389
0.000110000000   5731483.496840029024
0.000110666667   5691295.370022726245
0.000111333333   5651957.993214121088
0.000112000000   5613465.486158227548
0.000112666667   5575812.094892444089
0.000113333333   5538992.190887437202
0.000114000000   5503000.270205768757
0.000114666667   5467830.952679156326
0.000115333333   5433478.981104231440
0.000116000000   5399939.220456679352
0.000116666667   5367206.657123638317
0.000117333333   5335276.398154253140
0.000118000000   5304143.670528266579
0.000118666667   5273803.820442534983
0.000119333333   5244252.312615356408
0.000120000000   5215484.729608540423


0.000120000000   260774.236480427062
0.000122500000   259033.381963608001
0.000125000000   257301.458075940551
0.000127500000   255578.405106317892
0.000130000000   253864.163649473543
0.000132500000   252158.674603933236
0.000135000000   250461.879169977619
0.000137500000   248773.718847614684
0.000140000000   247094.135434563068
0.000142500000   245423.071024245321
0.000145000000   243760.468003791495
0.000147500000   242106.269052052958
0.000150000000   240460.417137625918
0.000152500000   238822.855516885524
0.000155000000   237193.527732029033
0.000157500000   235572.377609129762
0.000160000000   233959.349256200250
0.000162500000   232354.387061265181
0.000165000000   230757.435690444225
0.000167500000   229168.440086044255
0.000170000000   227587.345464661019
0.000172500000   226014.097315290594
0.000175000000   224448.641397449770
0.000177500000   222890.923739306338
0.000180000000   221340.890635817894
0.000182500000   219798.488646880636
0.000185000000   218263.664595486858
0.000187500000   216736.365565891465
0.000190000000   215216.538901787600
0.000192500000   213704.132204491354
0.000195000000   212199.093331135140
0.000197500000   210701.370392869867
0.000200000000   209210.911753076303
0.000202500000   207727.666025584564
0.000205000000   206251.582072902500
0.000207500000   204782.609004452650
0.000210000000   203320.696174817800
0.000212500000   201865.793181994813
0.000215000000   200417.849865656957
0.000217500000   198976.816305424407
0.000220000000   197542.642819143453
0.000222500000   196115.279961173364
0.000225000000   194694.678520681686
0.000227500000   193280.789519947692
0.000230000000   191873.564212673868
0.000232500000   190472.954082304961
0.000235000000   189078.910840355733
0.000237500000   187691.386424745840
0.000240000000   186310.332998142898
0.000242500000   184935.702946313191
0.000245000000   183567.448876480048
0.000247500000   182205.523615689977
0.000250000000   180849.880209186202
0.000252500000   179500.471918789990
0.000255000000   178157.252221289004
0.000257500000   176820.174806833529
0.000260000000   175489.193577339815
0.000262500000   174164.262644900766
0.000265000000   172845.336330203951
0.000267500000   171532.369160956441
0.000270000000   170225.315870317456
0.000272500000   168924.131395337376
0.000275000000   167628.770875404356
0.000277500000   166339.189650697634
0.000280000000   165055.343260647700
0.000282500000   163777.187442403549
0.000285000000   162504.678129306616
0.000287500000   161237.771449371328
0.000290000000   159976.423723772925
0.000292500000   158720.591465341160
0.000295000000   157470.231377061195
0.000297500000   156225.300350580859
0.000300000000   154985.755464724381
0.000302500000   153751.553984012658
0.000305000000   152522.653357189760
0.000307500000   151299.011215756036
0.000310000000   150080.585372507252
0.000312500000   148867.333820080181
0.000315000000   147659.214729504427
0.000317500000   146456.186448760098
0.000320000000   145258.207501341938
0.000322500000   144065.236584829254
0.000325000000   142877.232569462009
0.000327500000   141694.154496722738
0.000330000000   140515.961577924521
0.000332500000   139342.613192804623
0.000335000000   138174.068888124166
0.000337500000   137010.288376273209
0.000340000000   135851.231533882063
0.000342500000   134696.858400437719
0.000345000000   133547.129176906252
0.000347500000   132402.004224360629
0.000350000000   131261.444062614173
0.000352500000   130125.409368859328
0.000355000000   128993.860976311902
0.000357500000   127866.759872860901
0.000360000000   126744.067199723402
0.000362500000   125625.744250104734
0.000365000000   124511.752467864120
0.000367500000   123402.053446185411
0.000370000000   122296.608926252869
0.000372500000   121195.380795932098
0.000375000000   120098.331088456194
0.000377500000   119005.421981116655
0.000380000000   117916.615793959398
0.000382500000   116831.874988485768
0.000385000000   115751.162166358146
0.000387500000   114674.440068110736
0.000390000000   113601.671571864950
0.000392500000   112532.819692049525
0.000395000000   111467.847578125424
0.000397500000   110406.718513315340
0.000400000000   109349.395913337750
0.000402500000   108295.843325145732
0.000405000000   107246.024425670083
0.000407500000   106199.903020567072
0.000410000000   105157.443042970524
0.000412500000   104118.608552248435
0.000415000000   103083.363732763755
0.000417500000   102051.672892639675
0.000420000000   101023.500462529017
0.000422500000   99998.810994387924
0.000425000000   98977.569160253814
0.000427500000   97959.739751027242
0.000430000000   96945.287675258136
0.000432500000   95934.177957935884
0.000435000000   94926.375739283569
0.000437500000   93921.846273556017
0.000440000000   92920.554927841978
0.000442500000   91922.467180870022
0.000445000000   90927.548621818481
0.000447500000   89935.764949128876
0.000450000000   88947.081969323481
0.000452500000   87961.465595826405
0.000455000000   86978.881847788303
0.000457500000   85999.296848914950
0.000460000000   85022.676826299226
0.000462500000   84048.988109256810
0.000465000000   83078.197128165164
0.000467500000   82110.270413306367
0.000470000000   81145.174593713047
0.000472500000   80182.876396017906
0.000475000000   79223.342643306547
0.000477500000   78266.540253973668
0.000480000000   77312.436240582494
0.000482500000   76360.997708727489
0.000485000000   75412.191855900222
0.000487500000   74465.985970358539
0.000490000000   73522.347429998656
0.000492500000   72581.243701230531
0.000495000000   71642.642337856203
0.000497500000   70706.510979951083
0.000500000000   69772.817352748389
0.000502500000   68841.529265526377
0.000505000000   67912.614610498465
0.000507500000   66986.041361706331
0.000510000000   66061.777573915722
0.000512500000   65139.791381515075
0.000515000000   64220.050997416947
0.000517500000   63302.524711962069
0.000520000000   62387.180891826043
0.000522500000   61473.987978928853
0.000525000000   60562.914489346702
0.000527500000   59653.929012226698
0.000530000000   58747.000208703757
0.000532500000   57842.096810820280
0.000535000000   56939.187620448021
0.000537500000   56038.241508212552
0.000540000000   55139.227412420012
0.000542500000   54242.114337986168
0.000545000000   53346.871355367817
0.000547500000   52453.467599496485
0.000550000000   51561.872268714207
0.000552500000   50672.054623711672
0.000555000000   49783.983986468389
0.000557500000   48897.629739194999
0.000560000000   48012.961323277726
0.000562500000   47129.948238224759
0.000565000000   46248.560040614720
0.000567500000   45368.766343047071
0.000570000000   44490.536813094419
0.000572500000   43613.841172256842
0.000575000000   42738.649194917918
0.000577500000   41864.930707302628
0.000580000000   40992.655586437104
0.000582500000   40121.793759110071
0.000585000000   39252.315200836034
0.000587500000   38384.189934820097
0.000590000000   37517.388030924485
0.000592500000   36651.879604636684
0.000595000000   35787.634816039048
0.000597500000   34924.623868780043
0.000600000000   34062.817009047008
0.000602500000   33202.184524540302
0.000605000000   32342.696743448898
0.000607500000   31484.324033427449
0.000610000000   30627.036800574617
0.000612500000   29770.805488412807
0.000615000000   28915.600576869114
0.000617500000   28061.392581257613
0.000620000000   27208.152051262787


