0.000000000000   59468498.628795012832
0.000000060000   59240179.992427669466
0.000000120000   59012288.025987178087
0.000000180000   58784821.088111653924
0.000000240000   58557777.540500432253
0.000000300000   58331155.747902281582
0.000000360000   58104954.078103639185
0.000000420000   57879170.901916682720
0.000000480000   57653804.593167811632
0.000000540000   57428853.528685793281
0.000000600000   57204316.088290125132
0.000000660000   56980190.654779322445
0.000000720000   56756475.613919362426
0.000000780000   56533169.354432001710
0.000000840000   56310270.267983183265
0.000000900000   56087776.749171510339
0.000000960000   55865687.195516444743
0.000001020000   55644000.007447011769
0.000001080000   55422713.588290207088
0.000001140000   55201826.344259493053
0.000001200000   54981336.684443302453
0.000001260000   54761243.020793624222
0.000001320000   54541543.768114604056
0.000001380000   54322237.344051033258
0.000001440000   54103322.169076897204
0.000001500000   53884796.666484177113
0.000001560000   53666659.262371338904
0.000001620000   53448908.385632127523
0.000001680000   53231542.467944070697
0.000001740000   53014559.943757496774
0.000001800000   52797959.250283896923
0.000001860000   52581738.827484808862
0.000001920000   52365897.118060700595
0.000001980000   52150432.567439608276
0.000002040000   51935343.623766027391
0.000002100000   51720628.737889662385
0.000002160000   51506286.363354280591
0.000002220000   51292314.956386670470
0.000002280000   51078712.975885413587
0.000002340000   50865478.883409813046
0.000002400000   50652611.143168836832
0.000002460000   50440108.222010016441
0.000002520000   50227968.589408494532
0.000002580000   50016190.717455886304
0.000002640000   49804773.080849297345
0.000002700000   49593714.156880408525
0.000002760000   49383012.425424478948
0.000002820000   49172666.368929296732
0.000002880000   48962674.472404450178
0.000002940000   48753035.223410263658
0.000003000000   48543747.112046867609


0.000003000000   47688653.132381007075
0.000003170000   47512509.390948459506
0.000003340000   47337184.422811366618
0.000003510000   47162675.206672966480
0.000003680000   46988978.735293701291
0.000003850000   46816092.015439428389
0.000004020000   46644012.067829683423
0.000004190000   46472735.927086517215
0.000004360000   46302260.641683354974
0.000004530000   46132583.273894138634
0.000004700000   45963700.899742610753
0.000004870000   45795610.608952082694
0.000005040000   45628309.504895135760
0.000005210000   45461794.704543866217
0.000005380000   45296063.338420040905
0.000005550000   45131112.550545752048
0.000005720000   44966939.498394213617
0.000005890000   44803541.352840781212
0.000006060000   44640915.298114173114
0.000006230000   44479058.531747914851
0.000006400000   44317968.264532171190
0.000006570000   44157641.720465578139
0.000006740000   43998076.136707365513
0.000006910000   43839268.763529866934
0.000007080000   43681216.864271074533
0.000007250000   43523917.715287558734
0.000007420000   43367368.605907373130
0.000007590000   43211566.838383525610
0.000007760000   43056509.727847404778
0.000007930000   42902194.602262474597
0.000008100000   42748618.802378393710
0.000008270000   42595779.681685030460
0.000008440000   42443674.606366932392
0.000008610000   42292300.955257885158
0.000008780000   42141656.119795769453
0.000008950000   41991737.503977701068
0.000009120000   41842542.524315103889
0.000009290000   41694068.609789490700
0.000009460000   41546313.201807811856
0.000009630000   41399273.754158630967
0.000009800000   41252947.732968173921
0.000009970000   41107332.616656586528
0.000010140000   40962425.895894594491
0.000010310000   40818225.073560208082
0.000010480000   40674727.664695695043
0.000010650000   40531931.196464844048
0.000010820000   40389833.208110183477
0.000010990000   40248431.250910714269
0.000011160000   40107722.888139635324
0.000011330000   39967705.695022433996
0.000011500000   39828377.258695043623
0.000011670000   39689735.178162291646
0.000011840000   39551777.064256541431
0.000012010000   39414500.539596565068
0.000012180000   39277903.238546423614
0.000012350000   39141982.807174794376
0.000012520000   39006736.903214462101
0.000012690000   38872163.196021966636
0.000012860000   38738259.366537220776
0.000013030000   38605023.107243888080
0.000013200000   38472452.122129298747
0.000013370000   38340544.126645140350
0.000013540000   38209296.847667999566
0.000013710000   38078708.023460090160
0.000013880000   37948775.403630338609
0.000014050000   37819496.749095782638
0.000014220000   37690869.832042723894
0.000014390000   37562892.435888536274
0.000014560000   37435562.355243332684
0.000014730000   37308877.395872086287
0.000014900000   37182835.374656639993
0.000015070000   37057434.119558349252
0.000015240000   36932671.469580404460
0.000015410000   36808545.274730719626
0.000015580000   36685053.395984835923
0.000015750000   36562193.705249160528
0.000015920000   36439964.085324168205
0.000016090000   36318362.429867982864
0.000016260000   36197386.643360160291
0.000016430000   36077034.641065441072
0.000016600000   35957304.348997786641
0.000016770000   35838193.703884899616
0.000016940000   35719700.653132416308
0.000017110000   35601823.154788576066
0.000017280000   35484559.177509136498
0.000017450000   35367906.700522281229
0.000017620000   35251863.713593915105
0.000017790000   35136428.216992907226
0.000017960000   35021598.221456699073
0.000018130000   34907371.748156934977
0.000018300000   34793746.828665472567
0.000018470000   34680721.504920452833
0.000018640000   34568293.829192444682
0.000018810000   34456461.864051021636
0.000018980000   34345223.682331308722
0.000019150000   34234577.367100663483
0.000019320000   34124521.011625930667
0.000019490000   34015052.719340361655
0.000019660000   33906170.603811003268
0.000019830000   33797872.788706086576
0.000020000000   33690157.407762892544


0.000020000000   19835279.297908466309
0.000020666667   19598768.337075125426
0.000021333333   19365191.134835422039
0.000022000000   19134512.726889114827
0.000022666667   18906698.582855671644
0.000023333333   18681714.601105380803
0.000024000000   18459527.103654813021
0.000024666667   18240102.831125661731
0.000025333333   18023408.937766190618
0.000026000000   17809412.986534558237
0.000026666667   17598082.944243401289
0.000027333333   17389387.176764909178
0.000028000000   17183294.444295510650
0.000028666667   16979773.896679680794
0.000029333333   16778795.068792030215
0.000030000000   16580327.875976929441
0.000030666667   16384342.609545366839
0.000031333333   16190809.932327747345
0.000032000000   15999700.874282605946
0.000032666667   15810986.828159932047
0.000033333333   15624639.545219231397
0.000034000000   15440631.131000831723
0.000034666667   15258934.041150404140
0.000035333333   15079521.077296013013
0.000036000000   14902365.382976716384
0.000036666667   14727440.439622526988
0.000037333333   14554720.062584795058
0.000038000000   14384178.397216791287
0.000038666667   14215789.915003437549
0.000039333333   14049529.409740088508
0.000040000000   13885371.993759311736
0.000040666667   13723293.094205586240
0.000041333333   13563268.449356975034
0.000042000000   13405274.104993415996
0.000042666667   13249286.410811034963
0.000043333333   13095282.016881996766
0.000044000000   12943237.870159229264
0.000044666667   12793131.211025664583
0.000045333333   12644939.569887360558
0.000046000000   12498640.763810034841
0.000046666667   12354212.893198523670
0.000047333333   12211634.338518649340
0.000048000000   12070883.757061062381
0.000048666667   11931940.079746408388
0.000049333333   11794782.507971558720
0.000050000000   11659390.510496212170
0.000050666667   11525743.820369681343
0.000051333333   11393822.431897057220
0.000052000000   11263606.597644671798
0.000052666667   11135076.825483977795
0.000053333333   11008213.875673936680
0.000054000000   10882998.757980901748
0.000054666667   10759412.728836022317
0.000055333333   10637437.288529608399
0.000056000000   10517054.178441846743
0.000056666667   10398245.378309622407
0.000057333333   10280993.103529216722
0.000058000000   10165279.802494000643
0.000058666667   10051088.153967233375
0.000059333333   9938401.064489243552
0.000060000000   9827201.665818655863
0.000060666667   9717473.312407396734
0.000061333333   9609199.578909143806
0.000062000000   9502364.257720442489
0.000062666667   9396951.356554722413
0.000063333333   9292945.096048375592
0.000064000000   9190329.907398788258
0.000064666667   9089090.430033829063
0.000065333333   8989211.509312449023
0.000066000000   8890678.194256251678
0.000066666667   8793475.735311562195
0.000067333333   8697589.582141401246
0.000068000000   8603005.381447628140
0.000068666667   8509708.974822223186
0.000069333333   8417686.396628016606
0.000070000000   8326923.871908150613
0.000070666667   8237407.814324136823
0.000071333333   8149124.824122115970
0.000072000000   8062061.686126987450
0.000072666667   7976205.367764265276
0.000073333333   7891543.017109247856
0.000074000000   7808061.960963238031
0.000074666667   7725749.702956364490
0.000075333333   7644593.921677194536
0.000076000000   7564582.468828167766
0.000076666667   7485703.367407227866
0.000077333333   7407944.809914922342
0.000078000000   7331295.156586905010
0.000078666667   7255742.933651658706
0.000079333333   7181276.831613003276
0.000080000000   7107885.703557085246
0.000080666667   7035558.563483827747
0.000081333333   6964284.584662441164
0.000082000000   6894053.098010788672
0.000082666667   6824853.590498287231
0.000083333333   6756675.703572240658
0.000084000000   6689509.231607264839
0.000084666667   6623344.120377561077
0.000085333333   6558170.465551939793
0.000086000000   6493978.511211269535
0.000086666667   6430758.648388002068
0.000087333333   6368501.413627961650
0.000088000000   6307197.487573551945
0.000088666667   6246837.693568964489
0.000089333333   6187412.996286340989
0.000090000000   6128914.500373324379
0.000090666667   6071333.449121570215
0.000091333333   6014661.223155854270
0.000092000000   5958889.339143964462
0.000092666667   5904009.448526680470
0.000093333333   5850013.336268170737
0.000094000000   5796892.919626270421
0.000094666667   5744640.246942534111
0.000095333333   5693247.496451994404
0.000096000000   5642706.975112236105
0.000096666667   5593011.117451917380
0.000097333333   5544152.484438256361
0.000098000000   5496123.762363435701
0.000098666667   5448917.761749898084
0.000099333333   5402527.416274080984
0.000100000000   5356945.781708644703
0.000100666667   5312166.034883022308
0.000101333333   5268181.472662100568
0.000102000000   5224985.510942726396
0.000102666667   5182571.683668113314
0.000103333333   5140933.641860106960
0.000104000000   5100065.152668588795
0.000104666667   5059960.098438674584
0.000105333333   5020612.475794756785
0.000106000000   4982016.394742039032
0.000106666667   4944166.077784791589
0.000107333333   4907055.859061383642
0.000108000000   4870680.183496371843
0.000108666667   4835033.605968861841
0.000109333333   4800110.790497393347
0.000110000000   4765906.509441182017
0.000110666667   4732415.642717716284
0.000111333333   4699633.177036166191
0.000112000000   4667554.205147037283
0.000112666667   4636173.925107598305
0.000113333333   4605487.639563049190
0.000114000000   4575490.755043386482
0.000114666667   4546178.781275784597
0.000115333333   4517547.330512414686
0.000116000000   4489592.116873747669
0.000116666667   4462308.955706892535
0.000117333333   4435693.762959191576
0.000118000000   4409742.554566966370
0.000118666667   4384451.445859052241
0.000119333333   4359816.650975327007
0.000120000000   4335834.482299987227


0.000120000000   216791.724114999408
0.000122500000   215344.410029159422
0.000125000000   213904.534794106788
0.000127500000   212472.048631310696
0.000130000000   211046.902018260211
0.000132500000   209629.045686744677
0.000135000000   208218.430621148233
0.000137500000   206815.008056749997
0.000140000000   205418.729478033871
0.000142500000   204029.546617009240
0.000145000000   202647.411451533437
0.000147500000   201272.276203653455
0.000150000000   199904.093337945989
0.000152500000   198542.815559871058
0.000155000000   197188.395814135583
0.000157500000   195840.787283056037
0.000160000000   194499.943384942686
0.000162500000   193165.817772482435
0.000165000000   191838.364331130171
0.000167500000   190517.537177516409
0.000170000000   189203.290657851729
0.000172500000   187895.579346345970
0.000175000000   186594.358043637243
0.000177500000   185299.581775220839
0.000180000000   184011.205789895495
0.000182500000   182729.185558207304
0.000185000000   181453.476770909736
0.000187500000   180184.035337428882
0.000190000000   178920.817384331400
0.000192500000   177663.779253809975
0.000195000000   176412.877502164250
0.000197500000   175168.068898299854
0.000200000000   173929.310422230279
0.000202500000   172696.559263582079
0.000205000000   171469.772820115468
0.000207500000   170248.908696244529
0.000210000000   169033.924701570679
0.000212500000   167824.778849418683
0.000215000000   166621.429355385160
0.000217500000   165423.834635885636
0.000220000000   164231.953306718322
0.000222500000   163045.744181626418
0.000225000000   161865.166270873102
0.000227500000   160690.178779820475
0.000230000000   159520.741107515292
0.000232500000   158356.812845283130
0.000235000000   157198.353775327065
0.000237500000   156045.323869334708
0.000240000000   154897.683287090884
0.000242500000   153755.392375098920
0.000245000000   152618.411665201886
0.000247500000   151486.701873221289
0.000250000000   150360.223897591786
0.000252500000   149238.938818007940
0.000255000000   148122.807894071506
0.000257500000   147011.792563955882
0.000260000000   145905.854443065182
0.000262500000   144804.955322704307
0.000265000000   143709.057168756815
0.000267500000   142618.122120366432
0.000270000000   141532.112488626968
0.000272500000   140450.990755269595
0.000275000000   139374.719571372843
0.000277500000   138303.261756062333
0.000280000000   137236.580295221211
0.000282500000   136174.638340213336
0.000285000000   135117.399206601171
0.000287500000   134064.826372877607
0.000290000000   133016.883479198557
0.000292500000   131973.534326126683
0.000295000000   130934.742873372277
0.000297500000   129900.473238546256
0.000300000000   128870.689695922803
0.000302500000   127845.356675193470
0.000305000000   126824.438760236080
0.000307500000   125807.900687893329
0.000310000000   124795.707346744268
0.000312500000   123787.823775889265
0.000315000000   122784.215163743502
0.000317500000   121784.846846825269
0.000320000000   120789.684308559008
0.000322500000   119798.693178073838
0.000325000000   118811.839229020581
0.000327500000   117829.088378378743
0.000330000000   116850.406685281487
0.000332500000   115875.760349835895
0.000335000000   114905.115711953171
0.000337500000   113938.439250182841
0.000340000000   112975.697580551045
0.000342500000   112016.857455400663
0.000345000000   111061.885762247723
0.000347500000   110110.749522624144
0.000350000000   109163.415890944350
0.000352500000   108219.852153362037
0.000355000000   107280.025726636653
0.000357500000   106343.904157007637
0.000360000000   105411.455119069258
0.000362500000   104482.646414647184
0.000365000000   103557.445971687630
0.000367500000   102635.821843145502
0.000370000000   101717.742205873932
0.000372500000   100803.175359525616
0.000375000000   99892.089725453436
0.000377500000   98984.453845616372
0.000380000000   98080.236381491006
0.000382500000   97179.406112982659
0.000385000000   96281.931937347646
0.000387500000   95387.782868114213
0.000390000000   94496.928034007477
0.000392500000   93609.336677883141
0.000395000000   92724.978155660996
0.000397500000   91843.821935260814
0.000400000000   90965.837595548044
0.000402500000   90090.994825278074
0.000405000000   89219.263422046381
0.000407500000   88350.613291244779
0.000410000000   87485.014445015098
0.000412500000   86622.437001210405
0.000415000000   85762.851182364640
0.000417500000   84906.227314657488
0.000420000000   84052.535826884632
0.000422500000   83201.747249438442
0.000425000000   82353.832213284360
0.000427500000   81508.761448942605
0.000430000000   80666.505785478483
0.000432500000   79827.036149484105
0.000435000000   78990.323564078572
0.000437500000   78156.339147903185
0.000440000000   77325.054114118160
0.000442500000   76496.439769407443
0.000445000000   75670.467512985706
0.000447500000   74847.108835603387
0.000450000000   74026.335318564685
0.000452500000   73208.118632738086
0.000455000000   72392.430537582215
0.000457500000   71579.242880158272
0.000460000000   70768.527594162311
0.000462500000   69960.256698949714
0.000465000000   69154.402298568370
0.000467500000   68350.936580788562
0.000470000000   67549.831816143938
0.000472500000   66751.060356969290
0.000475000000   65954.594636439273
0.000477500000   65160.407167621604
0.000480000000   64368.470542517207
0.000482500000   63578.757431116130
0.000485000000   62791.240580450161
0.000487500000   62005.892813644889
0.000490000000   61222.687028982931
0.000492500000   60441.596198961219
0.000495000000   59662.593369362243
0.000497500000   58885.651658309274
0.000500000000   58110.744255346770
0.000502500000   57337.844420504553
0.000505000000   56566.925483373147
0.000507500000   55797.960842183827
0.000510000000   55030.923962879519
0.000512500000   54265.788378202444
0.000515000000   53502.527686774534
0.000517500000   52741.115552186406
0.000520000000   51981.525702080580
0.000522500000   51223.731927243229
0.000525000000   50467.708080698780
0.000527500000   49713.428076801123
0.000530000000   48960.865890330606
0.000532500000   48209.995555596644
0.000535000000   47460.791165533592
0.000537500000   46713.226870806342
0.000540000000   45967.276878914025
0.000542500000   45222.915453293543
0.000545000000   44480.116912436715
0.000547500000   43738.855628993078
0.000550000000   42999.106028883281
0.000552500000   42260.842590418484
0.000555000000   41524.039843410035
0.000557500000   40788.672368292406
0.000560000000   40054.714795239786
0.000562500000   39322.141803287879
0.000565000000   38590.928119460368
0.000567500000   37861.048517887408
0.000570000000   37132.477818939144
0.000572500000   36405.190888347541
0.000575000000   35679.162636339206
0.000577500000   34954.368016768196
0.000580000000   34230.782026243593
0.000582500000   33508.379703266648
0.000585000000   32787.136127367477
0.000587500000   32067.026418239591
0.000590000000   31348.025734878076
0.000592500000   30630.109274722901
0.000595000000   29913.252272796737
0.000597500000   29197.430000847122
0.000600000000   28482.617766491745
0.000602500000   27768.790912364173
0.000605000000   27055.924815257447
0.000607500000   26343.994885272219
0.000610000000   25632.976564965404
0.000612500000   24922.845328500731
0.000615000000   24213.576680798531
0.000617500000   23505.146156687570
0.000620000000   22797.529320058384


