0.000000000000   899.762190627143
0.000000060000   899.121645196940
0.000000120000   898.481154976370
0.000000180000   897.840719926101
0.000000240000   897.200340006810
0.000000300000   896.560015179174
0.000000360000   895.919745403874
0.000000420000   895.279530641597
0.000000480000   894.639370853030
0.000000540000   893.999265998865
0.000000600000   893.359216039796
0.000000660000   892.719220936523
0.000000720000   892.079280649747
0.000000780000   891.439395140173
0.000000840000   890.799564368509
0.000000900000   890.159788295468
0.000000960000   889.520066881764
0.000001020000   888.880400088116
0.000001080000   888.240787875247
0.000001140000   887.601230203881
0.000001200000   886.961727034747
0.000001260000   886.322278328577
0.000001320000   885.682884046106
0.000001380000   885.043544148073
0.000001440000   884.404258595220
0.000001500000   883.765027348292
0.000001560000   883.125850368038
0.000001620000   882.486727615210
0.000001680000   881.847659050563
0.000001740000   881.208644634857
0.000001800000   880.569684328852
0.000001860000   879.930778093314
0.000001920000   879.291925889013
0.000001980000   878.653127676718
0.000002040000   878.014383417207
0.000002100000   877.375693071258
0.000002160000   876.737056599651
0.000002220000   876.098473963174
0.000002280000   875.459945122614
0.000002340000   874.821470038763
0.000002400000   874.183048672416
0.000002460000   873.544680984371
0.000002520000   872.906366935431
0.000002580000   872.268106486400
0.000002640000   871.629899598086
0.000002700000   870.991746231301
0.000002760000   870.353646346861
0.000002820000   869.715599905583
0.000002880000   869.077606868288
0.000002940000   868.439667195801
0.000003000000   867.801780848950


0.000003000000   854.745702528814
0.000003170000   854.089217579657
0.000003340000   853.432885579815
0.000003510000   852.776706411752
0.000003680000   852.120679957961
0.000003850000   851.464806100962
0.000004020000   850.809084723301
0.000004190000   850.153515707553
0.000004360000   849.498098936318
0.000004530000   848.842834292226
0.000004700000   848.187721657932
0.000004870000   847.532760916121
0.000005040000   846.877951949501
0.000005210000   846.223294640812
0.000005380000   845.568788872816
0.000005550000   844.914434528307
0.000005720000   844.260231490104
0.000005890000   843.606179641051
0.000006060000   842.952278864023
0.000006230000   842.298529041920
0.000006400000   841.644930057669
0.000006570000   840.991481794224
0.000006740000   840.338184134566
0.000006910000   839.685036961704
0.000007080000   839.032040158673
0.000007250000   838.379193608535
0.000007420000   837.726497194378
0.000007590000   837.073950799320
0.000007760000   836.421554306502
0.000007930000   835.769307599094
0.000008100000   835.117210560292
0.000008270000   834.465263073320
0.000008440000   833.813465021428
0.000008610000   833.161816287892
0.000008780000   832.510316756015
0.000008950000   831.858966309130
0.000009120000   831.207764830591
0.000009290000   830.556712203783
0.000009460000   829.905808312116
0.000009630000   829.255053039026
0.000009800000   828.604446267978
0.000009970000   827.953987882461
0.000010140000   827.303677765993
0.000010310000   826.653515802115
0.000010480000   826.003501874399
0.000010650000   825.353635866440
0.000010820000   824.703917661860
0.000010990000   824.054347144310
0.000011160000   823.404924197465
0.000011330000   822.755648705027
0.000011500000   822.106520550724
0.000011670000   821.457539618311
0.000011840000   820.808705791570
0.000012010000   820.160018954308
0.000012180000   819.511478990359
0.000012350000   818.863085783583
0.000012520000   818.214839217867
0.000012690000   817.566739177123
0.000012860000   816.918785545291
0.000013030000   816.270978206335
0.000013200000   815.623317044247
0.000013370000   814.975801943045
0.000013540000   814.328432786773
0.000013710000   813.681209459499
0.000013880000   813.034131845321
0.000014050000   812.387199828361
0.000014220000   811.740413292765
0.000014390000   811.093772122710
0.000014560000   810.447276202394
0.000014730000   809.800925416045
0.000014900000   809.154719647914
0.000015070000   808.508658782280
0.000015240000   807.862742703447
0.000015410000   807.216971295744
0.000015580000   806.571344443529
0.000015750000   805.925862031182
0.000015920000   805.280523943112
0.000016090000   804.635330063752
0.000016260000   803.990280277562
0.000016430000   803.345374469027
0.000016600000   802.700612522657
0.000016770000   802.055994322990
0.000016940000   801.411519754588
0.000017110000   800.767188702040
0.000017280000   800.123001049959
0.000017450000   799.478956682985
0.000017620000   798.835055485783
0.000017790000   798.191297343044
0.000017960000   797.547682139485
0.000018130000   796.904209759847
0.000018300000   796.260880088899
0.000018470000   795.617693011433
0.000018640000   794.974648412269
0.000018810000   794.331746176251
0.000018980000   793.688986188248
0.000019150000   793.046368333157
0.000019320000   792.403892495897
0.000019490000   791.761558561414
0.000019660000   791.119366414681
0.000019830000   790.477315940695
0.000020000000   789.835407024477


0.000020000000   627.981117219011
0.000020666667   622.733613673768
0.000021333333   617.534002494974
0.000022000000   612.381883797865
0.000022666667   607.276861350167
0.000023333333   602.218542541619
0.000024000000   597.206538353783
0.000024666667   592.240463330123
0.000025333333   587.319935546363
0.000026000000   582.444576581113
0.000026666667   577.614011486766
0.000027333333   572.827868760663
0.000028000000   568.085780316520
0.000028666667   563.387381456122
0.000029333333   558.732310841273
0.000030000000   554.120210466011
0.000030666667   549.550725629069
0.000031333333   545.023504906599
0.000032000000   540.538200125147
0.000032666667   536.094466334872
0.000033333333   531.691961783022
0.000034000000   527.330347887647
0.000034666667   523.009289211559
0.000035333333   518.728453436541
0.000036000000   514.487511337782
0.000036666667   510.286136758561
0.000037333333   506.124006585165
0.000038000000   502.000800722036
0.000038666667   497.916202067154
0.000039333333   493.869896487653
0.000040000000   489.861572795657
0.000040666667   485.890922724354
0.000041333333   481.957640904281
0.000042000000   478.061424839844
0.000042666667   474.201974886054
0.000043333333   470.378994225479
0.000044000000   466.592188845421
0.000044666667   462.841267515299
0.000045333333   459.125941764258
0.000046000000   455.445925858978
0.000046666667   451.800936781703
0.000047333333   448.190694208473
0.000048000000   444.614920487565
0.000048666667   441.073340618143
0.000049333333   437.565682229103
0.000050000000   434.091675558131
0.000050666667   430.651053430954
0.000051333333   427.243551240793
0.000052000000   423.868906928013
0.000052666667   420.526860959968
0.000053333333   417.217156311044
0.000054000000   413.939538442888
0.000054666667   410.693755284836
0.000055333333   407.479557214523
0.000056000000   404.296697038690
0.000056666667   401.144929974171
0.000057333333   398.024013629067
0.000058000000   394.933707984105
0.000058666667   391.873775374177
0.000059333333   388.843980470069
0.000060000000   385.844090260351
0.000060666667   382.873874033469
0.000061333333   379.933103359992
0.000062000000   377.021552075052
0.000062666667   374.138996260943
0.000063333333   371.285214229906
0.000064000000   368.459986507079
0.000064666667   365.663095813614
0.000065333333   362.894327049971
0.000066000000   360.153467279374
0.000066666667   357.440305711434
0.000067333333   354.754633685938
0.000068000000   352.096244656804
0.000068666667   349.464934176193
0.000069333333   346.860499878786
0.000070000000   344.282741466223
0.000070666667   341.731460691697
0.000071333333   339.206461344708
0.000072000000   336.707549235973
0.000072666667   334.234532182491
0.000073333333   331.787219992765
0.000074000000   329.365424452171
0.000074666667   326.968959308486
0.000075333333   324.597640257566
0.000076000000   322.251284929166
0.000076666667   319.929712872919
0.000077333333   317.632745544456
0.000078000000   315.360206291678
0.000078666667   313.111920341165
0.000079333333   310.887714784739
0.000080000000   308.687418566165
0.000080666667   306.510862467995
0.000081333333   304.357879098555
0.000082000000   302.228302879070
0.000082666667   300.121970030931
0.000083333333   298.038718563101
0.000084000000   295.978388259654
0.000084666667   293.940820667453
0.000085333333   291.925859083967
0.000086000000   289.933348545217
0.000086666667   287.963135813859
0.000087333333   286.015069367400
0.000088000000   284.088999386542
0.000088666667   282.184777743664
0.000089333333   280.302257991426
0.000090000000   278.441295351509
0.000090666667   276.601746703480
0.000091333333   274.783470573784
0.000092000000   272.986327124866
0.000092666667   271.210178144412
0.000093333333   269.454887034725
0.000094000000   267.720318802218
0.000094666667   266.006340047028
0.000095333333   264.312818952764
0.000096000000   262.639625276363
0.000096666667   260.986630338076
0.000097333333   259.353707011573
0.000098000000   257.740729714164
0.000098666667   256.147574397142
0.000099333333   254.574118536242
0.000100000000   253.020241122218
0.000100666667   251.485822651538
0.000101333333   249.970745117191
0.000102000000   248.474891999617
0.000102666667   246.998148257736
0.000103333333   245.540400320111
0.000104000000   244.101536076206
0.000104666667   242.681444867769
0.000105333333   241.280017480319
0.000106000000   239.897146134747
0.000106666667   238.532724479027
0.000107333333   237.186647580037
0.000108000000   235.858811915491
0.000108666667   234.549115365973
0.000109333333   233.257457207088
0.000110000000   231.983738101712
0.000110666667   230.727860092354
0.000111333333   229.489726593623
0.000112000000   228.269242384799
0.000112666667   227.066313602509
0.000113333333   225.880847733510
0.000114000000   224.712753607575
0.000114666667   223.561941390477
0.000115333333   222.428322577085
0.000116000000   221.311809984555
0.000116666667   220.212317745625
0.000117333333   219.129761302011
0.000118000000   218.064057397907
0.000118666667   217.015124073577
0.000119333333   215.982880659056
0.000120000000   214.967247767944


0.000120000000   214.967247767944
0.000122500000   213.943494974159
0.000125000000   212.922410630730
0.000127500000   211.903982001990
0.000130000000   210.888196385398
0.000132500000   209.875041111376
0.000135000000   208.864503543157
0.000137500000   207.856571076620
0.000140000000   206.851231140139
0.000142500000   205.848471194423
0.000145000000   204.848278732360
0.000147500000   203.850641278863
0.000150000000   202.855546390712
0.000152500000   201.862981656398
0.000155000000   200.872934695972
0.000157500000   199.885393160888
0.000160000000   198.900344733849
0.000162500000   197.917777128653
0.000165000000   196.937678090042
0.000167500000   195.960035393546
0.000170000000   194.984836845335
0.000172500000   194.012070282061
0.000175000000   193.041723570711
0.000177500000   192.073784608453
0.000180000000   191.108241322487
0.000182500000   190.145081669895
0.000185000000   189.184293637485
0.000187500000   188.225865241650
0.000190000000   187.269784528212
0.000192500000   186.316039572274
0.000195000000   185.364618478074
0.000197500000   184.415509378834
0.000200000000   183.468700436613
0.000202500000   182.524179842158
0.000205000000   181.581935814759
0.000207500000   180.641956602102
0.000210000000   179.704230480118
0.000212500000   178.768745752844
0.000215000000   177.835490752271
0.000217500000   176.904453838199
0.000220000000   175.975623398098
0.000222500000   175.048987846956
0.000225000000   174.124535627136
0.000227500000   173.202255208234
0.000230000000   172.282135086937
0.000232500000   171.364163786872
0.000235000000   170.448329858470
0.000237500000   169.534621878822
0.000240000000   168.623028451533
0.000242500000   167.713538206584
0.000245000000   166.806139800185
0.000247500000   165.900821914642
0.000250000000   164.997573258206
0.000252500000   164.096382564940
0.000255000000   163.197238594574
0.000257500000   162.300130132365
0.000260000000   161.405045988961
0.000262500000   160.511975000256
0.000265000000   159.620906027256
0.000267500000   158.731827955934
0.000270000000   157.844729697099
0.000272500000   156.959600186252
0.000275000000   156.076428383447
0.000277500000   155.195203273160
0.000280000000   154.315913864145
0.000282500000   153.438549189299
0.000285000000   152.563098305528
0.000287500000   151.689550293607
0.000290000000   150.817894258043
0.000292500000   149.948119326944
0.000295000000   149.080214651878
0.000297500000   148.214169407742
0.000300000000   147.349972792624
0.000302500000   146.487614027670
0.000305000000   145.627082356948
0.000307500000   144.768367047316
0.000310000000   143.911457388287
0.000312500000   143.056342691892
0.000315000000   142.203012292556
0.000317500000   141.351455546953
0.000320000000   140.501661833882
0.000322500000   139.653620554133
0.000325000000   138.807321130352
0.000327500000   137.962753006909
0.000330000000   137.119905649772
0.000332500000   136.278768546368
0.000335000000   135.439331205456
0.000337500000   134.601583156998
0.000340000000   133.765513952024
0.000342500000   132.931113162503
0.000345000000   132.098370381216
0.000347500000   131.267275221622
0.000350000000   130.437817317731
0.000352500000   129.609986323974
0.000355000000   128.783771915072
0.000357500000   127.959163785913
0.000360000000   127.136151651417
0.000362500000   126.314725246410
0.000365000000   125.494874325497
0.000367500000   124.676588662935
0.000370000000   123.859858052502
0.000372500000   123.044672307372
0.000375000000   122.231021259989
0.000377500000   121.418894761936
0.000380000000   120.608282683814
0.000382500000   119.799174915113
0.000385000000   118.991561364082
0.000387500000   118.185431957612
0.000390000000   117.380776641101
0.000392500000   116.577585378336
0.000395000000   115.775848151363
0.000397500000   114.975554960364
0.000400000000   114.176695823533
0.000402500000   113.379260776948
0.000405000000   112.583239874451
0.000407500000   111.788623187524
0.000410000000   110.995400805159
0.000412500000   110.203562833743
0.000415000000   109.413099396927
0.000417500000   108.624000635508
0.000420000000   107.836256707305
0.000422500000   107.049857787032
0.000425000000   106.264794066182
0.000427500000   105.481055752902
0.000430000000   104.698633071866
0.000432500000   103.917516264163
0.000435000000   103.137695587166
0.000437500000   102.359161314415
0.000440000000   101.581903735497
0.000442500000   100.805913155919
0.000445000000   100.031179896994
0.000447500000   99.257694295716
0.000450000000   98.485446704641
0.000452500000   97.714427491766
0.000455000000   96.944627040410
0.000457500000   96.176035749091
0.000460000000   95.408644031412
0.000462500000   94.642442315934
0.000465000000   93.877421046063
0.000467500000   93.113570679929
0.000470000000   92.350881690263
0.000472500000   91.589344564285
0.000475000000   90.828949803581
0.000477500000   90.069687923983
0.000480000000   89.311549455456
0.000482500000   88.554524941975
0.000485000000   87.798604941410
0.000487500000   87.043780025408
0.000490000000   86.290040779273
0.000492500000   85.537377801851
0.000495000000   84.785781705412
0.000497500000   84.035243115533
0.000500000000   83.285752670980
0.000502500000   82.537301023593
0.000505000000   81.789878838169
0.000507500000   81.043476792345
0.000510000000   80.298085576480
0.000512500000   79.553695893544
0.000515000000   78.810298458995
0.000517500000   78.067884000672
0.000520000000   77.326443258669
0.000522500000   76.585966985229
0.000525000000   75.846445944621
0.000527500000   75.107870913032
0.000530000000   74.370232678446
0.000532500000   73.633522040531
0.000535000000   72.897729810526
0.000537500000   72.162846811125
0.000540000000   71.428863876360
0.000542500000   70.695771851494
0.000545000000   69.963561592897
0.000547500000   69.232223967941
0.000550000000   68.501749854878
0.000552500000   67.772130142736
0.000555000000   67.043355731193
0.000557500000   66.315417530476
0.000560000000   65.588306461237
0.000562500000   64.862013454449
0.000565000000   64.136529451286
0.000567500000   63.411845403011
0.000570000000   62.687952270868
0.000572500000   61.964841025964
0.000575000000   61.242502649158
0.000577500000   60.520928130949
0.000580000000   59.800108471364
0.000582500000   59.080034679845
0.000585000000   58.360697775135
0.000587500000   57.642088785171
0.000590000000   56.924198746967
0.000592500000   56.207018706506
0.000595000000   55.490539718624
0.000597500000   54.774752846903
0.000600000000   54.059649163557
0.000602500000   53.345219749322
0.000605000000   52.631455693342
0.000607500000   51.918348093062
0.000610000000   51.205888054113
0.000612500000   50.494066690204
0.000615000000   49.782875123010
0.000617500000   49.072304482059
0.000620000000   48.362345904628


