0.000000000000   2830100.727626448032
0.000000060000   2828081.658899150323
0.000000120000   2826062.764536653180
0.000000180000   2824044.044414471369
0.000000240000   2822025.498408129904
0.000000300000   2820007.126393165439
0.000000360000   2817988.928245126735
0.000000420000   2815970.903839569073
0.000000480000   2813953.053052057978
0.000000540000   2811935.375758174341
0.000000600000   2809917.871833507437
0.000000660000   2807900.541153658181
0.000000720000   2805883.383594234474
0.000000780000   2803866.399030861910
0.000000840000   2801849.587339171208
0.000000900000   2799832.948394808453
0.000000960000   2797816.482073422987
0.000001020000   2795800.188250679988
0.000001080000   2793784.066802256275
0.000001140000   2791768.117603833787
0.000001200000   2789752.340531111229
0.000001260000   2787736.735459791496
0.000001320000   2785721.302265592851
0.000001380000   2783706.040824247058
0.000001440000   2781690.951011485420
0.000001500000   2779676.032703061122
0.000001560000   2777661.285774732940
0.000001620000   2775646.710102272686
0.000001680000   2773632.305561462417
0.000001740000   2771618.072028090246
0.000001800000   2769604.009377956390
0.000001860000   2767590.117486875970
0.000001920000   2765576.396230670158
0.000001980000   2763562.845485170372
0.000002040000   2761549.465126226656
0.000002100000   2759536.255029688124
0.000002160000   2757523.215071421582
0.000002220000   2755510.345127301756
0.000002280000   2753497.645073214080
0.000002340000   2751485.114785055630
0.000002400000   2749472.754138736054
0.000002460000   2747460.563010169659
0.000002520000   2745448.541275285184
0.000002580000   2743436.688810020685
0.000002640000   2741425.005490321666
0.000002700000   2739413.491192148998
0.000002760000   2737402.145791469142
0.000002820000   2735390.969164263457
0.000002880000   2733379.961186523549
0.000002940000   2731369.121734247077
0.000003000000   2729358.450683447998


0.000003000000   2688299.335422269534
0.000003170000   2686217.303000011016
0.000003340000   2684135.756948654540
0.000003510000   2682054.696891323198
0.000003680000   2679974.122451221105
0.000003850000   2677894.033251648303
0.000004020000   2675814.428915985394
0.000004190000   2673735.309067702852
0.000004360000   2671656.673330361024
0.000004530000   2669578.521327605937
0.000004700000   2667500.852683169302
0.000004870000   2665423.667020875029
0.000005040000   2663346.963964628056
0.000005210000   2661270.743138426915
0.000005380000   2659195.004166350700
0.000005550000   2657119.746672574896
0.000005720000   2655044.970281349029
0.000005890000   2652970.674617018551
0.000006060000   2650896.859304015990
0.000006230000   2648823.523966858163
0.000006400000   2646750.668230148032
0.000006570000   2644678.291718574706
0.000006740000   2642606.394056918565
0.000006910000   2640534.974870040081
0.000007080000   2638464.033782891463
0.000007250000   2636393.570420511533
0.000007420000   2634323.584408020601
0.000007590000   2632254.075370628387
0.000007760000   2630185.042933630291
0.000007930000   2628116.486722408328
0.000008100000   2626048.406362426467
0.000008270000   2623980.801479237620
0.000008440000   2621913.671698482241
0.000008610000   2619847.016645887867
0.000008780000   2617780.835947262123
0.000008950000   2615715.129228504375
0.000009120000   2613649.896115597337
0.000009290000   2611585.136234608945
0.000009460000   2609520.849211687688
0.000009630000   2607457.034673080314
0.000009800000   2605393.692245106213
0.000009970000   2603330.821554177441
0.000010140000   2601268.422226787079
0.000010310000   2599206.493889515754
0.000010480000   2597145.036169026978
0.000010650000   2595084.048692069016
0.000010820000   2593023.531085480936
0.000010990000   2590963.482976180501
0.000011160000   2588903.903991173487
0.000011330000   2586844.793757545762
0.000011500000   2584786.151902476326
0.000011670000   2582727.978053221479
0.000011840000   2580670.271837125532
0.000012010000   2578613.032881614286
0.000012180000   2576556.260814200621
0.000012350000   2574499.955262483098
0.000012520000   2572444.115854138508
0.000012690000   2570388.742216937710
0.000012860000   2568333.833978726994
0.000013030000   2566279.390767439734
0.000013200000   2564225.412211096846
0.000013370000   2562171.897937795147
0.000013540000   2560118.847575721331
0.000013710000   2558066.260753144044
0.000013880000   2556014.137098416686
0.000014050000   2553962.476239972748
0.000014220000   2551911.277806336060
0.000014390000   2549860.541426110081
0.000014560000   2547810.266727980226
0.000014730000   2545760.453340719920
0.000014900000   2543711.100893180817
0.000015070000   2541662.209014302120
0.000015240000   2539613.777333101723
0.000015410000   2537565.805478684604
0.000015580000   2535518.293080233969
0.000015750000   2533471.239767021965
0.000015920000   2531424.645168400835
0.000016090000   2529378.508913803846
0.000016260000   2527332.830632754602
0.000016430000   2525287.609954850283
0.000016600000   2523242.846509775147
0.000016770000   2521198.539927296806
0.000016940000   2519154.689837261569
0.000017110000   2517111.295869605150
0.000017280000   2515068.357654340100
0.000017450000   2513025.874821563717
0.000017620000   2510983.847001454327
0.000017790000   2508942.273824271746
0.000017960000   2506901.154920356348
0.000018130000   2504860.489920134656
0.000018300000   2502820.278454111423
0.000018470000   2500780.520152879413
0.000018640000   2498741.214647107758
0.000018810000   2496702.361567550339
0.000018980000   2494663.960545041133
0.000019150000   2492626.011210494209
0.000019320000   2490588.513194909319
0.000019490000   2488551.466129366308
0.000019660000   2486514.869645026047
0.000019830000   2484478.723373127170
0.000020000000   2482443.026944996789


0.000020000000   26317515.413158226758
0.000020666667   26097315.394435763359
0.000021333333   25879127.359050381929
0.000022000000   25662934.485930196941
0.000022666667   25448720.107815250754
0.000023333333   25236467.709972664714
0.000024000000   25026160.928923621774
0.000024666667   24817783.551181796938
0.000025333333   24611319.512003615499
0.000026000000   24406752.894149817526
0.000026666667   24204067.926658414304
0.000027333333   24003248.983628891408
0.000028000000   23804280.583017691970
0.000028666667   23607147.385444708169
0.000029333333   23411834.193010762334
0.000030000000   23218325.948126014322
0.000030666667   23026607.732349250466
0.000031333333   22836664.765237774700
0.000032000000   22648482.403208073229
0.000032666667   22462046.138406865299
0.000033333333   22277341.597592759877
0.000034000000   22094354.541028242558
0.000034666667   21913070.861381925642
0.000035333333   21733476.582641020417
0.000036000000   21555557.859033968300
0.000036666667   21379300.973963040859
0.000037333333   21204692.338946916163
0.000038000000   21031718.492573212832
0.000038666667   20860366.099460739642
0.000039333333   20690621.949231430888
0.000040000000   20522472.955492038280
0.000040666667   20355906.154825240374
0.000041333333   20190908.705790303648
0.000042000000   20027467.887933190912
0.000042666667   19865571.100805830210
0.000043333333   19705205.862994898111
0.000044000000   19546359.811159461737
0.000044666667   19389020.699078094214
0.000045333333   19233176.396704588085
0.000046000000   19078814.889233008027
0.000046666667   18925924.276171404868
0.000047333333   18774492.770424414426
0.000048000000   18624508.697384539992
0.000048666667   18475960.494032260031
0.000049333333   18328836.708044514060
0.000050000000   18183125.996911931783
0.000050666667   18038817.127064380795
0.000051333333   17895898.973004974425
0.000052000000   17754360.516452375799
0.000052666667   17614190.845491468906
0.000053333333   17475379.153732042760
0.000054000000   17337914.739475794137
0.000054666667   17201787.004891317338
0.000055333333   17066985.455197088420
0.000056000000   16933499.697852436453
0.000056666667   16801319.441756337881
0.000057333333   16670434.496454114094
0.000058000000   16540834.771351758391
0.000058666667   16412510.274938147515
0.000059333333   16285451.114014688879
0.000060000000   16159647.492932718247
0.000060666667   16035089.712838303298
0.000061333333   15911768.170924512669
0.000062000000   15789673.359691165388
0.000062666667   15668795.866211943328
0.000063333333   15549126.371408596635
0.000064000000   15430655.649332638830
0.000064666667   15313374.566454065964
0.000065333333   15197274.080957248807
0.000066000000   15082345.242043806240
0.000066666667   14968579.189242716879
0.000067333333   14855967.151727160439
0.000068000000   14744500.447638349608
0.000068666667   14634170.483416296542
0.000069333333   14524968.753137238324
0.000070000000   14416886.837857937440
0.000070666667   14309916.404966700822
0.000071333333   14204049.207540940493
0.000072000000   14099277.083711404353
0.000072666667   13995591.956033011898
0.000073333333   13892985.830862073228
0.000074000000   13791450.797740114853
0.000074666667   13690979.028783995658
0.000075333333   13591562.778082486242
0.000076000000   13493194.381099071354
0.000076666667   13395866.254081094638
0.000077333333   13299570.893475092947
0.000078000000   13204300.875348400325
0.000078666667   13110048.854816745967
0.000079333333   13016807.565478032455
0.000080000000   12924569.818852201104
0.000080666667   12833328.503827000037
0.000081333333   12743076.586109777912
0.000082000000   12653807.107685223222
0.000082666667   12565513.186278894544
0.000083333333   12478188.014826746657
0.000084000000   12391824.860950253904
0.000084666667   12306417.066437415779
0.000085333333   12221958.046729607508
0.000086000000   12138441.290413727984
0.000086666667   12055860.358720332384
0.000087333333   11974208.885027296841
0.000088000000   11893480.574368916452
0.000088666667   11813669.202950600535
0.000089333333   11734768.617669170722
0.000090000000   11656772.735638387501
0.000090666667   11579675.543720049784
0.000091333333   11503471.098060408607
0.000092000000   11428153.523632001132
0.000092666667   11353717.013780621812
0.000093333333   11280155.829777754843
0.000094000000   11207464.300378145650
0.000094666667   11135636.821382574737
0.000095333333   11064667.855205804110
0.000096000000   10994551.930449642241
0.000096666667   10925283.641481196508
0.000097333333   10856857.648016110063
0.000098000000   10789268.674706885591
0.000098666667   10722511.510736122727
0.000099333333   10656581.009414916858
0.000100000000   10591472.087785927579
0.000100666667   10527179.726231684908
0.000101333333   10463698.968087464571
0.000102000000   10401024.919259283692
0.000102666667   10339152.747846506536
0.000103333333   10278077.683769397438
0.000104000000   10217795.018401356414
0.000104666667   10158300.104205885902
0.000105333333   10099588.354378378019
0.000106000000   10041655.242492405698
0.000106666667   9984496.302150825039
0.000107333333   9928107.126641435549
0.000108000000   9872483.368597239256
0.000108666667   9817620.739661270753
0.000109333333   9763515.010156078264
0.000110000000   9710162.008757496253
0.000110666667   9657557.622173221782
0.000111333333   9605697.794825589284
0.000112000000   9554578.528538974002
0.000112666667   9504195.882231531665
0.000113333333   9454545.971611378714
0.000114000000   9405624.968877146021
0.000114666667   9357429.102422833443
0.000115333333   9309954.656547052786
0.000116000000   9263197.971166618168
0.000116666667   9217155.441534413025
0.000117333333   9171823.517961299047
0.000118000000   9127198.705542661250
0.000118666667   9083277.563888860866
0.000119333333   9040056.706860106438
0.000120000000   8997532.802305266261


0.000120000000   382395.144097973884
0.000122500000   380571.092993225902
0.000125000000   378751.832270606072
0.000127500000   376937.338993081881
0.000130000000   375127.590284160979
0.000132500000   373322.563327600365
0.000135000000   371522.235367115180
0.000137500000   369726.583706093079
0.000140000000   367935.585707299761
0.000142500000   366149.218792597996
0.000145000000   364367.460442654439
0.000147500000   362590.288196656329
0.000150000000   360817.679652025690
0.000152500000   359049.612464134290
0.000155000000   357286.064346019819
0.000157500000   355527.013068100612
0.000160000000   353772.436457897420
0.000162500000   352022.312399746967
0.000165000000   350276.618834523251
0.000167500000   348535.333759356523
0.000170000000   346798.435227352253
0.000172500000   345065.901347314182
0.000175000000   343337.710283467139
0.000177500000   341613.840255174786
0.000180000000   339894.269536667329
0.000182500000   338178.976456763630
0.000185000000   336467.939398594783
0.000187500000   334761.136799330707
0.000190000000   333058.547149904538
0.000192500000   331360.148994743126
0.000195000000   329665.920931487926
0.000197500000   327975.841610730451
0.000200000000   326289.889735734090
0.000202500000   324608.044062167173
0.000205000000   322930.283397832653
0.000207500000   321256.586602397729
0.000210000000   319586.932587125804
0.000212500000   317921.300314609718
0.000215000000   316259.668798501138
0.000217500000   314602.017103245889
0.000220000000   312948.324343817949
0.000222500000   311298.569685454364
0.000225000000   309652.732343389536
0.000227500000   308010.791582592763
0.000230000000   306372.726717500889
0.000232500000   304738.517111760681
0.000235000000   303108.142177962232
0.000237500000   301481.581377379422
0.000240000000   299858.814219709253
0.000242500000   298239.820262810914
0.000245000000   296624.579112444422
0.000247500000   295013.070422014396
0.000250000000   293405.273892309691
0.000252500000   291801.169271246123
0.000255000000   290200.736353608198
0.000257500000   288603.954980793700
0.000260000000   287010.805040557228
0.000262500000   285421.266466752975
0.000265000000   283835.319239082048
0.000267500000   282252.943382837111
0.000270000000   280674.118968649826
0.000272500000   279098.826112235372
0.000275000000   277527.044974141405
0.000277500000   275958.755759496882
0.000280000000   274393.938717758807
0.000282500000   272832.574142460071
0.000285000000   271274.642370963877
0.000287500000   269720.123784208496
0.000290000000   268168.998806462332
0.000292500000   266621.247905073571
0.000295000000   265076.851590219245
0.000297500000   263535.790414664196
0.000300000000   261998.044973508921
0.000302500000   260463.595903942507
0.000305000000   258932.423885000113
0.000307500000   257404.509637316311
0.000310000000   255879.833922879538
0.000312500000   254358.377544789051
0.000315000000   252840.121347009728
0.000317500000   251325.046214129601
0.000320000000   249813.133071115561
0.000322500000   248304.362883071648
0.000325000000   246798.716654999560
0.000327500000   245296.175431555574
0.000330000000   243796.720296808169
0.000332500000   242300.332374001766
0.000335000000   240806.992825314344
0.000337500000   239316.682851618796
0.000340000000   237829.383692243049
0.000342500000   236345.076624734676
0.000345000000   234863.742964619538
0.000347500000   233385.364065168513
0.000350000000   231909.921317155211
0.000352500000   230437.396148624714
0.000355000000   228967.770024656202
0.000357500000   227501.024447127245
0.000360000000   226037.140954478993
0.000362500000   224576.101121482090
0.000365000000   223117.886559001723
0.000367500000   221662.478913766739
0.000370000000   220209.859868132247
0.000372500000   218760.011139850336
0.000375000000   217312.914481838088
0.000377500000   215868.551681943587
0.000380000000   214426.904562717187
0.000382500000   212987.954981178162
0.000385000000   211551.684828587226
0.000387500000   210118.076030214608
0.000390000000   208687.110545110889
0.000392500000   207258.770365877223
0.000395000000   205833.037518440367
0.000397500000   204409.894061819621
0.000400000000   202989.322087902052
0.000402500000   201571.303721214790
0.000405000000   200155.821118697815
0.000407500000   198742.856469476770
0.000410000000   197332.391994636739
0.000412500000   195924.409946998348
0.000415000000   194518.892610890209
0.000417500000   193115.822301927721
0.000420000000   191715.181366783188
0.000422500000   190316.952182967187
0.000425000000   188921.117158600769
0.000427500000   187527.658732193580
0.000430000000   186136.559372421762
0.000432500000   184747.801577905571
0.000435000000   183361.367876983306
0.000437500000   181977.240827496746
0.000440000000   180595.403016562021
0.000442500000   179215.837060354912
0.000445000000   177838.525603886723
0.000447500000   176463.451320784749
0.000450000000   175090.596913074405
0.000452500000   173719.945110953384
0.000455000000   172351.478672580881
0.000457500000   170985.180383853352
0.000460000000   169621.033058188128
0.000462500000   168259.019536303065
0.000465000000   166899.122686002491
0.000467500000   165541.325401956157
0.000470000000   164185.610605485679
0.000472500000   162831.961244344508
0.000475000000   161480.360292502155
0.000477500000   160130.790749928041
0.000480000000   158783.235642378277
0.000482500000   157437.678021179308
0.000485000000   156094.100963010918
0.000487500000   154752.487569691293
0.000490000000   153412.820967965788
0.000492500000   152075.084309290804
0.000495000000   150739.260769620771
0.000497500000   149405.333549192612
0.000500000000   148073.285872315319
0.000502500000   146743.100987154437
0.000505000000   145414.762165522494
0.000507500000   144088.252702664031
0.000510000000   142763.555917045451
0.000512500000   141440.655150142906
0.000515000000   140119.533766230248
0.000517500000   138800.175152168056
0.000520000000   137482.562717194698
0.000522500000   136166.679892714106
0.000525000000   134852.510132085008
0.000527500000   133540.036910411902
0.000530000000   132229.243724336062
0.000532500000   130920.114091824740
0.000535000000   129612.631551962768
0.000537500000   128306.779664744827
0.000540000000   127002.542010865029
0.000542500000   125699.902191509784
0.000545000000   124398.843828151133
0.000547500000   123099.350562334061
0.000550000000   121801.406055473955
0.000552500000   120504.993988646485
0.000555000000   119210.098062382473
0.000557500000   117916.701996461023
0.000560000000   116624.789529701462
0.000562500000   115334.344419758185
0.000565000000   114045.350442914525
0.000567500000   112757.791393876512
0.000570000000   111471.651085566045
0.000572500000   110186.913348919639
0.000575000000   108903.562032679358
0.000577500000   107621.581003190324
0.000580000000   106340.954144194722
0.000582500000   105061.665356627767
0.000585000000   103783.698558413060
0.000587500000   102507.037684260344
0.000590000000   101231.666685459844
0.000592500000   99957.569529679589
0.000595000000   98684.730200761172
0.000597500000   97413.132698517831
0.000600000000   96142.761038530894
0.000602500000   94873.599251947438
0.000605000000   93605.631385277040
0.000607500000   92338.841500188966
0.000610000000   91073.213673312581
0.000612500000   89808.731996033472
0.000615000000   88545.380574291310
0.000617500000   87283.143528378088
0.000620000000   86022.004992739181


