0.000000000000   3392023.545662507880
0.000000060000   3389608.746281131636
0.000000120000   3387194.155035161879
0.000000180000   3384779.771776331589
0.000000240000   3382365.596356389113
0.000000300000   3379951.628627093975
0.000000360000   3377537.868440219667
0.000000420000   3375124.315647551790
0.000000480000   3372710.970100888982
0.000000540000   3370297.831652041525
0.000000600000   3367884.900152833201
0.000000660000   3365472.175455101300
0.000000720000   3363059.657410694286
0.000000780000   3360647.345871474594
0.000000840000   3358235.240689315367
0.000000900000   3355823.341716104187
0.000000960000   3353411.648803741205
0.000001020000   3351000.161804139148
0.000001080000   3348588.880569222383
0.000001140000   3346177.804950930178
0.000001200000   3343766.934801211581
0.000001260000   3341356.269972029608
0.000001320000   3338945.810315359849
0.000001380000   3336535.555683190934
0.000001440000   3334125.505927523598
0.000001500000   3331715.660900371615
0.000001560000   3329306.020453759935
0.000001620000   3326896.584439728409
0.000001680000   3324487.352710327599
0.000001740000   3322078.325117621571
0.000001800000   3319669.501513686031
0.000001860000   3317260.881750608329
0.000001920000   3314852.465680491179
0.000001980000   3312444.253155447543
0.000002040000   3310036.244027603418
0.000002100000   3307628.438149098773
0.000002160000   3305220.835372083820
0.000002220000   3302813.435548723675
0.000002280000   3300406.238531192299
0.000002340000   3297999.244171679951
0.000002400000   3295592.452322386671
0.000002460000   3293185.862835527398
0.000002520000   3290779.475563326385
0.000002580000   3288373.290358023252
0.000002640000   3285967.307071866468
0.000002700000   3283561.525557122193
0.000002760000   3281155.945666064508
0.000002820000   3278750.567250981927
0.000002880000   3276345.390164173208
0.000002940000   3273940.414257951081
0.000003000000   3271535.639384640846


0.000003000000   3222315.383702361956
0.000003170000   3219840.493750204798
0.000003340000   3217366.180403380655
0.000003510000   3214892.443218791392
0.000003680000   3212419.281753444113
0.000003850000   3209946.695564447436
0.000004020000   3207474.684209013823
0.000004190000   3205003.247244458646
0.000004360000   3202532.384228197858
0.000004530000   3200062.094717753585
0.000004700000   3197592.378270749934
0.000004870000   3195123.234444912057
0.000005040000   3192654.662798068020
0.000005210000   3190186.662888149731
0.000005380000   3187719.234273190144
0.000005550000   3185252.376511325594
0.000005720000   3182786.089160792995
0.000005890000   3180320.371779933106
0.000006060000   3177855.223927187733
0.000006230000   3175390.645161102060
0.000006400000   3172926.635040320456
0.000006570000   3170463.193123593461
0.000006740000   3168000.318969767541
0.000006910000   3165538.012137796264
0.000007080000   3163076.272186731454
0.000007250000   3160615.098675728776
0.000007420000   3158154.491164043546
0.000007590000   3155694.449211031664
0.000007760000   3153234.972376153804
0.000007930000   3150776.060218968894
0.000008100000   3148317.712299136445
0.000008270000   3145859.928176418878
0.000008440000   3143402.707410680130
0.000008610000   3140946.049561882857
0.000008780000   3138489.954190091696
0.000008950000   3136034.420855472796
0.000009120000   3133579.449118291028
0.000009290000   3131125.038538914640
0.000009460000   3128671.188677809667
0.000009630000   3126217.899095542729
0.000009800000   3123765.169352781959
0.000009970000   3121312.999010296073
0.000010140000   3118861.387628952973
0.000010310000   3116410.334769719746
0.000010480000   3113959.839993665460
0.000010650000   3111509.902861958370
0.000010820000   3109060.522935867310
0.000010990000   3106611.699776757974
0.000011160000   3104163.432946099434
0.000011330000   3101715.722005460411
0.000011500000   3099268.566516504623
0.000011670000   3096821.966040999629
0.000011840000   3094375.920140811242
0.000012010000   3091930.428377903532
0.000012180000   3089485.490314340685
0.000012350000   3087041.105512287468
0.000012520000   3084597.273534005042
0.000012690000   3082153.993941854220
0.000012860000   3079711.266298296861
0.000013030000   3077269.090165891685
0.000013200000   3074827.465107295662
0.000013370000   3072386.390685265418
0.000013540000   3069945.866462657228
0.000013710000   3067505.892002424225
0.000013880000   3065066.466867619194
0.000014050000   3062627.590621392708
0.000014220000   3060189.262826992199
0.000014390000   3057751.483047766145
0.000014560000   3055314.250847158488
0.000014730000   3052877.565788714215
0.000014900000   3050441.427436073311
0.000015070000   3048005.835352975875
0.000015240000   3045570.789103258401
0.000015410000   3043136.288250855636
0.000015580000   3040702.332359800115
0.000015750000   3038268.920994220767
0.000015920000   3035836.053718345240
0.000016090000   3033403.730096499436
0.000016260000   3030971.949693105184
0.000016430000   3028540.712072682101
0.000016600000   3026110.016799847595
0.000016770000   3023679.863439314999
0.000016940000   3021250.251555895433
0.000017110000   3018821.180714496411
0.000017280000   3016392.650480123237
0.000017450000   3013964.660417876672
0.000017620000   3011537.210092955735
0.000017790000   3009110.299070654903
0.000017960000   3006683.926916366443
0.000018130000   3004258.093195576686
0.000018300000   3001832.797473872546
0.000018470000   2999408.039316932671
0.000018640000   2996983.818290535826
0.000018810000   2994560.133960553911
0.000018980000   2992136.985892957076
0.000019150000   2989714.373653811403
0.000019320000   2987292.296809277497
0.000019490000   2984870.754925612360
0.000019660000   2982449.747569169383
0.000019830000   2980029.274306397419
0.000020000000   2977609.334703840315


0.000020000000   31565773.831173706800
0.000020666667   31302005.533774945885
0.000021333333   31040644.569281782955
0.000022000000   30781670.837293643504
0.000022666667   30525064.421004027128
0.000023333333   30270805.585668828338
0.000024000000   30018874.777088548988
0.000024666667   29769252.620104465634
0.000025333333   29521919.917108558118
0.000026000000   29276857.646567080170
0.000026666667   29034046.961557675153
0.000027333333   28793469.188319940120
0.000028000000   28555105.824819251895
0.000028666667   28318938.539323870093
0.000029333333   28084949.168995097280
0.000030000000   27853119.718490425497
0.000030666667   27623432.358579572290
0.000031333333   27395869.424773320556
0.000032000000   27170413.415964975953
0.000032666667   26947046.993084412068
0.000033333333   26725752.977764606476
0.000034000000   26506514.351020481437
0.000034666667   26289314.251940060407
0.000035333333   26074135.976387716830
0.000036000000   25860962.975719533861
0.000036666667   25649778.855510607362
0.000037333333   25440567.374294199049
0.000038000000   25233312.442312661558
0.000038666667   25027998.120280027390
0.000039333333   24824608.618156176060
0.000040000000   24623128.293932449073
0.000040666667   24423541.652428723872
0.000041333333   24225833.344101689756
0.000042000000   24029988.163864374161
0.000042666667   23835991.049916785210
0.000043333333   23643827.082587547600
0.000044000000   23453481.483186479658
0.000044666667   23264939.612868018448
0.000045333333   23078186.971505392343
0.000046000000   22893209.196575459093
0.000046666667   22709992.062054142356
0.000047333333   22528521.477322351187
0.000048000000   22348783.486082311720
0.000048666667   22170764.265284243971
0.000049333333   21994450.124063279480
0.000050000000   21819827.502686526626
0.000050666667   21646882.971510250121
0.000051333333   21475603.229947037995
0.000052000000   21305975.105442903936
0.000052666667   21137985.552464213222
0.000053333333   20971621.651494417340
0.000054000000   20806870.608040440828
0.000054666667   20643719.751648701727
0.000055333333   20482156.534930665046
0.000056000000   20322168.532597880810
0.000056666667   20163743.440506380051
0.000057333333   20006869.074710413814
0.000058000000   19851533.370525430888
0.000058666667   19697724.381600201130
0.000059333333   19545430.278998088092
0.000060000000   19394639.350287307054
0.000060666667   19245339.998640157282
0.000061333333   19097520.741941176355
0.000062000000   18951170.211904063821
0.000062666667   18806277.153197385371
0.000063333333   18662830.422578964382
0.000064000000   18520818.988038923591
0.000064666667   18380231.927951190621
0.000065333333   18241058.430233605206
0.000066000000   18103287.791516363621
0.000066666667   17966909.416318878531
0.000067333333   17831912.816234908998
0.000068000000   17698287.609125927091
0.000068666667   17566023.518322676420
0.000069333333   17435110.371834818274
0.000070000000   17305538.101568624377
0.000070666667   17177296.742552697659
0.000071333333   17050376.432171586901
0.000072000000   16924767.409407299012
0.000072666667   16800460.014088574797
0.000073333333   16677444.686148006469
0.000074000000   16555711.964886771515
0.000074666667   16435252.488247049972
0.000075333333   16316056.992092030123
0.000076000000   16198116.309493418783
0.000076666667   16081421.370026456192
0.000077333333   15965963.199072325602
0.000078000000   15851732.917127963156
0.000078666667   15738721.739123152569
0.000079333333   15626920.973744900897
0.000080000000   15516322.022769002244
0.000080666667   15406916.380398804322
0.000081333333   15298695.632611040026
0.000082000000   15191651.456508735195
0.000082666667   15085775.619681110606
0.000083333333   14981059.979570485651
0.000084000000   14877496.482846025378
0.000084666667   14775077.164784409106
0.000085333333   14673794.148657284677
0.000086000000   14573639.645125491545
0.000086666667   14474605.951640006155
0.000087333333   14376685.451849574223
0.000088000000   14279870.615014964715
0.000088666667   14184153.995429791510
0.000089333333   14089528.231847893447
0.000090000000   13995986.046917216852
0.000090666667   13903520.246620122343
0.000091333333   13812123.719720128924
0.000092000000   13721789.437215011567
0.000092666667   13632510.451796218753
0.000093333333   13544279.897314570844
0.000094000000   13457090.988252231851
0.000094666667   13370937.019200831652
0.000095333333   13285811.364345788956
0.000096000000   13201707.476956745610
0.000096666667   13118618.888884067535
0.000097333333   13036539.210061404854
0.000098000000   12955462.128014259040
0.000098666667   12875381.407374512404
0.000099333333   12796290.889400871471
0.000100000000   12718184.491505233571
0.000100666667   12641056.206784892827
0.000101333333   12564900.103560565040
0.000102000000   12489710.324920207262
0.000102666667   12415481.088268574327
0.000103333333   12342206.684882506728
0.000104000000   12269881.479471886531
0.000104666667   12198499.909746248275
0.000105333333   12128056.485987007618
0.000106000000   12058545.790625253692
0.000106666667   11989962.477825105190
0.000107333333   11922301.273072587326
0.000108000000   11855556.972769981250
0.000108666667   11789724.443835631013
0.000109333333   11724798.623309178278
0.000110000000   11660774.517962185666
0.000110666667   11597647.203914122656
0.000111333333   11535411.826253693551
0.000112000000   11474063.598665453494
0.000112666667   11413597.803061710671
0.000113333333   11354009.789219679311
0.000114000000   11295294.974423842505
0.000114666667   11237448.843113508075
0.000115333333   11180466.946535537019
0.000116000000   11124344.902402203530
0.000116666667   11069078.394554166123
0.000117333333   11014663.172628529370
0.000118000000   10961095.051731958985
0.000118666667   10908369.912118839100
0.000119333333   10856483.698874427006
0.000120000000   10805432.421603018418


0.000120000000   459230.877918128332
0.000122500000   457043.852224016911
0.000125000000   454862.527095048048
0.000127500000   452686.875324235065
0.000130000000   450516.869775353349
0.000132500000   448352.483382601873
0.000135000000   446193.689150265476
0.000137500000   444040.460152378306
0.000140000000   441892.769532388018
0.000142500000   439750.590502820560
0.000145000000   437613.896344946523
0.000147500000   435482.660408447206
0.000150000000   433356.856111082772
0.000152500000   431236.456938360701
0.000155000000   429121.436443204584
0.000157500000   427011.768245624611
0.000160000000   424907.426032388874
0.000162500000   422808.383556694374
0.000165000000   420714.614637840365
0.000167500000   418626.093160901510
0.000170000000   416542.793076401984
0.000172500000   414464.688399990904
0.000175000000   412391.753212117939
0.000177500000   410323.961657710373
0.000180000000   408261.287945850403
0.000182500000   406203.706349453132
0.000185000000   404151.191204946663
0.000187500000   402103.716911950731
0.000190000000   400061.257932958484
0.000192500000   398023.788793017273
0.000195000000   395991.284079411183
0.000197500000   393963.718441344099
0.000200000000   391941.066589623573
0.000202500000   389923.303296345053
0.000205000000   387910.403394577443
0.000207500000   385902.341778049362
0.000210000000   383899.093400835874
0.000212500000   381900.633277045912
0.000215000000   379906.936480510805
0.000217500000   377917.978144473513
0.000220000000   375933.733461278200
0.000222500000   373954.177682061098
0.000225000000   371979.286116441537
0.000227500000   370009.034132214205
0.000230000000   368043.397155041690
0.000232500000   366082.350668148312
0.000235000000   364125.870212014008
0.000237500000   362173.931384069612
0.000240000000   360226.509838392027
0.000242500000   358283.581285400840
0.000245000000   356345.121491555532
0.000247500000   354411.106279052678
0.000250000000   352481.511525525071
0.000252500000   350556.313163740153
0.000255000000   348635.487181300530
0.000257500000   346719.009620343917
0.000260000000   344806.856577244587
0.000262500000   342899.004202315235
0.000265000000   340995.428699509415
0.000267500000   339096.106326124689
0.000270000000   337201.013392506517
0.000272500000   335310.126261753205
0.000275000000   333423.421349420270
0.000277500000   331540.875123227073
0.000280000000   329662.464102762693
0.000282500000   327788.164859193668
0.000285000000   325917.954014971096
0.000287500000   324051.808243539650
0.000290000000   322189.704269046255
0.000292500000   320331.618866049917
0.000295000000   318477.528859232028
0.000297500000   316627.411123107362
0.000300000000   314781.242581735598
0.000302500000   312939.000208433368
0.000305000000   311100.661025487294
0.000307500000   309266.202103867254
0.000310000000   307435.600562940410
0.000312500000   305608.833570185816
0.000315000000   303785.878340909490
0.000317500000   301966.712137960654
0.000320000000   300151.312271447736
0.000322500000   298339.656098455482
0.000325000000   296531.721022762649
0.000327500000   294727.484494559991
0.000330000000   292926.924010169110
0.000332500000   291130.017111761728
0.000335000000   289336.741387079586
0.000337500000   287547.074469155050
0.000340000000   285760.994036031945
0.000342500000   283978.477810487093
0.000345000000   282199.503559752717
0.000347500000   280424.049095238792
0.000350000000   278652.092272256792
0.000352500000   276883.610989742854
0.000355000000   275118.583189982688
0.000357500000   273356.986858336080
0.000360000000   271598.800022962445
0.000362500000   269844.000754546898
0.000365000000   268092.567166026565
0.000367500000   266344.477412317472
0.000370000000   264599.709690042422
0.000372500000   262858.242237259052
0.000375000000   261120.053333187738
0.000377500000   259385.121297941630
0.000380000000   257653.424492255639
0.000382500000   255924.941317216639
0.000385000000   254199.650213994144
0.000387500000   252477.529663571331
0.000390000000   250758.558186476759
0.000392500000   249042.714342516381
0.000395000000   247329.976730506256
0.000397500000   245620.323988005257
0.000400000000   243913.734791049035
0.000402500000   242210.187853883865
0.000405000000   240509.661928701040
0.000407500000   238812.135805372207
0.000410000000   237117.588311184518
0.000412500000   235425.998310576600
0.000415000000   233737.344704874995
0.000417500000   232051.606432030996
0.000420000000   230368.762466357846
0.000422500000   228688.791818268684
0.000425000000   227011.673534014641
0.000427500000   225337.386695423455
0.000430000000   223665.910419638618
0.000432500000   221997.223858858866
0.000435000000   220331.306200078165
0.000437500000   218668.136664826219
0.000440000000   217007.694508909044
0.000442500000   215349.959022150579
0.000445000000   213694.909528134129
0.000447500000   212042.525383944565
0.000450000000   210392.785979910812
0.000452500000   208745.670739348890
0.000455000000   207101.159118305077
0.000457500000   205459.230605299847
0.000460000000   203819.864721071935
0.000462500000   202183.041018323012
0.000465000000   200548.739081462525
0.000467500000   198916.938526353129
0.000470000000   197287.619000056380
0.000472500000   195660.760180579033
0.000475000000   194036.341776619462
0.000477500000   192414.343527314457
0.000480000000   190794.745201986807
0.000482500000   189177.526599892735
0.000485000000   187562.667549969919
0.000487500000   185950.147910586093
0.000490000000   184339.947569287731
0.000492500000   182732.046442549210
0.000495000000   181126.424475522188
0.000497500000   179523.061641785665
0.000500000000   177921.937943096040
0.000502500000   176323.033409137774
0.000505000000   174726.328097274294
0.000507500000   173131.802092299156
0.000510000000   171539.435506187845
0.000512500000   169949.208477849548
0.000515000000   168361.101172879455
0.000517500000   166775.093783311459
0.000520000000   165191.166527370980
0.000522500000   163609.299649228342
0.000525000000   162029.473418752314
0.000527500000   160451.668131264072
0.000530000000   158875.864107291272
0.000532500000   157302.041692322760
0.000535000000   155730.181256563374
0.000537500000   154160.263194689120
0.000540000000   152592.267925602588
0.000542500000   151026.175892188825
0.000545000000   149461.967561071273
0.000547500000   147899.623422368284
0.000550000000   146339.123989449610
0.000552500000   144780.449798693502
0.000555000000   143223.581409243809
0.000557500000   141668.499402767658
0.000560000000   140115.184383213171
0.000562500000   138563.616976567486
0.000565000000   137013.777830615232
0.000567500000   135465.647614697053
0.000570000000   133919.207019468537
0.000572500000   132374.436756659445
0.000575000000   130831.317558832990
0.000577500000   129289.830179145647
0.000580000000   127749.955391107083
0.000582500000   126211.673988340248
0.000585000000   124674.966784341930
0.000587500000   123139.814612243383
0.000590000000   121606.198324571276
0.000592500000   120074.098793008932
0.000595000000   118543.496908157671
0.000597500000   117014.373579298495
0.000600000000   115486.709734153992
0.000602500000   113960.486318650379
0.000605000000   112435.684296679974
0.000607500000   110912.284649863635
0.000610000000   109390.268377313638
0.000612500000   107869.616495396665
0.000615000000   106350.310037496951
0.000617500000   104832.330053779893
0.000620000000   103315.657610955488


