0.000000000000   0.896021176263
0.010000000000   0.895168869844
0.020000000000   0.894311494039
0.030000000000   0.893453056277
0.040000000000   0.892594394556
0.050000000000   0.891735685550
0.060000000000   0.890876966584
0.070000000000   0.890018245550
0.080000000000   0.889159524120
0.090000000000   0.888300802645
0.100000000000   0.887442081201
0.110000000000   0.886583359804
0.120000000000   0.885724638457
0.130000000000   0.884865917162
0.140000000000   0.884007195917
0.150000000000   0.883148474724
0.160000000000   0.882289753583
0.170000000000   0.881431032494
0.180000000000   0.880572311456
0.190000000000   0.879713590470
0.200000000000   0.878854869535
0.210000000000   0.877996148653
0.220000000000   0.877137427823
0.230000000000   0.876278707045
0.240000000000   0.875419986319
0.250000000000   0.874561265646
0.260000000000   0.873702545025
0.270000000000   0.872843824457
0.280000000000   0.871985103941
0.290000000000   0.871126383478
0.300000000000   0.870267663068
0.310000000000   0.869408942710
0.320000000000   0.868550222406
0.330000000000   0.867691502155
0.340000000000   0.866832781957
0.350000000000   0.865974061812
0.360000000000   0.865115341720
0.370000000000   0.864256621682
0.380000000000   0.863397901698
0.390000000000   0.862539181767
0.400000000000   0.861680461890
0.410000000000   0.860821742066
0.420000000000   0.859963022297
0.430000000000   0.859104302581
0.440000000000   0.858245582920
0.450000000000   0.857386863313
0.460000000000   0.856528143760
0.470000000000   0.855669424262
0.480000000000   0.854810704818
0.490000000000   0.853951985428
0.500000000000   0.853093266094
0.510000000000   0.852234546814
0.520000000000   0.851375827589
0.530000000000   0.850517108419
0.540000000000   0.849658389303
0.550000000000   0.848799670244
0.560000000000   0.847940951239
0.570000000000   0.847082232290
0.580000000000   0.846223513396
0.590000000000   0.845364794558
0.600000000000   0.844506075775
0.610000000000   0.843647357048
0.620000000000   0.842788638377
0.630000000000   0.841929919762
0.640000000000   0.841071201203
0.650000000000   0.840212482700
0.660000000000   0.839353764253
0.670000000000   0.838495045863
0.680000000000   0.837636327529
0.690000000000   0.836777609252
0.700000000000   0.835918891031
0.710000000000   0.835060172867
0.720000000000   0.834201454760
0.730000000000   0.833342736710
0.740000000000   0.832484018717
0.750000000000   0.831625300781
0.760000000000   0.830766582903
0.770000000000   0.829907865082
0.780000000000   0.829049147318
0.790000000000   0.828190429612
0.800000000000   0.827331711963
0.810000000000   0.826472994373
0.820000000000   0.825614276840
0.830000000000   0.824755559365
0.840000000000   0.823896841948
0.850000000000   0.823038124590
0.860000000000   0.822179407290
0.870000000000   0.821320690048
0.880000000000   0.820461972865
0.890000000000   0.819603255742
0.900000000000   0.818744538681
0.910000000000   0.817885821695
0.920000000000   0.817027104842
0.930000000000   0.816168388386
0.940000000000   0.815309673515
0.950000000000   0.814450965606
0.960000000000   0.813592288966
0.970000000000   0.812733753388
0.980000000000   0.811875854046
0.990000000000   0.811020812334
1.000000000000   0.810178374429


1.000000000000   0.660219976698
1.010000000000   0.657574628732
1.020000000000   0.654931158880
1.030000000000   0.652289525477
1.040000000000   0.649649687352
1.050000000000   0.647011603809
1.060000000000   0.644375234616
1.070000000000   0.641740539987
1.080000000000   0.639107480571
1.090000000000   0.636476017439
1.100000000000   0.633846112066
1.110000000000   0.631217726321
1.120000000000   0.628590822452
1.130000000000   0.625965363073
1.140000000000   0.623341311151
1.150000000000   0.620718629994
1.160000000000   0.618097283237
1.170000000000   0.615477234830
1.180000000000   0.612858449025
1.190000000000   0.610240890364
1.200000000000   0.607624523669
1.210000000000   0.605009314024
1.220000000000   0.602395226772
1.230000000000   0.599782227494
1.240000000000   0.597170282004
1.250000000000   0.594559356335
1.260000000000   0.591949416728
1.270000000000   0.589340429620
1.280000000000   0.586732361635
1.290000000000   0.584125179571
1.300000000000   0.581518850389
1.310000000000   0.578913341204
1.320000000000   0.576308619274
1.330000000000   0.573704651987
1.340000000000   0.571101406855
1.350000000000   0.568498851498
1.360000000000   0.565896953641
1.370000000000   0.563295681096
1.380000000000   0.560695001758
1.390000000000   0.558094883592
1.400000000000   0.555495294625
1.410000000000   0.552896202933
1.420000000000   0.550297576637
1.430000000000   0.547699383886
1.440000000000   0.545101592854
1.450000000000   0.542504171727
1.460000000000   0.539907088696
1.470000000000   0.537310311944
1.480000000000   0.534713809640
1.490000000000   0.532117549929
1.500000000000   0.529521500924
1.510000000000   0.526925630693
1.520000000000   0.524329907254
1.530000000000   0.521734298566
1.540000000000   0.519138772517
1.550000000000   0.516543296917
1.560000000000   0.513947839490
1.570000000000   0.511352367865
1.580000000000   0.508756849566
1.590000000000   0.506161252004
1.600000000000   0.503565542469
1.610000000000   0.500969688121
1.620000000000   0.498373655980
1.630000000000   0.495777412920
1.640000000000   0.493180925660
1.650000000000   0.490584160754
1.660000000000   0.487987084583
1.670000000000   0.485389663348
1.680000000000   0.482791863060
1.690000000000   0.480193649532
1.700000000000   0.477594988372
1.710000000000   0.474995844974
1.720000000000   0.472396184506
1.730000000000   0.469795971908
1.740000000000   0.467195171880
1.750000000000   0.464593748873
1.760000000000   0.461991667084
1.770000000000   0.459388890442
1.780000000000   0.456785382608
1.790000000000   0.454181106958
1.800000000000   0.451576026580
1.810000000000   0.448970104265
1.820000000000   0.446363302496
1.830000000000   0.443755583444
1.840000000000   0.441146908955
1.850000000000   0.438537240545
1.860000000000   0.435926539389
1.870000000000   0.433314766314
1.880000000000   0.430701881791
1.890000000000   0.428087845925
1.900000000000   0.425472618449
1.910000000000   0.422856158710
1.920000000000   0.420238425667
1.930000000000   0.417619377878
1.940000000000   0.414998973492
1.950000000000   0.412377170243
1.960000000000   0.409753925436
1.970000000000   0.407129195942
1.980000000000   0.404502938189
1.990000000000   0.401875108151
2.000000000000   0.399245661340


2.000000000000   0.250195656179
2.010000000000   0.249359309155
2.020000000000   0.248508349605
2.030000000000   0.247652458049
2.040000000000   0.246794827081
2.050000000000   0.245936572685
2.060000000000   0.245078093542
2.070000000000   0.244219533315
2.080000000000   0.243360943979
2.090000000000   0.242502344379
2.100000000000   0.241643741360
2.110000000000   0.240785137413
2.120000000000   0.239926533446
2.130000000000   0.239067929794
2.140000000000   0.238209326579
2.150000000000   0.237350723849
2.160000000000   0.236492121624
2.170000000000   0.235633519912
2.180000000000   0.234774918720
2.190000000000   0.233916318050
2.200000000000   0.233057717908
2.210000000000   0.232199118295
2.220000000000   0.231340519217
2.230000000000   0.230481920675
2.240000000000   0.229623322675
2.250000000000   0.228764725219
2.260000000000   0.227906128311
2.270000000000   0.227047531954
2.280000000000   0.226188936153
2.290000000000   0.225330340910
2.300000000000   0.224471746230
2.310000000000   0.223613152117
2.320000000000   0.222754558574
2.330000000000   0.221895965604
2.340000000000   0.221037373213
2.350000000000   0.220178781404
2.360000000000   0.219320190180
2.370000000000   0.218461599547
2.380000000000   0.217603009507
2.390000000000   0.216744420065
2.400000000000   0.215885831226
2.410000000000   0.215027242993
2.420000000000   0.214168655370
2.430000000000   0.213310068363
2.440000000000   0.212451481975
2.450000000000   0.211592896210
2.460000000000   0.210734311074
2.470000000000   0.209875726570
2.480000000000   0.209017142703
2.490000000000   0.208158559478
2.500000000000   0.207299976900
2.510000000000   0.206441394972
2.520000000000   0.205582813700
2.530000000000   0.204724233089
2.540000000000   0.203865653143
2.550000000000   0.203007073867
2.560000000000   0.202148495267
2.570000000000   0.201289917347
2.580000000000   0.200431340113
2.590000000000   0.199572763569
2.600000000000   0.198714187721
2.610000000000   0.197855612573
2.620000000000   0.196997038133
2.630000000000   0.196138464404
2.640000000000   0.195279891392
2.650000000000   0.194421319103
2.660000000000   0.193562747543
2.670000000000   0.192704176716
2.680000000000   0.191845606629
2.690000000000   0.190987037288
2.700000000000   0.190128468698
2.710000000000   0.189269900866
2.720000000000   0.188411333797
2.730000000000   0.187552767497
2.740000000000   0.186694201974
2.750000000000   0.185835637232
2.760000000000   0.184977073278
2.770000000000   0.184118510119
2.780000000000   0.183259947761
2.790000000000   0.182401386211
2.800000000000   0.181542825476
2.810000000000   0.180684265563
2.820000000000   0.179825706479
2.830000000000   0.178967148234
2.840000000000   0.178108590841
2.850000000000   0.177250034321
2.860000000000   0.176391478716
2.870000000000   0.175532924121
2.880000000000   0.174674370756
2.890000000000   0.173815819148
2.900000000000   0.172957270581
2.910000000000   0.172098728176
2.920000000000   0.171240199538
2.930000000000   0.170381703171
2.940000000000   0.169523284020
2.950000000000   0.168665050995
2.960000000000   0.167807266902
2.970000000000   0.166950560940
2.980000000000   0.166096414368
2.990000000000   0.165248182837
3.000000000000   0.164412811362


