0.000000000000   0.848986756409
0.010000000000   0.847748912468
0.020000000000   0.846503653500
0.030000000000   0.845256806664
0.040000000000   0.844009616319
0.050000000000   0.842762351524
0.060000000000   0.841515070648
0.070000000000   0.840267786368
0.080000000000   0.839020501440
0.090000000000   0.837773216464
0.100000000000   0.836525931571
0.110000000000   0.835278646790
0.120000000000   0.834031362126
0.130000000000   0.832784077583
0.140000000000   0.831536793160
0.150000000000   0.830289508858
0.160000000000   0.829042224677
0.170000000000   0.827794940618
0.180000000000   0.826547656680
0.190000000000   0.825300372864
0.200000000000   0.824053089171
0.210000000000   0.822805805601
0.220000000000   0.821558522154
0.230000000000   0.820311238830
0.240000000000   0.819063955630
0.250000000000   0.817816672554
0.260000000000   0.816569389602
0.270000000000   0.815322106776
0.280000000000   0.814074824074
0.290000000000   0.812827541498
0.300000000000   0.811580259047
0.310000000000   0.810332976723
0.320000000000   0.809085694525
0.330000000000   0.807838412453
0.340000000000   0.806591130509
0.350000000000   0.805343848693
0.360000000000   0.804096567004
0.370000000000   0.802849285443
0.380000000000   0.801602004011
0.390000000000   0.800354722707
0.400000000000   0.799107441533
0.410000000000   0.797860160489
0.420000000000   0.796612879574
0.430000000000   0.795365598790
0.440000000000   0.794118318136
0.450000000000   0.792871037613
0.460000000000   0.791623757221
0.470000000000   0.790376476962
0.480000000000   0.789129196834
0.490000000000   0.787881916839
0.500000000000   0.786634636976
0.510000000000   0.785387357247
0.520000000000   0.784140077651
0.530000000000   0.782892798189
0.540000000000   0.781645518862
0.550000000000   0.780398239669
0.560000000000   0.779150960611
0.570000000000   0.777903681689
0.580000000000   0.776656402902
0.590000000000   0.775409124252
0.600000000000   0.774161845738
0.610000000000   0.772914567361
0.620000000000   0.771667289121
0.630000000000   0.770420011019
0.640000000000   0.769172733056
0.650000000000   0.767925455230
0.660000000000   0.766678177544
0.670000000000   0.765430899997
0.680000000000   0.764183622590
0.690000000000   0.762936345323
0.700000000000   0.761689068196
0.710000000000   0.760441791210
0.720000000000   0.759194514365
0.730000000000   0.757947237662
0.740000000000   0.756699961102
0.750000000000   0.755452684683
0.760000000000   0.754205408408
0.770000000000   0.752958132276
0.780000000000   0.751710856288
0.790000000000   0.750463580444
0.800000000000   0.749216304745
0.810000000000   0.747969029190
0.820000000000   0.746721753782
0.830000000000   0.745474478519
0.840000000000   0.744227203402
0.850000000000   0.742979928432
0.860000000000   0.741732653609
0.870000000000   0.740485378934
0.880000000000   0.739238104407
0.890000000000   0.737990830029
0.900000000000   0.736743555805
0.910000000000   0.735496281746
0.920000000000   0.734249007907
0.930000000000   0.733001734523
0.940000000000   0.731754462601
0.950000000000   0.730507196460
0.960000000000   0.729259954651
0.970000000000   0.728012816718
0.980000000000   0.726766123247
0.990000000000   0.725521326232
1.000000000000   0.724284518542


1.000000000000   0.724284518542
1.010000000000   0.720331005472
1.020000000000   0.716381390382
1.030000000000   0.712435579540
1.040000000000   0.708493480323
1.050000000000   0.704555001189
1.060000000000   0.700620051646
1.070000000000   0.696688542219
1.080000000000   0.692760384422
1.090000000000   0.688835490730
1.100000000000   0.684913774546
1.110000000000   0.680995150174
1.120000000000   0.677079532790
1.130000000000   0.673166838412
1.140000000000   0.669256983875
1.150000000000   0.665349886799
1.160000000000   0.661445465565
1.170000000000   0.657543639285
1.180000000000   0.653644327776
1.190000000000   0.649747451536
1.200000000000   0.645852931711
1.210000000000   0.641960690074
1.220000000000   0.638070649000
1.230000000000   0.634182731435
1.240000000000   0.630296860876
1.250000000000   0.626412961342
1.260000000000   0.622530957352
1.270000000000   0.618650773899
1.280000000000   0.614772336426
1.290000000000   0.610895570803
1.300000000000   0.607020403300
1.310000000000   0.603146760566
1.320000000000   0.599274569608
1.330000000000   0.595403757761
1.340000000000   0.591534252672
1.350000000000   0.587665982273
1.360000000000   0.583798874763
1.370000000000   0.579932858579
1.380000000000   0.576067862380
1.390000000000   0.572203815023
1.400000000000   0.568340645543
1.410000000000   0.564478283127
1.420000000000   0.560616657097
1.430000000000   0.556755696890
1.440000000000   0.552895332033
1.450000000000   0.549035492123
1.460000000000   0.545176106812
1.470000000000   0.541317105778
1.480000000000   0.537458418713
1.490000000000   0.533599975296
1.500000000000   0.529741705178
1.510000000000   0.525883537961
1.520000000000   0.522025403177
1.530000000000   0.518167230270
1.540000000000   0.514308948577
1.550000000000   0.510450487305
1.560000000000   0.506591775519
1.570000000000   0.502732742115
1.580000000000   0.498873315807
1.590000000000   0.495013425106
1.600000000000   0.491152998300
1.610000000000   0.487291963438
1.620000000000   0.483430248310
1.630000000000   0.479567780427
1.640000000000   0.475704487007
1.650000000000   0.471840294952
1.660000000000   0.467975130832
1.670000000000   0.464108920866
1.680000000000   0.460241590905
1.690000000000   0.456373066412
1.700000000000   0.452503272445
1.710000000000   0.448632133638
1.720000000000   0.444759574186
1.730000000000   0.440885517822
1.740000000000   0.437009887801
1.750000000000   0.433132606884
1.760000000000   0.429253597316
1.770000000000   0.425372780813
1.780000000000   0.421490078537
1.790000000000   0.417605411084
1.800000000000   0.413718698462
1.810000000000   0.409829860075
1.820000000000   0.405938814703
1.830000000000   0.402045480483
1.840000000000   0.398149774893
1.850000000000   0.394251614731
1.860000000000   0.390350916099
1.870000000000   0.386447594380
1.880000000000   0.382541564222
1.890000000000   0.378632739521
1.900000000000   0.374721033396
1.910000000000   0.370806358174
1.920000000000   0.366888625370
1.930000000000   0.362967745667
1.940000000000   0.359043628894
1.950000000000   0.355116184012
1.960000000000   0.351185319084
1.970000000000   0.347250941266
1.980000000000   0.343312956776
1.990000000000   0.339371270882
2.000000000000   0.335425787874


2.000000000000   0.335425787874
2.010000000000   0.334191870026
2.020000000000   0.332948882889
2.030000000000   0.331703054732
2.040000000000   0.330456315061
2.050000000000   0.329209280641
2.060000000000   0.327962150825
2.070000000000   0.326714990349
2.080000000000   0.325467820286
2.090000000000   0.324220647511
2.100000000000   0.322973474273
2.110000000000   0.321726301309
2.120000000000   0.320479128864
2.130000000000   0.319231957021
2.140000000000   0.317984785811
2.150000000000   0.316737615246
2.160000000000   0.315490445334
2.170000000000   0.314243276081
2.180000000000   0.312996107490
2.190000000000   0.311748939568
2.200000000000   0.310501772318
2.210000000000   0.309254605746
2.220000000000   0.308007439855
2.230000000000   0.306760274652
2.240000000000   0.305513110141
2.250000000000   0.304265946326
2.260000000000   0.303018783213
2.270000000000   0.301771620808
2.280000000000   0.300524459114
2.290000000000   0.299277298138
2.300000000000   0.298030137884
2.310000000000   0.296782978357
2.320000000000   0.295535819564
2.330000000000   0.294288661509
2.340000000000   0.293041504199
2.350000000000   0.291794347638
2.360000000000   0.290547191832
2.370000000000   0.289300036787
2.380000000000   0.288052882509
2.390000000000   0.286805729003
2.400000000000   0.285558576275
2.410000000000   0.284311424332
2.420000000000   0.283064273179
2.430000000000   0.281817122822
2.440000000000   0.280569973268
2.450000000000   0.279322824523
2.460000000000   0.278075676593
2.470000000000   0.276828529485
2.480000000000   0.275581383205
2.490000000000   0.274334237759
2.500000000000   0.273087093155
2.510000000000   0.271839949398
2.520000000000   0.270592806497
2.530000000000   0.269345664457
2.540000000000   0.268098523286
2.550000000000   0.266851382991
2.560000000000   0.265604243579
2.570000000000   0.264357105057
2.580000000000   0.263109967433
2.590000000000   0.261862830714
2.600000000000   0.260615694907
2.610000000000   0.259368560021
2.620000000000   0.258121426063
2.630000000000   0.256874293041
2.640000000000   0.255627160963
2.650000000000   0.254380029837
2.660000000000   0.253132899671
2.670000000000   0.251885770473
2.680000000000   0.250638642253
2.690000000000   0.249391515017
2.700000000000   0.248144388776
2.710000000000   0.246897263537
2.720000000000   0.245650139310
2.730000000000   0.244403016104
2.740000000000   0.243155893928
2.750000000000   0.241908772791
2.760000000000   0.240661652702
2.770000000000   0.239414533671
2.780000000000   0.238167415708
2.790000000000   0.236920298822
2.800000000000   0.235673183024
2.810000000000   0.234426068323
2.820000000000   0.233178954731
2.830000000000   0.231931842258
2.840000000000   0.230684730917
2.850000000000   0.229437620727
2.860000000000   0.228190511713
2.870000000000   0.226943403935
2.880000000000   0.225696297524
2.890000000000   0.224449192821
2.900000000000   0.223202090706
2.910000000000   0.221954993502
2.920000000000   0.220707907346
2.930000000000   0.219460848449
2.940000000000   0.218213859573
2.950000000000   0.216967053221
2.960000000000   0.215720724172
2.970000000000   0.214475638632
2.980000000000   0.213233752832
2.990000000000   0.211999847062
3.000000000000   0.210784371476


