0.000000000000   1.000000000000
0.010000000000   0.978381859255
0.020000000000   0.973661668278
0.030000000000   0.972481335057
0.040000000000   0.972047531389
0.050000000000   0.971771346056
0.060000000000   0.971528359353
0.070000000000   0.971292263471
0.080000000000   0.971057492585
0.090000000000   0.970822868411
0.100000000000   0.970588141208
0.110000000000   0.970353257839
0.120000000000   0.970118206813
0.130000000000   0.969882985465
0.140000000000   0.969647593001
0.150000000000   0.969412029022
0.160000000000   0.969176293215
0.170000000000   0.968940385281
0.180000000000   0.968704304925
0.190000000000   0.968468051854
0.200000000000   0.968231625771
0.210000000000   0.967995026382
0.220000000000   0.967758253389
0.230000000000   0.967521306495
0.240000000000   0.967284185402
0.250000000000   0.967046889810
0.260000000000   0.966809419420
0.270000000000   0.966571773930
0.280000000000   0.966333953040
0.290000000000   0.966095956446
0.300000000000   0.965857783847
0.310000000000   0.965619434937
0.320000000000   0.965380909412
0.330000000000   0.965142206966
0.340000000000   0.964903327293
0.350000000000   0.964664270085
0.360000000000   0.964425035035
0.370000000000   0.964185621833
0.380000000000   0.963946030169
0.390000000000   0.963706259733
0.400000000000   0.963466310213
0.410000000000   0.963226181297
0.420000000000   0.962985872671
0.430000000000   0.962745384021
0.440000000000   0.962504715033
0.450000000000   0.962263865391
0.460000000000   0.962022834777
0.470000000000   0.961781622874
0.480000000000   0.961540229364
0.490000000000   0.961298653928
0.500000000000   0.961056896244
0.510000000000   0.960814955993
0.520000000000   0.960572832851
0.530000000000   0.960330526497
0.540000000000   0.960088036606
0.550000000000   0.959845362853
0.560000000000   0.959602504913
0.570000000000   0.959359462460
0.580000000000   0.959116235166
0.590000000000   0.958872822703
0.600000000000   0.958629224741
0.610000000000   0.958385440950
0.620000000000   0.958141470999
0.630000000000   0.957897314557
0.640000000000   0.957652971289
0.650000000000   0.957408440863
0.660000000000   0.957163722944
0.670000000000   0.956918817195
0.680000000000   0.956673723279
0.690000000000   0.956428440861
0.700000000000   0.956182969599
0.710000000000   0.955937309156
0.720000000000   0.955691459191
0.730000000000   0.955445419361
0.740000000000   0.955199189325
0.750000000000   0.954952768739
0.760000000000   0.954706157258
0.770000000000   0.954459354538
0.780000000000   0.954212360232
0.790000000000   0.953965173992
0.800000000000   0.953717795470
0.810000000000   0.953470224317
0.820000000000   0.953222460182
0.830000000000   0.952974502714
0.840000000000   0.952726351560
0.850000000000   0.952478006360
0.860000000000   0.952229466739
0.870000000000   0.951980732240
0.880000000000   0.951731802049
0.890000000000   0.951482673730
0.900000000000   0.951233337505
0.910000000000   0.950983750319
0.920000000000   0.950733718403
0.930000000000   0.950482365727
0.940000000000   0.950225729246
0.950000000000   0.949945885481
0.960000000000   0.949561813322
0.970000000000   0.948707532544
0.980000000000   0.945732465266
0.990000000000   0.933231964198
1.000000000000   0.878718776589


1.000000000000   0.878718776589
1.010000000000   0.878261651033
1.020000000000   0.877798265098
1.030000000000   0.877328757664
1.040000000000   0.876853265971
1.050000000000   0.876371925671
1.060000000000   0.875884870873
1.070000000000   0.875392234193
1.080000000000   0.874894146801
1.090000000000   0.874390738465
1.100000000000   0.873882137598
1.110000000000   0.873368471305
1.120000000000   0.872849865427
1.130000000000   0.872326444581
1.140000000000   0.871798332211
1.150000000000   0.871265650625
1.160000000000   0.870728521038
1.170000000000   0.870187063619
1.180000000000   0.869641397526
1.190000000000   0.869091640951
1.200000000000   0.868537911159
1.210000000000   0.867980324530
1.220000000000   0.867418996596
1.230000000000   0.866854042079
1.240000000000   0.866285574936
1.250000000000   0.865713708389
1.260000000000   0.865138554969
1.270000000000   0.864560226552
1.280000000000   0.863978834392
1.290000000000   0.863394489163
1.300000000000   0.862807300994
1.310000000000   0.862217379500
1.320000000000   0.861624833825
1.330000000000   0.861029772671
1.340000000000   0.860432304336
1.350000000000   0.859832536747
1.360000000000   0.859230577496
1.370000000000   0.858626533869
1.380000000000   0.858020512885
1.390000000000   0.857412621328
1.400000000000   0.856802965776
1.410000000000   0.856191652638
1.420000000000   0.855578788184
1.430000000000   0.854964478578
1.440000000000   0.854348829907
1.450000000000   0.853731948220
1.460000000000   0.853113939548
1.470000000000   0.852494909946
1.480000000000   0.851874965515
1.490000000000   0.851254212440
1.500000000000   0.850632757015
1.510000000000   0.850010705676
1.520000000000   0.849388165028
1.530000000000   0.848765241879
1.540000000000   0.848142043267
1.550000000000   0.847518676491
1.560000000000   0.846895249136
1.570000000000   0.846271869109
1.580000000000   0.845648644663
1.590000000000   0.845025684426
1.600000000000   0.844403097433
1.610000000000   0.843780993151
1.620000000000   0.843159481511
1.630000000000   0.842538672934
1.640000000000   0.841918678357
1.650000000000   0.841299609268
1.660000000000   0.840681577729
1.670000000000   0.840064696403
1.680000000000   0.839449078587
1.690000000000   0.838834838236
1.700000000000   0.838222089992
1.710000000000   0.837610949211
1.720000000000   0.837001531994
1.730000000000   0.836393955210
1.740000000000   0.835788336527
1.750000000000   0.835184794440
1.760000000000   0.834583448296
1.770000000000   0.833984418324
1.780000000000   0.833387825662
1.790000000000   0.832793792387
1.800000000000   0.832202441536
1.810000000000   0.831613897144
1.820000000000   0.831028284262
1.830000000000   0.830445728992
1.840000000000   0.829866358512
1.850000000000   0.829290301103
1.860000000000   0.828717686181
1.870000000000   0.828148644321
1.880000000000   0.827583307288
1.890000000000   0.827021808063
1.900000000000   0.826464280875
1.910000000000   0.825910861228
1.920000000000   0.825361685928
1.930000000000   0.824816893115
1.940000000000   0.824276622291
1.950000000000   0.823741014346
1.960000000000   0.823210211594
1.970000000000   0.822684357797
1.980000000000   0.822163598197
1.990000000000   0.821648079547
2.000000000000   0.821137950139


2.000000000000   0.821137950139
2.010000000000   0.746321822064
2.020000000000   0.720214115449
2.030000000000   0.710546429374
2.040000000000   0.706676781579
2.050000000000   0.704885226677
2.060000000000   0.703842831554
2.070000000000   0.703070713620
2.080000000000   0.702395626903
2.090000000000   0.701754754110
2.100000000000   0.701125278225
2.110000000000   0.700498896047
2.120000000000   0.699872577925
2.130000000000   0.699245212760
2.140000000000   0.698616388265
2.150000000000   0.697985946961
2.160000000000   0.697353824349
2.170000000000   0.696719989860
2.180000000000   0.696084425273
2.190000000000   0.695447116824
2.200000000000   0.694808052312
2.210000000000   0.694167220039
2.220000000000   0.693524608418
2.230000000000   0.692880205827
2.240000000000   0.692234000558
2.250000000000   0.691585980792
2.260000000000   0.690936134594
2.270000000000   0.690284449906
2.280000000000   0.689630914545
2.290000000000   0.688975516200
2.300000000000   0.688318242433
2.310000000000   0.687659080672
2.320000000000   0.686998018216
2.330000000000   0.686335042225
2.340000000000   0.685670139726
2.350000000000   0.685003297604
2.360000000000   0.684334502605
2.370000000000   0.683663741332
2.380000000000   0.682991000242
2.390000000000   0.682316265645
2.400000000000   0.681639523704
2.410000000000   0.680960760427
2.420000000000   0.680279961670
2.430000000000   0.679597113133
2.440000000000   0.678912200357
2.450000000000   0.678225208721
2.460000000000   0.677536123443
2.470000000000   0.676844929572
2.480000000000   0.676151611992
2.490000000000   0.675456155414
2.500000000000   0.674758544375
2.510000000000   0.674058763236
2.520000000000   0.673356796180
2.530000000000   0.672652627206
2.540000000000   0.671946240130
2.550000000000   0.671237618579
2.560000000000   0.670526745990
2.570000000000   0.669813605606
2.580000000000   0.669098180473
2.590000000000   0.668380453437
2.600000000000   0.667660407141
2.610000000000   0.666938024021
2.620000000000   0.666213286302
2.630000000000   0.665486175999
2.640000000000   0.664756674907
2.650000000000   0.664024764600
2.660000000000   0.663290426431
2.670000000000   0.662553641524
2.680000000000   0.661814390768
2.690000000000   0.661072654821
2.700000000000   0.660328414100
2.710000000000   0.659581648776
2.720000000000   0.658832338775
2.730000000000   0.658080463769
2.740000000000   0.657326003172
2.750000000000   0.656568936135
2.760000000000   0.655809241535
2.770000000000   0.655046897960
2.780000000000   0.654281883672
2.790000000000   0.653514176531
2.800000000000   0.652743753804
2.810000000000   0.651970591706
2.820000000000   0.651194664272
2.830000000000   0.650415940572
2.840000000000   0.649634377866
2.850000000000   0.648849904757
2.860000000000   0.648062379802
2.870000000000   0.647271489991
2.880000000000   0.646476502066
2.890000000000   0.645675654385
2.900000000000   0.644864672067
2.910000000000   0.644033147558
2.920000000000   0.643155733269
2.930000000000   0.642170752234
2.940000000000   0.640928381079
2.950000000000   0.639065589390
2.960000000000   0.635706359433
2.970000000000   0.628753360729
2.980000000000   0.613269059221
2.990000000000   0.578067955751
3.000000000000   0.500000000000


