0.000000000000   1.000000000000
0.010000000000   0.968173836769
0.020000000000   0.961064426422
0.030000000000   0.959247913425
0.040000000000   0.958576430157
0.050000000000   0.958153110625
0.060000000000   0.957783397245
0.070000000000   0.957425030482
0.080000000000   0.957068822940
0.090000000000   0.956712775132
0.100000000000   0.956356450956
0.110000000000   0.955999754592
0.120000000000   0.955642664332
0.130000000000   0.955285174623
0.140000000000   0.954927283429
0.150000000000   0.954568989481
0.160000000000   0.954210291670
0.170000000000   0.953851188925
0.180000000000   0.953491680173
0.190000000000   0.953131764343
0.200000000000   0.952771440356
0.210000000000   0.952410707131
0.220000000000   0.952049563581
0.230000000000   0.951688008617
0.240000000000   0.951326041143
0.250000000000   0.950963660058
0.260000000000   0.950600864260
0.270000000000   0.950237652638
0.280000000000   0.949874024078
0.290000000000   0.949509977463
0.300000000000   0.949145511669
0.310000000000   0.948780625569
0.320000000000   0.948415318029
0.330000000000   0.948049587912
0.340000000000   0.947683434075
0.350000000000   0.947316855373
0.360000000000   0.946949850651
0.370000000000   0.946582418754
0.380000000000   0.946214558520
0.390000000000   0.945846268781
0.400000000000   0.945477548366
0.410000000000   0.945108396098
0.420000000000   0.944738810794
0.430000000000   0.944368791268
0.440000000000   0.943998336328
0.450000000000   0.943627444775
0.460000000000   0.943256115408
0.470000000000   0.942884347018
0.480000000000   0.942512138393
0.490000000000   0.942139488315
0.500000000000   0.941766395559
0.510000000000   0.941392858897
0.520000000000   0.941018877095
0.530000000000   0.940644448912
0.540000000000   0.940269573104
0.550000000000   0.939894248420
0.560000000000   0.939518473604
0.570000000000   0.939142247394
0.580000000000   0.938765568523
0.590000000000   0.938388435719
0.600000000000   0.938010847702
0.610000000000   0.937632803189
0.620000000000   0.937254300890
0.630000000000   0.936875339510
0.640000000000   0.936495917746
0.650000000000   0.936116034293
0.660000000000   0.935735687836
0.670000000000   0.935354877057
0.680000000000   0.934973600632
0.690000000000   0.934591857230
0.700000000000   0.934209645513
0.710000000000   0.933826964140
0.720000000000   0.933443811761
0.730000000000   0.933060187022
0.740000000000   0.932676088562
0.750000000000   0.932291515013
0.760000000000   0.931906465002
0.770000000000   0.931520937149
0.780000000000   0.931134930069
0.790000000000   0.930748442370
0.800000000000   0.930361472651
0.810000000000   0.929974019510
0.820000000000   0.929586081534
0.830000000000   0.929197657304
0.840000000000   0.928808745395
0.850000000000   0.928419344370
0.860000000000   0.928029452762
0.870000000000   0.927639069006
0.880000000000   0.927248191127
0.890000000000   0.926856815404
0.900000000000   0.926464930615
0.910000000000   0.926072493223
0.920000000000   0.925679320592
0.930000000000   0.925284631646
0.940000000000   0.924885072717
0.950000000000   0.924466239864
0.960000000000   0.923966304369
0.970000000000   0.923120113583
0.980000000000   0.920792381960
0.990000000000   0.912143130695
1.000000000000   0.876862795438


1.000000000000   0.876862795438
1.010000000000   0.876569341006
1.020000000000   0.876262893304
1.030000000000   0.875943764776
1.040000000000   0.875612264164
1.050000000000   0.875268696607
1.060000000000   0.874913363750
1.070000000000   0.874546563839
1.080000000000   0.874168591826
1.090000000000   0.873779739464
1.100000000000   0.873380295409
1.110000000000   0.872970545315
1.120000000000   0.872550771927
1.130000000000   0.872121255185
1.140000000000   0.871682272308
1.150000000000   0.871234097892
1.160000000000   0.870777004005
1.170000000000   0.870311260270
1.180000000000   0.869837133962
1.190000000000   0.869354890095
1.200000000000   0.868864791511
1.210000000000   0.868367098963
1.220000000000   0.867862071209
1.230000000000   0.867349965091
1.240000000000   0.866831035621
1.250000000000   0.866305536066
1.260000000000   0.865773718031
1.270000000000   0.865235831538
1.280000000000   0.864692125112
1.290000000000   0.864142845856
1.300000000000   0.863588239532
1.310000000000   0.863028550641
1.320000000000   0.862464022502
1.330000000000   0.861894897323
1.340000000000   0.861321416285
1.350000000000   0.860743819611
1.360000000000   0.860162346645
1.370000000000   0.859577235923
1.380000000000   0.858988725251
1.390000000000   0.858397051770
1.400000000000   0.857802452037
1.410000000000   0.857205162090
1.420000000000   0.856605417519
1.430000000000   0.856003453541
1.440000000000   0.855399505065
1.450000000000   0.854793806761
1.460000000000   0.854186593130
1.470000000000   0.853578098574
1.480000000000   0.852968557458
1.490000000000   0.852358204180
1.500000000000   0.851747273238
1.510000000000   0.851135999293
1.520000000000   0.850524617238
1.530000000000   0.849913362258
1.540000000000   0.849302469902
1.550000000000   0.848692176138
1.560000000000   0.848082717424
1.570000000000   0.847474330768
1.580000000000   0.846867253792
1.590000000000   0.846261724795
1.600000000000   0.845657982813
1.610000000000   0.845056267684
1.620000000000   0.844456820111
1.630000000000   0.843859881717
1.640000000000   0.843265695116
1.650000000000   0.842674503965
1.660000000000   0.842086553030
1.670000000000   0.841502088248
1.680000000000   0.840921356784
1.690000000000   0.840344607093
1.700000000000   0.839772088982
1.710000000000   0.839204053668
1.720000000000   0.838640753840
1.730000000000   0.838082443721
1.740000000000   0.837529379122
1.750000000000   0.836981817511
1.760000000000   0.836440018067
1.770000000000   0.835904241743
1.780000000000   0.835374751328
1.790000000000   0.834851811503
1.800000000000   0.834335688906
1.810000000000   0.833826652195
1.820000000000   0.833324972101
1.830000000000   0.832830921500
1.840000000000   0.832344775465
1.850000000000   0.831866811335
1.860000000000   0.831397308775
1.870000000000   0.830936549837
1.880000000000   0.830484819026
1.890000000000   0.830042403363
1.900000000000   0.829609592446
1.910000000000   0.829186678517
1.920000000000   0.828773956528
1.930000000000   0.828371724204
1.940000000000   0.827980282110
1.950000000000   0.827599933718
1.960000000000   0.827230985474
1.970000000000   0.826873746868
1.980000000000   0.826528530497
1.990000000000   0.826195652142
2.000000000000   0.825875430835


2.000000000000   0.825875430835
2.010000000000   0.780962290791
2.020000000000   0.766280111642
2.030000000000   0.761068002382
2.040000000000   0.758894270397
2.050000000000   0.757703036790
2.060000000000   0.756829787425
2.070000000000   0.756058740951
2.080000000000   0.755319649857
2.090000000000   0.754589598197
2.100000000000   0.753861092386
2.110000000000   0.753131671895
2.120000000000   0.752400521101
2.130000000000   0.751667362682
2.140000000000   0.750932095665
2.150000000000   0.750194676857
2.160000000000   0.749455081955
2.170000000000   0.748713292763
2.180000000000   0.747969292988
2.190000000000   0.747223066853
2.200000000000   0.746474598635
2.210000000000   0.745723872513
2.220000000000   0.744970872518
2.230000000000   0.744215582509
2.240000000000   0.743457986167
2.250000000000   0.742698066993
2.260000000000   0.741935808298
2.270000000000   0.741171193207
2.280000000000   0.740404204652
2.290000000000   0.739634825370
2.300000000000   0.738863037900
2.310000000000   0.738088824579
2.320000000000   0.737312167541
2.330000000000   0.736533048710
2.340000000000   0.735751449801
2.350000000000   0.734967352315
2.360000000000   0.734180737533
2.370000000000   0.733391586516
2.380000000000   0.732599880101
2.390000000000   0.731805598894
2.400000000000   0.731008723272
2.410000000000   0.730209233372
2.420000000000   0.729407109095
2.430000000000   0.728602330095
2.440000000000   0.727794875779
2.450000000000   0.726984725302
2.460000000000   0.726171857563
2.470000000000   0.725356251199
2.480000000000   0.724537884584
2.490000000000   0.723716735819
2.500000000000   0.722892782734
2.510000000000   0.722066002879
2.520000000000   0.721236373520
2.530000000000   0.720403871634
2.540000000000   0.719568473905
2.550000000000   0.718730156717
2.560000000000   0.717888896152
2.570000000000   0.717044667980
2.580000000000   0.716197447659
2.590000000000   0.715347210323
2.600000000000   0.714493930784
2.610000000000   0.713637583517
2.620000000000   0.712778142662
2.630000000000   0.711915582015
2.640000000000   0.711049875019
2.650000000000   0.710180994762
2.660000000000   0.709308913969
2.670000000000   0.708433604992
2.680000000000   0.707555039808
2.690000000000   0.706673190009
2.700000000000   0.705788026795
2.710000000000   0.704899520969
2.720000000000   0.704007642926
2.730000000000   0.703112362647
2.740000000000   0.702213649689
2.750000000000   0.701311473182
2.760000000000   0.700405801812
2.770000000000   0.699496603815
2.780000000000   0.698583846957
2.790000000000   0.697667498506
2.800000000000   0.696747525159
2.810000000000   0.695823892876
2.820000000000   0.694896566433
2.830000000000   0.693965508247
2.840000000000   0.693030675228
2.850000000000   0.692092010369
2.860000000000   0.691149420252
2.870000000000   0.690202715026
2.880000000000   0.689251448454
2.890000000000   0.688294492500
2.900000000000   0.687328908060
2.910000000000   0.686346953101
2.920000000000   0.685328172228
2.930000000000   0.684218527274
2.940000000000   0.682875481584
2.950000000000   0.680924018852
2.960000000000   0.677381549815
2.970000000000   0.669694049576
2.980000000000   0.651340748647
2.990000000000   0.606387345927
3.000000000000   0.500000000000


