0.000000000000   580.691687657371
0.000000133333   569.046115093967
0.000000266667   557.634570712040
0.000000400000   546.452361354204
0.000000533333   535.494888180307
0.000000666667   524.757644776103
0.000000800000   514.236215299920
0.000000933333   503.926272666586
0.000001066667   493.823576767855
0.000001200000   483.923972728599
0.000001333333   474.223389198063
0.000001466667   464.717836675463
0.000001600000   455.403405869245
0.000001733333   446.276266089339
0.000001866667   437.332663671730
0.000002000000   428.568920434713
0.000002133333   419.981432166190
0.000002266667   411.566667141386
0.000002400000   403.321164670376
0.000002533333   395.241533674834
0.000002666667   387.324451293398
0.000002800000   379.566661515097
0.000002933333   371.964973840279
0.000003066667   364.516261968461
0.000003200000   357.217462512606
0.000003333333   350.065573739254
0.000003466667   343.057654334020
0.000003600000   336.190822191938
0.000003733333   329.462253232155
0.000003866667   322.869180236484
0.000004000000   316.408891711355
0.000004133333   310.078730772666
0.000004266667   303.876094053109
0.000004400000   297.798430631498
0.000004533333   291.843240983661
0.000004666667   286.008075954485
0.000004800000   280.290535750658
0.000004933333   274.688268953726
0.000005066667   269.198971553037
0.000005200000   263.820385998185
0.000005333333   258.550300270560
0.000005466667   253.386546973625
0.000005600000   248.327002441545
0.000005733333   243.369585865797
0.000005866667   238.512258439411
0.000006000000   233.753022518480
0.000006133333   229.089920800602
0.000006266667   224.521035519912
0.000006400000   220.044487658374
0.000006533333   215.658436173008
0.000006666667   211.361077238737
0.000006800000   207.150643506535
0.000006933333   203.025403376584
0.000007066667   198.983660286128
0.000007200000   195.023752011735
0.000007333333   191.144049985690
0.000007466667   187.342958626218
0.000007600000   183.618914681283
0.000007733333   179.970386585675
0.000007866667   176.395873831136
0.000008000000   172.893906349252
0.000008133333   169.463043906869
0.000008266667   166.101875513776
0.000008400000   162.809018842414
0.000008533333   159.583119659377
0.000008666667   156.422851268463
0.000008800000   153.326913965054
0.000008933333   150.294034501589
0.000009066667   147.322965563930
0.000009200000   144.412485258381
0.000009333333   141.561396609169
0.000009466667   138.768527066172
0.000009600000   136.032728022690
0.000009733333   133.352874343066
0.000009866667   130.727863899956
0.000010000000   128.156617121065
0.000010133333   125.638076545157
0.000010266667   123.171206387162
0.000010400000   120.754992112190
0.000010533333   118.388440018294
0.000010666667   116.070576827794
0.000010800000   113.800449287003
0.000010933333   111.577123774187
0.000011066667   109.399685915603
0.000011200000   107.267240209448
0.000011333333   105.178909657569
0.000011466667   103.133835404793
0.000011600000   101.131176385700
0.000011733333   99.170108978733
0.000011866667   97.249826667464
0.000012000000   95.369539708910
0.000012133333   93.528474808735
0.000012266667   91.725874803224
0.000012400000   89.960998347887
0.000012533333   88.233119612575
0.000012666667   86.541527982968
0.000012800000   84.885527768325
0.000012933333   83.264437915374
0.000013066667   81.677591728218
0.000013200000   80.124336594147
0.000013333333   78.604033715240
0.000013466667   77.116057845656
0.000013600000   75.659797034485
0.000013733333   74.234652374082
0.000013866667   72.840037753753
0.000014000000   71.475379618710
0.000014133333   70.140116734192
0.000014266667   68.833699954641
0.000014400000   67.555591997869
0.000014533333   66.305267224084
0.000014666667   65.082211419719
0.000014800000   63.885921585952
0.000014933333   62.715905731839
0.000015066667   61.571682671981
0.000015200000   60.452781828626
0.000015333333   59.358743038137
0.000015466667   58.289116361744
0.000015600000   57.243461900503
0.000015733333   56.221349614377
0.000015866667   55.222359145379
0.000016000000   54.246079644693
0.000016133333   53.292109603705
0.000016266667   52.360056688881
0.000016400000   51.449537580412
0.000016533333   50.560177814566
0.000016666667   49.691611629689
0.000016800000   48.843481815777
0.000016933333   48.015439567571
0.000017066667   47.207144341102
0.000017200000   46.418263713645
0.000017333333   45.648473246995
0.000017466667   44.897456354046
0.000017600000   44.164904168588
0.000017733333   43.450515418277
0.000017866667   42.753996300740
0.000018000000   42.075060362737
0.000018133333   41.413428382359
0.000018266667   40.768828254192
0.000018400000   40.140994877407
0.000018533333   39.529670046740
0.000018666667   38.934602346295
0.000018800000   38.355547046149
0.000018933333   37.792266001704
0.000019066667   37.244527555744
0.000019200000   36.712106443164
0.000019333333   36.194783698329
0.000019466667   35.692346565016
0.000019600000   35.204588408921
0.000019733333   34.731308632674
0.000019866667   34.272312593340
0.000020000000   33.827411522373


0.000020000000   26.769532392745
0.000020666667   25.138413251258
0.000021333333   23.606681340401
0.000022000000   22.168280804892
0.000022666667   20.817524784372
0.000023333333   19.549072929841
0.000024000000   18.357910290044
0.000024666667   17.239327484371
0.000025333333   16.188902083839
0.000026000000   15.202481126587
0.000026666667   14.276164698716
0.000027333333   13.406290515598
0.000028000000   12.589419442663
0.000028666667   11.822321898436
0.000029333333   11.101965086067
0.000030000000   10.425501002862
0.000030666667   9.790255180422
0.000031333333   9.193716110864
0.000032000000   8.633525317321
0.000032666667   8.107468029473
0.000033333333   7.613464427226
0.000034000000   7.149561417938
0.000034666667   6.713924914673
0.000035333333   6.304832584950
0.000036000000   5.920667041335
0.000036666667   5.559909446935
0.000037333333   5.221133510524
0.000038000000   4.902999847561
0.000038666667   4.604250684794
0.000039333333   4.323704887535
0.000040000000   4.060253289920
0.000040666667   3.812854309711
0.000041333333   3.580529830301
0.000042000000   3.362361333629
0.000042666667   3.157486268725
0.000043333333   2.965094641533
0.000044000000   2.784425812516
0.000044666667   2.614765489391
0.000045333333   2.455442903105
0.000046000000   2.305828155880
0.000046666667   2.165329730853
0.000047333333   2.033392153450
0.000048000000   1.909493795265
0.000048666667   1.793144811748
0.000049333333   1.683885205559
0.000050000000   1.581283007919
0.000050666667   1.484932570779
0.000051333333   1.394452963051
0.000052000000   1.309486464558
0.000052666667   1.229697151751
0.000053333333   1.154769569603
0.000054000000   1.084407484425
0.000054666667   1.018332712678
0.000055333333   0.956284021144
0.000056000000   0.898016094116
0.000056666667   0.843298563517
0.000057333333   0.791915098119
0.000058000000   0.743662548253
0.000058666667   0.698350142638
0.000059333333   0.655798734147
0.000060000000   0.615840091531
0.000060666667   0.578316234301
0.000061333333   0.543078808135
0.000062000000   0.509988498345
0.000062666667   0.478914479082
0.000063333333   0.449733896103
0.000064000000   0.422331381056
0.000064666667   0.396598595357
0.000065333333   0.372433801865
0.000066000000   0.349741462651
0.000066666667   0.328431861285
0.000067333333   0.308420748125
0.000068000000   0.289629007235
0.000068666667   0.271982343588
0.000069333333   0.255410989335
0.000070000000   0.239849427969
0.000070666667   0.225236135302
0.000071333333   0.211513336219
0.000072000000   0.198626776262
0.000072666667   0.186525507127
0.000073333333   0.175161685238
0.000074000000   0.164490382588
0.000074666667   0.154469409114
0.000075333333   0.145059145896
0.000076000000   0.136222388517
0.000076666667   0.127924199973
0.000077333333   0.120131772547
0.000078000000   0.112814298096
0.000078666667   0.105942846254
0.000079333333   0.099490250050
0.000080000000   0.093430998497
0.000080666667   0.087741135741
0.000081333333   0.082398166339
0.000082000000   0.077380966327
0.000082666667   0.072669699704
0.000083333333   0.068245740005
0.000084000000   0.064091596664
0.000084666667   0.060190845860
0.000085333333   0.056528065584
0.000086000000   0.053088774668
0.000086666667   0.049859375531
0.000087333333   0.046827100422
0.000088000000   0.043979960937
0.000088666667   0.041306700625
0.000089333333   0.038796750485
0.000090000000   0.036440187178
0.000090666667   0.034227693794
0.000091333333   0.032150523021
0.000092000000   0.030200462556
0.000092666667   0.028369802640
0.000093333333   0.026651305575
0.000094000000   0.025038177112
0.000094666667   0.023524039586
0.000095333333   0.022102906702
0.000096000000   0.020769159871
0.000096666667   0.019517525991
0.000097333333   0.018343056601
0.000098000000   0.017241108319
0.000098666667   0.016207324484
0.000099333333   0.015237617926
0.000100000000   0.014328154815
0.000100666667   0.013475339497
0.000101333333   0.012675800280
0.000102000000   0.011926376108
0.000102666667   0.011224104057
0.000103333333   0.010566207623
0.000104000000   0.009950085748
0.000104666667   0.009373302531
0.000105333333   0.008833577604
0.000106000000   0.008328777109
0.000106666667   0.007856905267
0.000107333333   0.007416096486
0.000108000000   0.007004607984
0.000108666667   0.006620812900
0.000109333333   0.006263193862
0.000110000000   0.005930336987
0.000110666667   0.005620926292
0.000111333333   0.005333738492
0.000112000000   0.005067638160
0.000112666667   0.004821573243
0.000113333333   0.004594570897
0.000114000000   0.004385733647
0.000114666667   0.004194235833
0.000115333333   0.004019320351
0.000116000000   0.003860295653
0.000116666667   0.003716533020
0.000117333333   0.003587464072
0.000118000000   0.003472578522
0.000118666667   0.003371422158
0.000119333333   0.003283595049
0.000120000000   0.003208749962


0.000120000000   0.003208749962
0.000122500000   0.003144718558
0.000125000000   0.003081963854
0.000127500000   0.003020460373
0.000130000000   0.002960183145
0.000132500000   0.002901107699
0.000135000000   0.002843210051
0.000137500000   0.002786466696
0.000140000000   0.002730854597
0.000142500000   0.002676351176
0.000145000000   0.002622934307
0.000147500000   0.002570582302
0.000150000000   0.002519273907
0.000152500000   0.002468988294
0.000155000000   0.002419705045
0.000157500000   0.002371404154
0.000160000000   0.002324066011
0.000162500000   0.002277671398
0.000165000000   0.002232201478
0.000167500000   0.002187637793
0.000170000000   0.002143962250
0.000172500000   0.002101157117
0.000175000000   0.002059205017
0.000177500000   0.002018088918
0.000180000000   0.001977792126
0.000182500000   0.001938298284
0.000185000000   0.001899591355
0.000187500000   0.001861655628
0.000190000000   0.001824475699
0.000192500000   0.001788036475
0.000195000000   0.001752323162
0.000197500000   0.001717321262
0.000200000000   0.001683016563
0.000202500000   0.001649395139
0.000205000000   0.001616443340
0.000207500000   0.001584147788
0.000210000000   0.001552495373
0.000212500000   0.001521473242
0.000215000000   0.001491068803
0.000217500000   0.001461269712
0.000220000000   0.001432063870
0.000222500000   0.001403439420
0.000225000000   0.001375384742
0.000227500000   0.001347888446
0.000230000000   0.001320939368
0.000232500000   0.001294526568
0.000235000000   0.001268639324
0.000237500000   0.001243267124
0.000240000000   0.001218399668
0.000242500000   0.001194026861
0.000245000000   0.001170138808
0.000247500000   0.001146725811
0.000250000000   0.001123778364
0.000252500000   0.001101287150
0.000255000000   0.001079243040
0.000257500000   0.001057637084
0.000260000000   0.001036460509
0.000262500000   0.001015704718
0.000265000000   0.000995361286
0.000267500000   0.000975421953
0.000270000000   0.000955878624
0.000272500000   0.000936723365
0.000275000000   0.000917948398
0.000277500000   0.000899546103
0.000280000000   0.000881509007
0.000282500000   0.000863829788
0.000285000000   0.000846501268
0.000287500000   0.000829516413
0.000290000000   0.000812868328
0.000292500000   0.000796550252
0.000295000000   0.000780555561
0.000297500000   0.000764877762
0.000300000000   0.000749510490
0.000302500000   0.000734447506
0.000305000000   0.000719682694
0.000307500000   0.000705210061
0.000310000000   0.000691023731
0.000312500000   0.000677117944
0.000315000000   0.000663487055
0.000317500000   0.000650125530
0.000320000000   0.000637027944
0.000322500000   0.000624188980
0.000325000000   0.000611603426
0.000327500000   0.000599266172
0.000330000000   0.000587172209
0.000332500000   0.000575316628
0.000335000000   0.000563694616
0.000337500000   0.000552301453
0.000340000000   0.000541132515
0.000342500000   0.000530183267
0.000345000000   0.000519449264
0.000347500000   0.000508926148
0.000350000000   0.000498609647
0.000352500000   0.000488495573
0.000355000000   0.000478579819
0.000357500000   0.000468858360
0.000360000000   0.000459327250
0.000362500000   0.000449982618
0.000365000000   0.000440820671
0.000367500000   0.000431837690
0.000370000000   0.000423030026
0.000372500000   0.000414394106
0.000375000000   0.000405926422
0.000377500000   0.000397623537
0.000380000000   0.000389482081
0.000382500000   0.000381498747
0.000385000000   0.000373670294
0.000387500000   0.000365993545
0.000390000000   0.000358465384
0.000392500000   0.000351082752
0.000395000000   0.000343842654
0.000397500000   0.000336742150
0.000400000000   0.000329778358
0.000402500000   0.000322948449
0.000405000000   0.000316249652
0.000407500000   0.000309679247
0.000410000000   0.000303234566
0.000412500000   0.000296912992
0.000415000000   0.000290711961
0.000417500000   0.000284628953
0.000420000000   0.000278661499
0.000422500000   0.000272807177
0.000425000000   0.000267063610
0.000427500000   0.000261428466
0.000430000000   0.000255899457
0.000432500000   0.000250474339
0.000435000000   0.000245150909
0.000437500000   0.000239927006
0.000440000000   0.000234800509
0.000442500000   0.000229769336
0.000445000000   0.000224831447
0.000447500000   0.000219984834
0.000450000000   0.000215227532
0.000452500000   0.000210557608
0.000455000000   0.000205973167
0.000457500000   0.000201472347
0.000460000000   0.000197053322
0.000462500000   0.000192714296
0.000465000000   0.000188453509
0.000467500000   0.000184269231
0.000470000000   0.000180159763
0.000472500000   0.000176123437
0.000475000000   0.000172158614
0.000477500000   0.000168263684
0.000480000000   0.000164437066
0.000482500000   0.000160677206
0.000485000000   0.000156982579
0.000487500000   0.000153351684
0.000490000000   0.000149783047
0.000492500000   0.000146275219
0.000495000000   0.000142826776
0.000497500000   0.000139436318
0.000500000000   0.000136102470
0.000502500000   0.000132823876
0.000505000000   0.000129599206
0.000507500000   0.000126427152
0.000510000000   0.000123306424
0.000512500000   0.000120235757
0.000515000000   0.000117213903
0.000517500000   0.000114239636
0.000520000000   0.000111311749
0.000522500000   0.000108429052
0.000525000000   0.000105590375
0.000527500000   0.000102794566
0.000530000000   0.000100040490
0.000532500000   0.000097327028
0.000535000000   0.000094653080
0.000537500000   0.000092017559
0.000540000000   0.000089419395
0.000542500000   0.000086857534
0.000545000000   0.000084330936
0.000547500000   0.000081838575
0.000550000000   0.000079379439
0.000552500000   0.000076952529
0.000555000000   0.000074556861
0.000557500000   0.000072191461
0.000560000000   0.000069855370
0.000562500000   0.000067547639
0.000565000000   0.000065267331
0.000567500000   0.000063013520
0.000570000000   0.000060785292
0.000572500000   0.000058581742
0.000575000000   0.000056401974
0.000577500000   0.000054245105
0.000580000000   0.000052110259
0.000582500000   0.000049996568
0.000585000000   0.000047903175
0.000587500000   0.000045829230
0.000590000000   0.000043773891
0.000592500000   0.000041736323
0.000595000000   0.000039715699
0.000597500000   0.000037711199
0.000600000000   0.000035722009
0.000602500000   0.000033747322
0.000605000000   0.000031786336
0.000607500000   0.000029838254
0.000610000000   0.000027902286
0.000612500000   0.000025977646
0.000615000000   0.000024063552
0.000617500000   0.000022159228
0.000620000000   0.000020263900


