0.000000000000   38.140647337765
0.000000133333   38.141542012445
0.000000266667   38.142408012059
0.000000400000   38.143245911653
0.000000533333   38.144056274714
0.000000666667   38.144839653405
0.000000800000   38.145596588791
0.000000933333   38.146327611063
0.000001066667   38.147033239754
0.000001200000   38.147713983954
0.000001333333   38.148370342517
0.000001466667   38.149002804271
0.000001600000   38.149611848214
0.000001733333   38.150197943715
0.000001866667   38.150761550702
0.000002000000   38.151303119857
0.000002133333   38.151823092798
0.000002266667   38.152321902261
0.000002400000   38.152799972278
0.000002533333   38.153257718353
0.000002666667   38.153695547629
0.000002800000   38.154113859060
0.000002933333   38.154513043572
0.000003066667   38.154893484226
0.000003200000   38.155255556373
0.000003333333   38.155599627810
0.000003466667   38.155926058931
0.000003600000   38.156235202876
0.000003733333   38.156527405674
0.000003866667   38.156803006388
0.000004000000   38.157062337252
0.000004133333   38.157305723810
0.000004266667   38.157533485047
0.000004400000   38.157745933524
0.000004533333   38.157943375504
0.000004666667   38.158126111075
0.000004800000   38.158294434282
0.000004933333   38.158448633240
0.000005066667   38.158588990254
0.000005200000   38.158715781938
0.000005333333   38.158829279328
0.000005466667   38.158929747990
0.000005600000   38.159017448135
0.000005733333   38.159092634718
0.000005866667   38.159155557553
0.000006000000   38.159206461406
0.000006133333   38.159245586104
0.000006266667   38.159273166625
0.000006400000   38.159289433203
0.000006533333   38.159294611418
0.000006666667   38.159288922289
0.000006800000   38.159272582367
0.000006933333   38.159245803821
0.000007066667   38.159208794529
0.000007200000   38.159161758159
0.000007333333   38.159104894257
0.000007466667   38.159038398328
0.000007600000   38.158962461913
0.000007733333   38.158877272672
0.000007866667   38.158783014461
0.000008000000   38.158679867404
0.000008133333   38.158568007970
0.000008266667   38.158447609046
0.000008400000   38.158318840006
0.000008533333   38.158181866782
0.000008666667   38.158036851931
0.000008800000   38.157883954704
0.000008933333   38.157723331109
0.000009066667   38.157555133979
0.000009200000   38.157379513029
0.000009333333   38.157196614924
0.000009466667   38.157006583332
0.000009600000   38.156809558992
0.000009733333   38.156605679764
0.000009866667   38.156395080689
0.000010000000   38.156177894047
0.000010133333   38.155954249405
0.000010266667   38.155724273677
0.000010400000   38.155488091172
0.000010533333   38.155245823647
0.000010666667   38.154997590355
0.000010800000   38.154743508097
0.000010933333   38.154483691268
0.000011066667   38.154218251905
0.000011200000   38.153947299732
0.000011333333   38.153670942206
0.000011466667   38.153389284561
0.000011600000   38.153102429851
0.000011733333   38.152810478993
0.000011866667   38.152513530809
0.000012000000   38.152211682064
0.000012133333   38.151905027509
0.000012266667   38.151593659917
0.000012400000   38.151277670124
0.000012533333   38.150957147065
0.000012666667   38.150632177810
0.000012800000   38.150302847601
0.000012933333   38.149969239886
0.000013066667   38.149631436355
0.000013200000   38.149289516970
0.000013333333   38.148943560003
0.000013466667   38.148593642064
0.000013600000   38.148239838134
0.000013733333   38.147882221596
0.000013866667   38.147520864266
0.000014000000   38.147155836420
0.000014133333   38.146787206825
0.000014266667   38.146415042767
0.000014400000   38.146039410078
0.000014533333   38.145660373164
0.000014666667   38.145277995031
0.000014800000   38.144892337310
0.000014933333   38.144503460284
0.000015066667   38.144111422912
0.000015200000   38.143716282853
0.000015333333   38.143318096490
0.000015466667   38.142916918953
0.000015600000   38.142512804143
0.000015733333   38.142105804751
0.000015866667   38.141695972283
0.000016000000   38.141283357079
0.000016133333   38.140868008336
0.000016266667   38.140449974126
0.000016400000   38.140029301416
0.000016533333   38.139606036089
0.000016666667   38.139180222961
0.000016800000   38.138751905799
0.000016933333   38.138321127344
0.000017066667   38.137887929320
0.000017200000   38.137452352459
0.000017333333   38.137014436514
0.000017466667   38.136574220276
0.000017600000   38.136131741589
0.000017733333   38.135687037368
0.000017866667   38.135240143612
0.000018000000   38.134791095420
0.000018133333   38.134339927004
0.000018266667   38.133886671705
0.000018400000   38.133431362005
0.000018533333   38.132974029542
0.000018666667   38.132514705121
0.000018800000   38.132053418728
0.000018933333   38.131590199544
0.000019066667   38.131125075952
0.000019200000   38.130658075554
0.000019333333   38.130189225179
0.000019466667   38.129718550896
0.000019600000   38.129246078023
0.000019733333   38.128771831140
0.000019866667   38.128295834095
0.000020000000   38.127818110019


0.000020000000   38.127818110019
0.000020666667   38.126535481047
0.000021333333   38.125244394280
0.000022000000   38.123945365069
0.000022666667   38.122638877361
0.000023333333   38.121325385618
0.000024000000   38.120005316609
0.000024666667   38.118679071099
0.000025333333   38.117347025434
0.000026000000   38.116009533029
0.000026666667   38.114666925764
0.000027333333   38.113319515298
0.000028000000   38.111967594299
0.000028666667   38.110611437602
0.000029333333   38.109251303296
0.000030000000   38.107887433745
0.000030666667   38.106520056545
0.000031333333   38.105149385422
0.000032000000   38.103775621084
0.000032666667   38.102398952004
0.000033333333   38.101019555174
0.000034000000   38.099637596802
0.000034666667   38.098253232967
0.000035333333   38.096866610239
0.000036000000   38.095477866256
0.000036666667   38.094087130271
0.000037333333   38.092694523659
0.000038000000   38.091300160402
0.000038666667   38.089904147536
0.000039333333   38.088506585574
0.000040000000   38.087107568906
0.000040666667   38.085707186169
0.000041333333   38.084305520602
0.000042000000   38.082902650369
0.000042666667   38.081498648872
0.000043333333   38.080093585043
0.000044000000   38.078687523610
0.000044666667   38.077280525360
0.000045333333   38.075872647375
0.000046000000   38.074463943258
0.000046666667   38.073054463348
0.000047333333   38.071644254915
0.000048000000   38.070233362349
0.000048666667   38.068821827335
0.000049333333   38.067409689020
0.000050000000   38.065996984164
0.000050666667   38.064583747286
0.000051333333   38.063170010804
0.000052000000   38.061755805159
0.000052666667   38.060341158940
0.000053333333   38.058926098990
0.000054000000   38.057510650518
0.000054666667   38.056094837199
0.000055333333   38.054678681263
0.000056000000   38.053262203587
0.000056666667   38.051845423773
0.000057333333   38.050428360233
0.000058000000   38.049011030253
0.000058666667   38.047593450069
0.000059333333   38.046175634926
0.000060000000   38.044757599139
0.000060666667   38.043339356154
0.000061333333   38.041920918596
0.000062000000   38.040502298318
0.000062666667   38.039083506456
0.000063333333   38.037664553464
0.000064000000   38.036245449158
0.000064666667   38.034826202760
0.000065333333   38.033406822927
0.000066000000   38.031987317789
0.000066666667   38.030567694980
0.000067333333   38.029147961671
0.000068000000   38.027728124595
0.000068666667   38.026308190072
0.000069333333   38.024888164042
0.000070000000   38.023468052079
0.000070666667   38.022047859419
0.000071333333   38.020627590978
0.000072000000   38.019207251374
0.000072666667   38.017786844942
0.000073333333   38.016366375754
0.000074000000   38.014945847633
0.000074666667   38.013525264169
0.000075333333   38.012104628734
0.000076000000   38.010683944494
0.000076666667   38.009263214422
0.000077333333   38.007842441310
0.000078000000   38.006421627780
0.000078666667   38.005000776294
0.000079333333   38.003579889163
0.000080000000   38.002158968559
0.000080666667   38.000738016520
0.000081333333   37.999317034961
0.000082000000   37.997896025679
0.000082666667   37.996474990362
0.000083333333   37.995053930595
0.000084000000   37.993632847867
0.000084666667   37.992211743576
0.000085333333   37.990790619033
0.000086000000   37.989369475472
0.000086666667   37.987948314049
0.000087333333   37.986527135851
0.000088000000   37.985105941898
0.000088666667   37.983684733148
0.000089333333   37.982263510500
0.000090000000   37.980842274799
0.000090666667   37.979421026838
0.000091333333   37.977999767361
0.000092000000   37.976578497068
0.000092666667   37.975157216613
0.000093333333   37.973735926613
0.000094000000   37.972314627646
0.000094666667   37.970893320255
0.000095333333   37.969472004950
0.000096000000   37.968050682208
0.000096666667   37.966629352478
0.000097333333   37.965208016182
0.000098000000   37.963786673714
0.000098666667   37.962365325445
0.000099333333   37.960943971724
0.000100000000   37.959522612875
0.000100666667   37.958101249206
0.000101333333   37.956679881003
0.000102000000   37.955258508536
0.000102666667   37.953837132056
0.000103333333   37.952415751799
0.000104000000   37.950994367988
0.000104666667   37.949572980829
0.000105333333   37.948151590516
0.000106000000   37.946730197231
0.000106666667   37.945308801144
0.000107333333   37.943887402413
0.000108000000   37.942466001188
0.000108666667   37.941044597605
0.000109333333   37.939623191795
0.000110000000   37.938201783878
0.000110666667   37.936780373966
0.000111333333   37.935358962162
0.000112000000   37.933937548564
0.000112666667   37.932516133261
0.000113333333   37.931094716335
0.000114000000   37.929673297864
0.000114666667   37.928251877917
0.000115333333   37.926830456559
0.000116000000   37.925409033849
0.000116666667   37.923987609840
0.000117333333   37.922566184581
0.000118000000   37.921144758114
0.000118666667   37.919723330479
0.000119333333   37.918301901710
0.000120000000   37.916880471836


0.000120000000   37.916880471836
0.000122500000   37.911555887778
0.000125000000   37.906242796581
0.000127500000   37.900941131263
0.000130000000   37.895650824987
0.000132500000   37.890371811059
0.000135000000   37.885104022927
0.000137500000   37.879847394180
0.000140000000   37.874601858549
0.000142500000   37.869367349902
0.000145000000   37.864143802249
0.000147500000   37.858931149736
0.000150000000   37.853729326647
0.000152500000   37.848538267401
0.000155000000   37.843357906556
0.000157500000   37.838188178800
0.000160000000   37.833029018960
0.000162500000   37.827880361991
0.000165000000   37.822742142985
0.000167500000   37.817614297163
0.000170000000   37.812496759876
0.000172500000   37.807389466606
0.000175000000   37.802292352965
0.000177500000   37.797205354691
0.000180000000   37.792128407651
0.000182500000   37.787061447839
0.000185000000   37.782004411372
0.000187500000   37.776957234496
0.000190000000   37.771919853578
0.000192500000   37.766892205110
0.000195000000   37.761874225707
0.000197500000   37.756865852103
0.000200000000   37.751867021157
0.000202500000   37.746877669846
0.000205000000   37.741897735266
0.000207500000   37.736927154632
0.000210000000   37.731965865279
0.000212500000   37.727013804655
0.000215000000   37.722070910329
0.000217500000   37.717137119980
0.000220000000   37.712212371408
0.000222500000   37.707296602521
0.000225000000   37.702389751344
0.000227500000   37.697491756013
0.000230000000   37.692602554776
0.000232500000   37.687722085991
0.000235000000   37.682850288126
0.000237500000   37.677987099760
0.000240000000   37.673132459580
0.000242500000   37.668286306378
0.000245000000   37.663448579055
0.000247500000   37.658619216620
0.000250000000   37.653798158184
0.000252500000   37.648985342965
0.000255000000   37.644180710283
0.000257500000   37.639384199563
0.000260000000   37.634595750332
0.000262500000   37.629815302216
0.000265000000   37.625042794946
0.000267500000   37.620278168350
0.000270000000   37.615521362356
0.000272500000   37.610772316992
0.000275000000   37.606030972381
0.000277500000   37.601297268745
0.000280000000   37.596571146403
0.000282500000   37.591852545768
0.000285000000   37.587141407348
0.000287500000   37.582437671745
0.000290000000   37.577741279655
0.000292500000   37.573052171866
0.000295000000   37.568370289259
0.000297500000   37.563695572803
0.000300000000   37.559027963561
0.000302500000   37.554367402683
0.000305000000   37.549713831409
0.000307500000   37.545067191067
0.000310000000   37.540427423071
0.000312500000   37.535794468924
0.000315000000   37.531168270213
0.000317500000   37.526548768611
0.000320000000   37.521935905876
0.000322500000   37.517329623847
0.000325000000   37.512729864449
0.000327500000   37.508136569687
0.000330000000   37.503549681650
0.000332500000   37.498969142504
0.000335000000   37.494394894499
0.000337500000   37.489826879963
0.000340000000   37.485265041300
0.000342500000   37.480709320995
0.000345000000   37.476159661609
0.000347500000   37.471616005779
0.000350000000   37.467078296219
0.000352500000   37.462546475715
0.000355000000   37.458020487132
0.000357500000   37.453500273404
0.000360000000   37.448985777540
0.000362500000   37.444476942620
0.000365000000   37.439973711796
0.000367500000   37.435476028292
0.000370000000   37.430983835398
0.000372500000   37.426497076478
0.000375000000   37.422015694962
0.000377500000   37.417539634346
0.000380000000   37.413068838197
0.000382500000   37.408603250145
0.000385000000   37.404142813888
0.000387500000   37.399687473188
0.000390000000   37.395237171870
0.000392500000   37.390791853825
0.000395000000   37.386351463005
0.000397500000   37.381915943425
0.000400000000   37.377485239160
0.000402500000   37.373059294348
0.000405000000   37.368638053185
0.000407500000   37.364221459927
0.000410000000   37.359809458888
0.000412500000   37.355401994442
0.000415000000   37.350999011017
0.000417500000   37.346600453101
0.000420000000   37.342206265234
0.000422500000   37.337816392014
0.000425000000   37.333430778092
0.000427500000   37.329049368174
0.000430000000   37.324672107017
0.000432500000   37.320298939431
0.000435000000   37.315929810279
0.000437500000   37.311564664474
0.000440000000   37.307203446978
0.000442500000   37.302846102805
0.000445000000   37.298492577014
0.000447500000   37.294142814717
0.000450000000   37.289796761070
0.000452500000   37.285454361276
0.000455000000   37.281115560586
0.000457500000   37.276780304295
0.000460000000   37.272448537742
0.000462500000   37.268120206312
0.000465000000   37.263795255431
0.000467500000   37.259473630569
0.000470000000   37.255155277238
0.000472500000   37.250840140991
0.000475000000   37.246528167421
0.000477500000   37.242219302161
0.000480000000   37.237913490884
0.000482500000   37.233610679301
0.000485000000   37.229310813161
0.000487500000   37.225013838250
0.000490000000   37.220719700390
0.000492500000   37.216428345439
0.000495000000   37.212139719290
0.000497500000   37.207853767871
0.000500000000   37.203570437144
0.000502500000   37.199289673102
0.000505000000   37.195011421773
0.000507500000   37.190735629215
0.000510000000   37.186462241517
0.000512500000   37.182191204798
0.000515000000   37.177922465209
0.000517500000   37.173655968928
0.000520000000   37.169391662160
0.000522500000   37.165129491141
0.000525000000   37.160869402131
0.000527500000   37.156611341418
0.000530000000   37.152355255315
0.000532500000   37.148101090159
0.000535000000   37.143848792313
0.000537500000   37.139598308161
0.000540000000   37.135349584113
0.000542500000   37.131102566599
0.000545000000   37.126857202071
0.000547500000   37.122613437002
0.000550000000   37.118371217885
0.000552500000   37.114130491233
0.000555000000   37.109891203578
0.000557500000   37.105653301467
0.000560000000   37.101416731470
0.000562500000   37.097181440170
0.000565000000   37.092947374165
0.000567500000   37.088714480073
0.000570000000   37.084482704523
0.000572500000   37.080251994159
0.000575000000   37.076022295639
0.000577500000   37.071793555633
0.000580000000   37.067565720824
0.000582500000   37.063338737906
0.000585000000   37.059112553584
0.000587500000   37.054887114571
0.000590000000   37.050662367593
0.000592500000   37.046438259382
0.000595000000   37.042214736679
0.000597500000   37.037991746233
0.000600000000   37.033769234797
0.000602500000   37.029547149134
0.000605000000   37.025325436010
0.000607500000   37.021104042195
0.000610000000   37.016882914466
0.000612500000   37.012661999599
0.000615000000   37.008441244377
0.000617500000   37.004220595582
0.000620000000   37.000000000000


