0.000000000000   54191789.307645894587
0.000000133333   54032243.280350223184
0.000000266667   53873270.034484513104
0.000000400000   53714867.884841658175
0.000000533333   53557035.152268327773
0.000000666667   53399770.163647130132
0.000000800000   53243071.251878991723
0.000000933333   53086936.755865447223
0.000001066667   52931365.020490989089
0.000001200000   52776354.396605558693
0.000001333333   52621903.241007015109
0.000001466667   52468009.916423775256
0.000001600000   52314672.791497506201
0.000001733333   52161890.240765698254
0.000001866667   52009660.644644498825
0.000002000000   51857982.389411568642
0.000002133333   51706853.867189019918
0.000002266667   51556273.475926220417
0.000002400000   51406239.619382999837
0.000002533333   51256750.707112573087
0.000002666667   51107805.154444754124
0.000002800000   50959401.382469199598
0.000002933333   50811537.818018540740
0.000003066667   50664212.893651865423
0.000003200000   50517425.047637999058
0.000003333333   50371172.723938986659
0.000003466667   50225454.372193604708
0.000003600000   50080268.447700873017
0.000003733333   49935613.411403842270
0.000003866667   49791487.729873009026
0.000004000000   49647889.875290371478
0.000004133333   49504818.325432911515
0.000004266667   49362271.563656732440
0.000004400000   49220248.078880958259
0.000004533333   49078746.365571431816
0.000004666667   48937764.923725143075
0.000004800000   48797302.258854083717
0.000004933333   48657356.881969504058
0.000005066667   48517927.309566028416
0.000005200000   48379012.063606046140
0.000005333333   48240609.671504028141
0.000005466667   48102718.666110783815
0.000005600000   47965337.585698135197
0.000005733333   47828464.973943218589
0.000005866667   47692099.379913203418
0.000006000000   47556239.358049690723
0.000006133333   47420883.468153715134
0.000006266667   47286030.275370270014
0.000006400000   47151678.350173033774
0.000006533333   47017826.268349453807
0.000006666667   46884472.610985390842
0.000006800000   46751615.964450262487
0.000006933333   46619254.920381985605
0.000007066667   46487388.075672015548
0.000007200000   46356014.032450601459
0.000007333333   46225131.398071810603
0.000007466667   46094738.785098880529
0.000007600000   45964834.811289466918
0.000007733333   45835418.099581025541
0.000007866667   45706487.278076089919
0.000008000000   45578040.980027958751
0.000008133333   45450077.843825973570
0.000008266667   45322596.512981213629
0.000008400000   45195595.636112160981
0.000008533333   45069073.866930253804
0.000008666667   44943029.864225700498
0.000008800000   44817462.291853196919
0.000008933333   44692369.818717807531
0.000009066667   44567751.118760839105
0.000009200000   44443604.870945811272
0.000009333333   44319929.759244486690
0.000009466667   44196724.472622744739
0.000009600000   44073987.705026879907
0.000009733333   43951718.155369743705
0.000009866667   43829914.527516864240
0.000010000000   43708575.530272722244
0.000010133333   43587699.877367086709
0.000010266667   43467286.287441410124
0.000010400000   43347333.484035201371
0.000010533333   43227840.195572443306
0.000010666667   43108805.155348204076
0.000010800000   42990227.101515315473
0.000010933333   42872104.777070723474
0.000011066667   42754436.929842315614
0.000011200000   42637222.312475740910
0.000011333333   42520459.682421013713
0.000011466667   42404147.801919445395
0.000011600000   42288285.437990479171
0.000011733333   42172871.362418651581
0.000011866667   42057904.351740576327
0.000012000000   41943383.187231890857
0.000012133333   41829306.654894419014
0.000012266667   41715673.545443437994
0.000012400000   41602482.654294498265
0.000012533333   41489732.781550958753
0.000012666667   41377422.731991246343
0.000012800000   41265551.315056011081
0.000012933333   41154117.344835728407
0.000013066667   41043119.640057906508
0.000013200000   40932557.024074733257
0.000013333333   40822428.324850521982
0.000013466667   40712732.374949254096
0.000013600000   40603468.011522367597
0.000013733333   40494634.076296217740
0.000013866667   40386229.415559984744
0.000014000000   40278252.880153350532
0.000014133333   40170703.325454302132
0.000014266667   40063579.611367039382
0.000014400000   39956880.602309964597
0.000014533333   39850605.167203426361
0.000014666667   39744752.179457932711
0.000014800000   39639320.516962103546
0.000014933333   39534309.062070831656
0.000015066667   39429716.701593421400
0.000015200000   39325542.326781764627
0.000015333333   39221784.833318613470
0.000015466667   39118443.121305920184
0.000015600000   39015516.095253020525
0.000015733333   38913002.664065279067
0.000015866667   38810901.741032212973
0.000016000000   38709212.243816226721
0.000016133333   38607933.094441026449
0.000016266667   38507063.219280213118
0.000016400000   38406601.549045942724
0.000016533333   38306547.018777489662
0.000016666667   38206898.567830055952
0.000016800000   38107655.139863468707
0.000016933333   38008815.682830974460
0.000017066667   37910379.148968175054
0.000017200000   37812344.494781829417
0.000017333333   37714710.681038804352
0.000017466667   37617476.672755144536
0.000017600000   37520641.439185045660
0.000017733333   37424203.953809879720
0.000017866667   37328163.194327317178
0.000018000000   37232518.142640657723
0.000018133333   37137267.784847803414
0.000018266667   37042411.111230641603
0.000018400000   36947947.116244308650
0.000018533333   36853874.798506528139
0.000018666667   36760193.160787090659
0.000018800000   36666901.209997184575
0.000018933333   36573997.957178786397
0.000019066667   36481482.417494416237
0.000019200000   36389353.610216401517
0.000019333333   36297610.558716826141
0.000019466667   36206252.290456801653
0.000019600000   36115277.836976461112
0.000019733333   36024686.233884580433
0.000019866667   35934476.520848341286
0.000020000000   35844647.741583116353


0.000020000000   21103630.558561600745
0.000020666667   20851987.931806202978
0.000021333333   20603466.663627009839
0.000022000000   20358029.552686206996
0.000022666667   20115639.859313149005
0.000023333333   19876261.300004716963
0.000024000000   19639858.041994288564
0.000024666667   19406394.697887841612
0.000025333333   19175836.320367015898
0.000026000000   18948148.396957837045
0.000026666667   18723296.844864655286
0.000027333333   18501248.005868311971
0.000028000000   18281968.641287859529
0.000028666667   18065425.927005276084
0.000029333333   17851587.448551885784
0.000030000000   17640421.196256421506
0.000030666667   17431895.560453474522
0.000031333333   17225979.326751921326
0.000032000000   17022641.671362530440
0.000032666667   16821852.156483929604
0.000033333333   16623580.725746415555
0.000034000000   16427797.699712911621
0.000034666667   16234473.771436210722
0.000035333333   16043580.002072185278
0.000036000000   15855087.816547796130
0.000036666667   15668968.999283874407
0.000037333333   15485195.689971469343
0.000038000000   15303740.379401508719
0.000038666667   15124575.905346959829
0.000039333333   14947675.448496980593
0.000040000000   14773012.528442392126
0.000040666667   14600560.999711718410
0.000041333333   14430295.047857645899
0.000042000000   14262189.185592809692
0.000042666667   14096218.248974587768
0.000043333333   13932357.393638404086
0.000044000000   13770582.091078810394
0.000044666667   13610868.124977735803
0.000045333333   13453191.587579663843
0.000046000000   13297528.876112855971
0.000046666667   13143856.689256265759
0.000047333333   12992152.023651555181
0.000048000000   12842392.170459846035
0.000048666667   12694554.711962321773
0.000049333333   12548617.518204601482
0.000050000000   12404558.743684126064
0.000050666667   12262356.824080035090
0.000051333333   12121990.473025327548
0.000052000000   11983438.678920412436
0.000052666667   11846680.701788013801
0.000053333333   11711696.070168461651
0.000054000000   11578464.578055478632
0.000054666667   11446966.281871419400
0.000055333333   11317181.497482050210
0.000056000000   11189090.797249907628
0.000056666667   11062675.007126288489
0.000057333333   10937915.203781068325
0.000058000000   10814792.711769983172
0.000058666667   10693289.100739225745
0.000059333333   10573386.182666569948
0.000060000000   10455066.009138720110
0.000060666667   10338310.868664797395
0.000061333333   10223103.284024963155
0.000062000000   10109426.009654330090
0.000062666667   9997262.029061395675
0.000063333333   9886594.552280973643
0.000064000000   9777407.013360794634
0.000064666667   9669683.067881729454
0.000065333333   9563406.590511335060
0.000066000000   9458561.672589899972
0.000066666667   9355132.619749212638
0.000067333333   9253103.949563113973
0.000068000000   9152460.389230100438
0.000068666667   9053186.873287053779
0.000069333333   8955268.541354043409
0.000070000000   8858690.735909916461
0.000070666667   8763439.000098221004
0.000071333333   8669499.075563199818
0.000072000000   8576856.900315381587
0.000072666667   8485498.606626665220
0.000073333333   8395410.518954521045
0.000074000000   8306579.151894763112
0.000074666667   8218991.208162993193
0.000075333333   8132633.576604123227
0.000076000000   8047493.330229759216
0.000076666667   7963557.724283142947
0.000077333333   7880814.194331405684
0.000078000000   7799250.354384792969
0.000078666667   7718853.995042623021
0.000079333333   7639613.081665589474
0.000080000000   7561515.752574350685
0.000080666667   7484550.317273898982
0.000081333333   7408705.254703684710
0.000082000000   7333969.211512950249
0.000082666667   7260331.000361286104
0.000083333333   7187779.598243937828
0.000084000000   7116304.144841817208
0.000084666667   7045893.940895818174
0.000085333333   6976538.446605194360
0.000086000000   6908227.280049916357
0.000086666667   6840950.215636570938
0.000087333333   6774697.182567643002
0.000088000000   6709458.263334023766
0.000088666667   6645223.692230511457
0.000089333333   6581983.853893919848
0.000090000000   6519729.281863820739
0.000090666667   6458450.657165382057
0.000091333333   6398138.806914475746
0.000092000000   6338784.702944613993
0.000092666667   6280379.460455452092
0.000093333333   6222914.336682875641
0.000094000000   6166380.729590279050
0.000094666667   6110770.176580865867
0.000095333333   6056074.353230948560
0.000096000000   6002285.072043780237
0.000096666667   5949394.281224050559
0.000097333333   5897394.063472525217
0.000098000000   5846276.634800972417
0.000098666667   5796034.343366934918
0.000099333333   5746659.668328267522
0.000100000000   5698145.218717486598
0.000100666667   5650483.732335236855
0.000101333333   5603668.074663288891
0.000102000000   5557691.237796582282
0.000102666667   5512546.339394183829
0.000103333333   5468226.621649065055
0.000104000000   5424725.450276519172
0.000104666667   5382036.313521034084
0.000105333333   5340152.821181626059
0.000106000000   5299068.703655254096
0.000106666667   5258777.810998219997
0.000107333333   5219274.112005709670
0.000108000000   5180551.693308910355
0.000108666667   5142604.758489874192
0.000109333333   5105427.627213807777
0.000110000000   5069014.734378757887
0.000110666667   5033360.629282627255
0.000111333333   4998459.974807168357
0.000112000000   4964307.546619137749
0.000112666667   4930898.232388278469
0.000113333333   4898227.031021977775
0.000114000000   4866289.051916709170
0.000114666667   4835079.514225941151
0.000115333333   4804593.746144399047
0.000116000000   4774827.184208862484
0.000116666667   4745775.372614968568
0.000117333333   4717433.962550251745
0.000118000000   4689798.711543179117
0.000118666667   4662865.482828072272
0.000119333333   4636630.244725898840
0.000120000000   4611089.070040690713


0.000120000000   230554.453502034594
0.000122500000   229016.333806233451
0.000125000000   227486.114514749264
0.000127500000   225963.742787934694
0.000130000000   224449.166057915572
0.000132500000   222942.332026768534
0.000135000000   221443.188664710586
0.000137500000   219951.684208293475
0.000140000000   218467.767158615898
0.000142500000   216991.386279532686
0.000145000000   215522.490595882933
0.000147500000   214061.029391727585
0.000150000000   212606.952208586823
0.000152500000   211160.208843694418
0.000155000000   209720.749348257057
0.000157500000   208288.524025729130
0.000160000000   206863.483430083317
0.000162500000   205445.578364106215
0.000165000000   204034.759877687611
0.000167500000   202630.979266127455
0.000170000000   201234.188068446907
0.000172500000   199844.338065712334
0.000175000000   198461.381279364141
0.000177500000   197085.269969551009
0.000180000000   195715.956633483060
0.000182500000   194353.394003780966
0.000185000000   192997.535046840378
0.000187500000   191648.332961201784
0.000190000000   190305.741175930219
0.000192500000   188969.713349003170
0.000195000000   187640.203365702851
0.000197500000   186317.165337019978
0.000200000000   185000.553598064813
0.000202500000   183690.322706488456
0.000205000000   182386.427440899482
0.000207500000   181088.822799306654
0.000210000000   179797.463997555693
0.000212500000   178512.306467780465
0.000215000000   177233.305856857274
0.000217500000   175960.418024869403
0.000220000000   174693.599043578928
0.000222500000   173432.805194904620
0.000225000000   172177.992969406740
0.000227500000   170929.119064782135
0.000230000000   169686.140384360362
0.000232500000   168449.014035615779
0.000235000000   167217.697328679002
0.000237500000   165992.147774861834
0.000240000000   164772.323085178796
0.000242500000   163558.181168889918
0.000245000000   162349.680132038804
0.000247500000   161146.778276001685
0.000250000000   159949.434096045181
0.000252500000   158757.606279888947
0.000255000000   157571.253706270247
0.000257500000   156390.335443527700
0.000260000000   155214.810748173826
0.000262500000   154044.639063493203
0.000265000000   152879.780018130899
0.000267500000   151720.193424699624
0.000270000000   150565.839278383093
0.000272500000   149416.677755557088
0.000275000000   148272.669212403183
0.000277500000   147133.774183541304
0.000280000000   145999.953380656632
0.000282500000   144871.167691144918
0.000285000000   143747.378176757134
0.000287500000   142628.546072250523
0.000290000000   141514.632784040994
0.000292500000   140405.599888874975
0.000295000000   139301.409132493718
0.000297500000   138202.022428310389
0.000300000000   137107.401856088574
0.000302500000   136017.509660632117
0.000305000000   134932.308250474744
0.000307500000   133851.760196581396
0.000310000000   132775.828231050924
0.000312500000   131704.475245824811
0.000315000000   130637.664291402500
0.000317500000   129575.358575562452
0.000320000000   128517.521462087490
0.000322500000   127464.116469496264
0.000325000000   126415.107269779794
0.000327500000   125370.457687144895
0.000330000000   124330.131696759330
0.000332500000   123294.093423505401
0.000335000000   122262.307140737685
0.000337500000   121234.737269046309
0.000340000000   120211.348375024550
0.000342500000   119192.105170040319
0.000345000000   118176.972509018291
0.000347500000   117165.915389220056
0.000350000000   116158.898949029885
0.000352500000   115155.888466754695
0.000355000000   114156.849359416708
0.000357500000   113161.747181553787
0.000360000000   112170.547624032828
0.000362500000   111183.216512856932
0.000365000000   110199.719807982590
0.000367500000   109220.023602147005
0.000370000000   108244.094119685964
0.000372500000   107271.897715368294
0.000375000000   106303.400873231454
0.000377500000   105338.570205420052
0.000380000000   104377.372451029893
0.000382500000   103419.774474957827
0.000385000000   102465.743266751975
0.000387500000   101515.245939468849
0.000390000000   100568.249728538678
0.000392500000   99624.721990627586
0.000395000000   98684.630202506800
0.000397500000   97747.941959929580
0.000400000000   96814.624976506777
0.000402500000   95884.647082591415
0.000405000000   94957.976224161714
0.000407500000   94034.580461716847
0.000410000000   93114.427969164026
0.000412500000   92197.487032721969
0.000415000000   91283.726049819612
0.000417500000   90373.113528004265
0.000420000000   89465.618083850830
0.000422500000   88561.208441875293
0.000425000000   87659.853433451804
0.000427500000   86761.521995733536
0.000430000000   85866.183170578530
0.000432500000   84973.806103476061
0.000435000000   84084.360042479704
0.000437500000   83197.814337142365
0.000440000000   82314.138437456117
0.000442500000   81433.301892795964
0.000445000000   80555.274350858017
0.000447500000   79680.025556619701
0.000450000000   78807.525351281583
0.000452500000   77937.743671233038
0.000455000000   77070.650547007346
0.000457500000   76206.216102243605
0.000460000000   75344.410552654081
0.000462500000   74485.204204989757
0.000465000000   73628.567456016623
0.000467500000   72774.470791489352
0.000470000000   71922.884785130998
0.000472500000   71073.780097611030
0.000475000000   70227.127475532965
0.000477500000   69382.897750419070
0.000480000000   68541.061837702786
0.000482500000   67701.590735723847
0.000485000000   66864.455524717632
0.000487500000   66029.627365822686
0.000490000000   65197.077500075618
0.000492500000   64366.777247418991
0.000495000000   63538.698005708793
0.000497500000   62712.811249722050
0.000500000000   61889.088530172354
0.000502500000   61067.501472723088
0.000505000000   60248.021777006456
0.000507500000   59430.621215641972
0.000510000000   58615.271633263321
0.000512500000   57801.944945539995
0.000515000000   56990.613138206012
0.000517500000   56181.248266092407
0.000520000000   55373.822452158005
0.000522500000   54568.307886527466
0.000525000000   53764.676825522263
0.000527500000   52962.901590706017
0.000530000000   52162.954567927205
0.000532500000   51364.808206358182
0.000535000000   50568.435017545889
0.000537500000   49773.807574460181
0.000540000000   48980.898510545871
0.000542500000   48189.680518768080
0.000545000000   47400.126350675462
0.000547500000   46612.208815454302
0.000550000000   45825.900778988398
0.000552500000   45041.175162915584
0.000555000000   44258.004943695851
0.000557500000   43476.363151673591
0.000560000000   42696.222870145932
0.000562500000   41917.557234428736
0.000565000000   41140.339430928085
0.000567500000   40364.542696213357
0.000570000000   39590.140316088895
0.000572500000   38817.105624669755
0.000575000000   38045.412003461672
0.000577500000   37275.032880437066
0.000580000000   36505.941729116304
0.000582500000   35738.112067648515
0.000585000000   34971.517457896829
0.000587500000   34206.131504522134
0.000590000000   33441.927854070193
0.000592500000   32678.880194061730
0.000595000000   31916.962252076959
0.000597500000   31156.147794850520
0.000600000000   30396.410627361205
0.000602500000   29637.724591927839
0.000605000000   28880.063567302561
0.000607500000   28123.401467767253
0.000610000000   27367.712242227575
0.000612500000   26612.969873319827
0.000615000000   25859.148376501631
0.000617500000   25106.221799157134
0.000620000000   24354.164219697177


