0.000000000000   1121.987248750744
0.000000133333   1121.550840568465
0.000000266667   1121.114513010318
0.000000400000   1120.678266027772
0.000000533333   1120.242099572305
0.000000666667   1119.806013595404
0.000000800000   1119.370008048565
0.000000933333   1118.934082883294
0.000001066667   1118.498238051104
0.000001200000   1118.062473503519
0.000001333333   1117.626789192070
0.000001466667   1117.191185068298
0.000001600000   1116.755661083752
0.000001733333   1116.320217189992
0.000001866667   1115.884853338585
0.000002000000   1115.449569481108
0.000002133333   1115.014365569146
0.000002266667   1114.579241554293
0.000002400000   1114.144197388153
0.000002533333   1113.709233022338
0.000002666667   1113.274348408468
0.000002800000   1112.839543498174
0.000002933333   1112.404818243094
0.000003066667   1111.970172594877
0.000003200000   1111.535606505178
0.000003333333   1111.101119925663
0.000003466667   1110.666712808005
0.000003600000   1110.232385103889
0.000003733333   1109.798136765007
0.000003866667   1109.363967743057
0.000004000000   1108.929877989752
0.000004133333   1108.495867456808
0.000004266667   1108.061936095954
0.000004400000   1107.628083858925
0.000004533333   1107.194310697465
0.000004666667   1106.760616563330
0.000004800000   1106.327001408280
0.000004933333   1105.893465184088
0.000005066667   1105.460007842534
0.000005200000   1105.026629335406
0.000005333333   1104.593329614502
0.000005466667   1104.160108631629
0.000005600000   1103.726966338601
0.000005733333   1103.293902687243
0.000005866667   1102.860917629387
0.000006000000   1102.428011116875
0.000006133333   1101.995183101558
0.000006266667   1101.562433535294
0.000006400000   1101.129762369950
0.000006533333   1100.697169557403
0.000006666667   1100.264655049539
0.000006800000   1099.832218798251
0.000006933333   1099.399860755441
0.000007066667   1098.967580873021
0.000007200000   1098.535379102911
0.000007333333   1098.103255397040
0.000007466667   1097.671209707345
0.000007600000   1097.239241985772
0.000007733333   1096.807352184277
0.000007866667   1096.375540254821
0.000008000000   1095.943806149378
0.000008133333   1095.512149819929
0.000008266667   1095.080571218463
0.000008400000   1094.649070296977
0.000008533333   1094.217647007479
0.000008666667   1093.786301301985
0.000008800000   1093.355033132518
0.000008933333   1092.923842451111
0.000009066667   1092.492729209805
0.000009200000   1092.061693360651
0.000009333333   1091.630734855706
0.000009466667   1091.199853647037
0.000009600000   1090.769049686721
0.000009733333   1090.338322926842
0.000009866667   1089.907673319494
0.000010000000   1089.477100816777
0.000010133333   1089.046605370801
0.000010266667   1088.616186933686
0.000010400000   1088.185845457560
0.000010533333   1087.755580894557
0.000010666667   1087.325393196822
0.000010800000   1086.895282316509
0.000010933333   1086.465248205778
0.000011066667   1086.035290816801
0.000011200000   1085.605410101755
0.000011333333   1085.175606012828
0.000011466667   1084.745878502217
0.000011600000   1084.316227522124
0.000011733333   1083.886653024763
0.000011866667   1083.457154962356
0.000012000000   1083.027733287131
0.000012133333   1082.598387951328
0.000012266667   1082.169118907193
0.000012400000   1081.739926106982
0.000012533333   1081.310809502957
0.000012666667   1080.881769047392
0.000012800000   1080.452804692568
0.000012933333   1080.023916390774
0.000013066667   1079.595104094307
0.000013200000   1079.166367755474
0.000013333333   1078.737707326590
0.000013466667   1078.309122759977
0.000013600000   1077.880614007968
0.000013733333   1077.452181022901
0.000013866667   1077.023823757126
0.000014000000   1076.595542163000
0.000014133333   1076.167336192888
0.000014266667   1075.739205799163
0.000014400000   1075.311150934208
0.000014533333   1074.883171550414
0.000014666667   1074.455267600179
0.000014800000   1074.027439035911
0.000014933333   1073.599685810025
0.000015066667   1073.172007874946
0.000015200000   1072.744405183106
0.000015333333   1072.316877686947
0.000015466667   1071.889425338917
0.000015600000   1071.462048091475
0.000015733333   1071.034745897086
0.000015866667   1070.607518708226
0.000016000000   1070.180366477376
0.000016133333   1069.753289157027
0.000016266667   1069.326286699681
0.000016400000   1068.899359057843
0.000016533333   1068.472506184031
0.000016666667   1068.045728030769
0.000016800000   1067.619024550589
0.000016933333   1067.192395696033
0.000017066667   1066.765841419649
0.000017200000   1066.339361673996
0.000017333333   1065.912956411641
0.000017466667   1065.486625585156
0.000017600000   1065.060369147125
0.000017733333   1064.634187050139
0.000017866667   1064.208079246797
0.000018000000   1063.782045689705
0.000018133333   1063.356086331481
0.000018266667   1062.930201124749
0.000018400000   1062.504390022139
0.000018533333   1062.078652976294
0.000018666667   1061.652989939861
0.000018800000   1061.227400865497
0.000018933333   1060.801885705868
0.000019066667   1060.376444413647
0.000019200000   1059.951076941516
0.000019333333   1059.525783242165
0.000019466667   1059.100563268291
0.000019600000   1058.675416972602
0.000019733333   1058.250344307811
0.000019866667   1057.825345226642
0.000020000000   1057.400419681824


0.000020000000   857.208531774864
0.000020666667   852.779475635397
0.000021333333   848.390871484545
0.000022000000   844.042381116780
0.000022666667   839.733669419165
0.000023333333   835.464404345518
0.000024000000   831.234256890813
0.000024666667   827.042901065816
0.000025333333   822.890013871955
0.000026000000   818.775275276414
0.000026666667   814.698368187463
0.000027333333   810.658978430012
0.000028000000   806.656794721391
0.000028666667   802.691508647348
0.000029333333   798.762814638276
0.000030000000   794.870409945653
0.000030666667   791.013994618701
0.000031333333   787.193271481264
0.000032000000   783.407946108896
0.000032666667   779.657726806161
0.000033333333   775.942324584148
0.000034000000   772.261453138188
0.000034666667   768.614828825784
0.000035333333   765.002170644742
0.000036000000   761.423200211508
0.000036666667   757.877641739708
0.000037333333   754.365222018881
0.000038000000   750.885670393422
0.000038666667   747.438718741712
0.000039333333   744.024101455449
0.000040000000   740.641555419168
0.000040666667   737.290819989961
0.000041333333   733.971636977380
0.000042000000   730.683750623531
0.000042666667   727.426907583356
0.000043333333   724.200856905107
0.000044000000   721.005350010991
0.000044666667   717.840140678011
0.000045333333   714.704985018982
0.000046000000   711.599641463728
0.000046666667   708.523870740460
0.000047333333   705.477435857327
0.000048000000   702.460102084147
0.000048666667   699.471636934308
0.000049333333   696.511810146848
0.000050000000   693.580393668700
0.000050666667   690.677161637113
0.000051333333   687.801890362235
0.000052000000   684.954358309872
0.000052666667   682.134346084406
0.000053333333   679.341636411881
0.000054000000   676.576014123256
0.000054666667   673.837266137808
0.000055333333   671.125181446715
0.000056000000   668.439551096780
0.000056666667   665.780168174325
0.000057333333   663.146827789240
0.000058000000   660.539327059185
0.000058666667   657.957465093949
0.000059333333   655.401042979964
0.000060000000   652.869863764967
0.000060666667   650.363732442820
0.000061333333   647.882455938469
0.000062000000   645.425843093068
0.000062666667   642.993704649234
0.000063333333   640.585853236459
0.000064000000   638.202103356666
0.000064666667   635.842271369905
0.000065333333   633.506175480197
0.000066000000   631.193635721520
0.000066666667   628.904473943929
0.000067333333   626.638513799829
0.000068000000   624.395580730372
0.000068666667   622.175501952005
0.000069333333   619.978106443147
0.000070000000   617.803224931004
0.000070666667   615.650689878516
0.000071333333   613.520335471448
0.000072000000   611.411997605600
0.000072666667   609.325513874155
0.000073333333   607.260723555166
0.000074000000   605.217467599154
0.000074666667   603.195588616854
0.000075333333   601.194930867081
0.000076000000   599.215340244716
0.000076666667   597.256664268833
0.000077333333   595.318752070940
0.000078000000   593.401454383347
0.000078666667   591.504623527660
0.000079333333   589.628113403395
0.000080000000   587.771779476714
0.000080666667   585.935478769280
0.000081333333   584.119069847240
0.000082000000   582.322412810314
0.000082666667   580.545369281016
0.000083333333   578.787802393978
0.000084000000   577.049576785407
0.000084666667   575.330558582642
0.000085333333   573.630615393836
0.000086000000   571.949616297749
0.000086666667   570.287431833656
0.000087333333   568.643933991363
0.000088000000   567.018996201340
0.000088666667   565.412493324961
0.000089333333   563.824301644860
0.000090000000   562.254298855392
0.000090666667   560.702364053198
0.000091333333   559.168377727894
0.000092000000   557.652221752848
0.000092666667   556.153779376078
0.000093333333   554.672935211249
0.000094000000   553.209575228781
0.000094666667   551.763586747049
0.000095333333   550.334858423708
0.000096000000   548.923280247097
0.000096666667   547.528743527767
0.000097333333   546.151140890094
0.000098000000   544.790366264006
0.000098666667   543.446314876805
0.000099333333   542.118883245087
0.000100000000   540.807969166764
0.000100666667   539.513471713188
0.000101333333   538.235291221366
0.000102000000   536.973329286278
0.000102666667   535.727488753292
0.000103333333   534.497673710671
0.000104000000   533.283789482179
0.000104666667   532.085742619784
0.000105333333   530.903440896452
0.000106000000   529.736793299037
0.000106666667   528.585710021262
0.000107333333   527.450102456801
0.000108000000   526.329883192443
0.000108666667   525.224966001352
0.000109333333   524.135265836423
0.000110000000   523.060698823725
0.000110666667   522.001182256032
0.000111333333   520.956634586446
0.000112000000   519.926975422115
0.000112666667   518.912125518030
0.000113333333   517.912006770919
0.000114000000   516.926542213222
0.000114666667   515.955656007162
0.000115333333   514.999273438894
0.000116000000   514.057320912744
0.000116666667   513.129725945542
0.000117333333   512.216417161025
0.000118000000   511.317324284342
0.000118666667   510.432378136629
0.000119333333   509.561510629681
0.000120000000   508.704654760701


0.000120000000   508.704654760701
0.000122500000   507.840947138642
0.000125000000   506.979490439430
0.000127500000   506.120273904582
0.000130000000   505.263286803799
0.000132500000   504.408518434838
0.000135000000   503.555958123368
0.000137500000   502.705595222842
0.000140000000   501.857419114359
0.000142500000   501.011419206534
0.000145000000   500.167584935361
0.000147500000   499.325905764081
0.000150000000   498.486371183050
0.000152500000   497.648970709606
0.000155000000   496.813693887937
0.000157500000   495.980530288951
0.000160000000   495.149469510139
0.000162500000   494.320501175451
0.000165000000   493.493614935162
0.000167500000   492.668800465739
0.000170000000   491.846047469718
0.000172500000   491.025345675565
0.000175000000   490.206684837557
0.000177500000   489.390054735641
0.000180000000   488.575445175318
0.000182500000   487.762845987504
0.000185000000   486.952247028409
0.000187500000   486.143638179404
0.000190000000   485.337009346898
0.000192500000   484.532350462207
0.000195000000   483.729651481431
0.000197500000   482.928902385324
0.000200000000   482.130093179170
0.000202500000   481.333213892656
0.000205000000   480.538254579748
0.000207500000   479.745205318563
0.000210000000   478.954056211247
0.000212500000   478.164797383847
0.000215000000   477.377418986192
0.000217500000   476.591911191763
0.000220000000   475.808264197571
0.000222500000   475.026468224038
0.000225000000   474.246513514866
0.000227500000   473.468390336923
0.000230000000   472.692088980112
0.000232500000   471.917599757253
0.000235000000   471.144913003963
0.000237500000   470.374019078529
0.000240000000   469.604908361792
0.000242500000   468.837571257021
0.000245000000   468.071998189796
0.000247500000   467.308179607887
0.000250000000   466.546105981129
0.000252500000   465.785767801310
0.000255000000   465.027155582045
0.000257500000   464.270259858659
0.000260000000   463.515071188065
0.000262500000   462.761580148653
0.000265000000   462.009777340160
0.000267500000   461.259653383561
0.000270000000   460.511198920947
0.000272500000   459.764404615408
0.000275000000   459.019261150915
0.000277500000   458.275759232202
0.000280000000   457.533889584650
0.000282500000   456.793642954172
0.000285000000   456.055010107094
0.000287500000   455.317981830037
0.000290000000   454.582548929807
0.000292500000   453.848702233275
0.000295000000   453.116432587259
0.000297500000   452.385730858417
0.000300000000   451.656587933125
0.000302500000   450.928994717363
0.000305000000   450.202942136605
0.000307500000   449.478421135699
0.000310000000   448.755422678758
0.000312500000   448.033937749044
0.000315000000   447.313957348852
0.000317500000   446.595472499404
0.000320000000   445.878474240728
0.000322500000   445.162953631549
0.000325000000   444.448901749177
0.000327500000   443.736309689395
0.000330000000   443.025168566344
0.000332500000   442.315469512414
0.000335000000   441.607203678131
0.000337500000   440.900362232047
0.000340000000   440.194936360626
0.000342500000   439.490917268138
0.000345000000   438.788296176543
0.000347500000   438.087064325386
0.000350000000   437.387212971680
0.000352500000   436.688733389802
0.000355000000   435.991616871382
0.000357500000   435.295854725190
0.000360000000   434.601438277031
0.000362500000   433.908358869632
0.000365000000   433.216607862539
0.000367500000   432.526176632000
0.000370000000   431.837056570863
0.000372500000   431.149239088465
0.000375000000   430.462715610526
0.000377500000   429.777477579039
0.000380000000   429.093516452161
0.000382500000   428.410823704112
0.000385000000   427.729390825058
0.000387500000   427.049209321014
0.000390000000   426.370270713730
0.000392500000   425.692566540588
0.000395000000   425.016088354494
0.000397500000   424.340827723771
0.000400000000   423.666776232056
0.000402500000   422.993925478192
0.000405000000   422.322267076122
0.000407500000   421.651792654784
0.000410000000   420.982493858006
0.000412500000   420.314362344402
0.000415000000   419.647389787265
0.000417500000   418.981567874462
0.000420000000   418.316888308333
0.000422500000   417.653342805582
0.000425000000   416.990923097176
0.000427500000   416.329620928242
0.000430000000   415.669428057959
0.000432500000   415.010336259456
0.000435000000   414.352337319713
0.000437500000   413.695423039451
0.000440000000   413.039585233031
0.000442500000   412.384815728356
0.000445000000   411.731106366760
0.000447500000   411.078449002913
0.000450000000   410.426835504712
0.000452500000   409.776257753185
0.000455000000   409.126707642384
0.000457500000   408.478177079285
0.000460000000   407.830657983689
0.000462500000   407.184142288113
0.000465000000   406.538621937698
0.000467500000   405.894088890099
0.000470000000   405.250535115390
0.000472500000   404.607952595960
0.000475000000   403.966333326415
0.000477500000   403.325669313472
0.000480000000   402.685952575866
0.000482500000   402.047175144243
0.000485000000   401.409329061063
0.000487500000   400.772406380499
0.000490000000   400.136399168340
0.000492500000   399.501299501885
0.000495000000   398.867099469851
0.000497500000   398.233791172267
0.000500000000   397.601366720379
0.000502500000   396.969818236549
0.000505000000   396.339137854157
0.000507500000   395.709317717499
0.000510000000   395.080349981693
0.000512500000   394.452226812579
0.000515000000   393.824940386616
0.000517500000   393.198482890792
0.000520000000   392.572846522516
0.000522500000   391.948023489530
0.000525000000   391.324006009802
0.000527500000   390.700786311436
0.000530000000   390.078356632567
0.000532500000   389.456709221270
0.000535000000   388.835836335459
0.000537500000   388.215730242789
0.000540000000   387.596383220561
0.000542500000   386.977787555625
0.000545000000   386.359935544282
0.000547500000   385.742819492186
0.000550000000   385.126431714250
0.000552500000   384.510764534548
0.000555000000   383.895810286220
0.000557500000   383.281561311370
0.000560000000   382.668009960980
0.000562500000   382.055148594804
0.000565000000   381.442969581277
0.000567500000   380.831465297418
0.000570000000   380.220628128735
0.000572500000   379.610450469128
0.000575000000   379.000924720795
0.000577500000   378.392043294135
0.000580000000   377.783798607652
0.000582500000   377.176183087863
0.000585000000   376.569189169201
0.000587500000   375.962809293918
0.000590000000   375.357035911993
0.000592500000   374.751861481035
0.000595000000   374.147278466192
0.000597500000   373.543279340049
0.000600000000   372.939856582543
0.000602500000   372.337002680859
0.000605000000   371.734710129343
0.000607500000   371.132971429404
0.000610000000   370.531779089421
0.000612500000   369.931125624647
0.000615000000   369.331003557119
0.000617500000   368.731405415559
0.000620000000   368.132323735284


